alpha 0.001,1,1,2,2,1,2
alpha 0.001,1,2,-1,1,2,1
alpha 0.001,1,3,-3,-2,3,-2
alpha 0.001,1,4,-7,-9,4,-9
alpha 0.001,1,5,-10,-19,5,-19
alpha 0.001,1,6,-10,-29,6,-29
alpha 0.001,1,7,-10,-39,7,-39
alpha 0.001,1,8,-10,-49,8,-49
alpha 0.001,1,9,-8,-57,9,-57
alpha 0.001,1,10,-8,-65,10,-65
alpha 0.001,1,11,-7,-72,11,-72
alpha 0.001,1,12,-7,-79,12,-79
alpha 0.001,1,13,-7,-86,13,-86
alpha 0.001,1,14,-7,-93,14,-93
alpha 0.001,1,15,-7,-100,15,-100
alpha 0.001,1,16,-7,-107,16,-107
alpha 0.001,1,17,-7,-114,17,-114
alpha 0.001,1,18,-8,-122,18,-122
alpha 0.001,1,19,-8,-130,19,-130
alpha 0.001,1,20,-10,-140,20,-140
alpha 0.001,1,21,-10,-150,21,-150
alpha 0.001,1,22,-10,-160,22,-160
alpha 0.001,1,23,-10,-170,23,-170
alpha 0.001,1,24,-10,-180,24,-180
alpha 0.001,1,25,-10,-190,25,-190
alpha 0.001,1,26,-10,-200,26,-200
alpha 0.001,1,27,-10,-210,27,-210
alpha 0.001,1,28,-10,-220,28,-220
alpha 0.001,1,29,-8,-228,29,-228
alpha 0.001,1,30,-8,-236,30,-236
alpha 0.001,1,31,-7,-243,31,-243
alpha 0.001,1,32,-7,-250,32,-250
alpha 0.001,1,33,-7,-257,33,-257
alpha 0.001,1,34,-7,-264,34,-264
alpha 0.001,1,35,-7,-271,35,-271
alpha 0.001,1,36,-7,-278,36,-278
alpha 0.001,1,37,-7,-285,37,-285
alpha 0.001,1,38,-7,-292,38,-292
alpha 0.001,1,39,-7,-299,39,-299
alpha 0.001,1,40,-7,-306,40,-306
alpha 0.001,1,41,-6,-312,41,-312
alpha 0.001,1,42,-6,-318,42,-318
alpha 0.001,1,43,-6,-324,43,-324
alpha 0.001,1,44,-5,-329,44,-329
alpha 0.001,1,45,-5,-334,45,-334
alpha 0.001,1,46,-5,-339,46,-339
alpha 0.001,1,47,-5,-344,47,-344
alpha 0.001,1,48,-5,-349,48,-349
alpha 0.001,1,49,-5,-354,49,-354
alpha 0.001,1,50,-5,-359,50,-359
alpha 0.001,1,51,-5,-364,51,-364
alpha 0.001,1,52,-5,-369,52,-369
alpha 0.001,1,53,-5,-374,53,-374
alpha 0.001,1,54,-6,-380,54,-380
alpha 0.001,1,55,-6,-386,55,-386
alpha 0.001,1,56,-7,-393,56,-393
alpha 0.001,1,57,-7,-400,57,-400
alpha 0.001,1,58,-7,-407,58,-407
alpha 0.001,1,59,-7,-414,59,-414
alpha 0.001,1,60,-7,-421,60,-421
alpha 0.001,1,61,-7,-428,61,-428
alpha 0.001,1,62,-7,-435,62,-435
alpha 0.001,1,63,-8,-443,63,-443
alpha 0.001,1,64,-8,-451,64,-451
alpha 0.001,1,65,-8,-459,65,-459
alpha 0.001,1,66,-8,-467,66,-467
alpha 0.001,1,67,-8,-475,67,-475
alpha 0.001,1,68,-10,-485,68,-485
alpha 0.001,1,69,-10,-495,69,-495
alpha 0.001,1,70,-10,-505,70,-505
alpha 0.001,1,71,-10,-515,71,-515
alpha 0.001,1,72,-10,-525,72,-525
alpha 0.001,1,73,-10,-535,73,-535
alpha 0.001,1,74,-10,-545,74,-545
alpha 0.001,1,75,-10,-555,75,-555
alpha 0.001,1,76,-10,-565,76,-565
alpha 0.001,1,77,-10,-575,77,-575
alpha 0.001,1,78,-10,-585,78,-585
alpha 0.001,1,79,-10,-595,79,-595
alpha 0.001,1,80,-10,-605,80,-605
alpha 0.001,1,81,-10,-615,81,-615
alpha 0.001,1,82,-10,-625,82,-625
alpha 0.001,1,83,-10,-635,83,-635
alpha 0.001,1,84,-10,-645,84,-645
alpha 0.001,1,85,-10,-655,85,-655
alpha 0.001,1,86,-10,-665,86,-665
alpha 0.001,1,87,-10,-675,87,-675
alpha 0.001,1,88,-10,-685,88,-685
alpha 0.001,1,89,-10,-695,89,-695
alpha 0.001,1,90,-10,-705,90,-705
alpha 0.001,1,91,-10,-715,91,-715
alpha 0.001,1,92,-10,-725,92,-725
alpha 0.001,1,93,-10,-735,93,-735
alpha 0.001,1,94,-10,-745,94,-745
alpha 0.001,1,95,-10,-755,95,-755
alpha 0.001,1,96,-10,-765,96,-765
alpha 0.001,1,97,-10,-775,97,-775
alpha 0.001,1,98,-10,-785,98,-785
alpha 0.001,1,99,-10,-795,99,-795
alpha 0.001,1,100,-10,-805,100,-805
alpha 0.001,1,101,-10,-815,101,-815
alpha 0.001,1,102,-10,-825,102,-825
alpha 0.001,1,103,-10,-835,103,-835
alpha 0.001,1,104,-10,-845,104,-845
alpha 0.001,1,105,-10,-855,105,-855
alpha 0.001,1,106,-10,-865,106,-865
alpha 0.001,1,107,-10,-875,107,-875
alpha 0.001,1,108,-10,-885,108,-885
alpha 0.001,1,109,-10,-895,109,-895
alpha 0.001,1,110,-10,-905,110,-905
alpha 0.001,1,111,-10,-915,111,-915
alpha 0.001,1,112,-10,-925,112,-925
alpha 0.001,1,113,-10,-935,113,-935
alpha 0.001,1,114,-10,-945,114,-945
alpha 0.001,1,115,-10,-955,115,-955
alpha 0.001,1,116,-10,-965,116,-965
alpha 0.001,1,117,-10,-975,117,-975
alpha 0.001,1,118,-10,-985,118,-985
alpha 0.001,1,119,-8,-993,119,-993
alpha 0.001,1,120,-10,-1003,120,-1003
alpha 0.001,1,121,-10,-1013,121,-1013
alpha 0.001,1,122,-8,-1021,122,-1021
alpha 0.001,1,123,-8,-1029,123,-1029
alpha 0.001,1,124,-8,-1037,124,-1037
alpha 0.001,1,125,-8,-1045,125,-1045
alpha 0.001,1,126,-8,-1053,126,-1053
alpha 0.001,1,127,-7,-1060,127,-1060
alpha 0.001,1,128,-7,-1067,128,-1067
alpha 0.001,1,129,-7,-1074,129,-1074
alpha 0.001,1,130,-5,-1079,130,-1079
alpha 0.001,1,131,-5,-1084,131,-1084
alpha 0.001,1,132,-7,-1091,132,-1091
alpha 0.001,1,133,-7,-1098,133,-1098
alpha 0.001,1,134,-7,-1105,134,-1105
alpha 0.001,1,135,-6,-1111,135,-1111
alpha 0.001,1,136,-4,-1115,136,-1115
alpha 0.001,1,137,-4,-1119,137,-1119
alpha 0.001,1,138,-5,-1124,138,-1124
alpha 0.001,1,139,-5,-1129,139,-1129
alpha 0.001,1,140,-5,-1134,140,-1134
alpha 0.001,1,141,-3,-1137,141,-1137
alpha 0.001,1,142,-3,-1140,142,-1140
alpha 0.001,1,143,-2,-1142,143,-1142
alpha 0.001,1,144,-2,-1144,144,-1144
alpha 0.001,1,145,-2,-1146,145,-1146
alpha 0.001,1,146,-2,-1148,146,-1148
alpha 0.001,1,147,-2,-1150,147,-1150
alpha 0.001,1,148,-2,-1152,148,-1152
alpha 0.001,1,149,-2,-1154,149,-1154
alpha 0.001,1,150,-2,-1156,150,-1156
alpha 0.001,1,151,-2,-1158,151,-1158
alpha 0.001,1,152,-2,-1160,152,-1160
alpha 0.001,1,153,-3,-1163,153,-1163
alpha 0.001,1,154,-4,-1167,154,-1167
alpha 0.001,1,155,-2,-1169,155,-1169
alpha 0.001,1,156,-2,-1171,156,-1171
alpha 0.001,1,157,-2,-1173,157,-1173
alpha 0.001,1,158,-2,-1175,158,-1175
alpha 0.001,1,159,-2,-1177,159,-1177
alpha 0.001,1,160,1,-1176,160,-1176
alpha 0.001,1,161,1,-1175,161,-1175
alpha 0.001,1,162,2,-1173,162,-1173
alpha 0.001,1,163,2,-1171,163,-1171
alpha 0.001,1,164,-3,-1174,164,-1174
alpha 0.001,1,165,-5,-1179,165,-1179
alpha 0.001,1,166,-5,-1184,166,-1184
alpha 0.001,1,167,-5,-1189,167,-1189
alpha 0.001,1,168,-5,-1194,168,-1194
alpha 0.001,1,169,-4,-1198,169,-1198
alpha 0.001,1,170,-4,-1202,170,-1202
alpha 0.001,1,171,-4,-1206,171,-1206
alpha 0.001,1,172,-4,-1210,172,-1210
alpha 0.001,1,173,-4,-1214,173,-1214
alpha 0.001,1,174,-4,-1218,174,-1218
alpha 0.001,1,175,-4,-1222,175,-1222
alpha 0.001,1,176,-4,-1226,176,-1226
alpha 0.001,1,177,-4,-1230,177,-1230
alpha 0.001,1,178,-4,-1234,178,-1234
alpha 0.001,1,179,-4,-1238,179,-1238
alpha 0.001,1,180,-4,-1242,180,-1242
alpha 0.001,1,181,-4,-1246,181,-1246
alpha 0.001,1,182,-4,-1250,182,-1250
alpha 0.001,1,183,-5,-1255,183,-1255
alpha 0.001,1,184,-5,-1260,184,-1260
alpha 0.001,1,185,-5,-1265,185,-1265
alpha 0.001,1,186,-5,-1270,186,-1270
alpha 0.001,1,187,-5,-1275,187,-1275
alpha 0.001,1,188,-5,-1280,188,-1280
alpha 0.001,1,189,-6,-1286,189,-1286
alpha 0.001,1,190,-6,-1292,190,-1292
alpha 0.001,1,191,-6,-1298,191,-1298
alpha 0.001,1,192,-6,-1304,192,-1304
alpha 0.001,1,193,-6,-1310,193,-1310
alpha 0.001,1,194,-6,-1316,194,-1316
alpha 0.001,1,195,-6,-1322,195,-1322
alpha 0.001,1,196,-8,-1330,196,-1330
alpha 0.001,1,197,-8,-1338,197,-1338
alpha 0.001,1,198,-8,-1346,198,-1346
alpha 0.001,1,199,-8,-1354,199,-1354
alpha 0.001,1,200,-8,-1362,200,-1362
alpha 0.001,1,201,-8,-1370,201,-1370
alpha 0.001,1,202,-8,-1378,202,-1378
alpha 0.001,1,203,-10,-1388,203,-1388
alpha 0.001,1,204,-10,-1398,204,-1398
alpha 0.001,1,205,-10,-1408,205,-1408
alpha 0.001,1,206,-10,-1418,206,-1418
alpha 0.001,1,207,-10,-1428,207,-1428
alpha 0.001,1,208,-10,-1438,208,-1438
alpha 0.001,1,209,-10,-1448,209,-1448
alpha 0.001,1,210,-10,-1458,210,-1458
alpha 0.001,1,211,-10,-1468,211,-1468
alpha 0.001,1,212,-10,-1478,212,-1478
alpha 0.001,1,213,-10,-1488,213,-1488
alpha 0.001,1,214,-10,-1498,214,-1498
alpha 0.001,1,215,-10,-1508,215,-1508
alpha 0.001,1,216,-10,-1518,216,-1518
alpha 0.001,1,217,-10,-1528,217,-1528
alpha 0.001,1,218,-10,-1538,218,-1538
alpha 0.001,1,219,-10,-1548,219,-1548
alpha 0.001,1,220,-10,-1558,220,-1558
alpha 0.001,1,221,-10,-1568,221,-1568
alpha 0.001,1,222,-10,-1578,222,-1578
alpha 0.001,1,223,-10,-1588,223,-1588
alpha 0.001,1,224,-10,-1598,224,-1598
alpha 0.001,1,225,-10,-1608,225,-1608
alpha 0.001,1,226,-10,-1618,226,-1618
alpha 0.001,1,227,-10,-1628,227,-1628
alpha 0.001,1,228,-10,-1638,228,-1638
alpha 0.001,1,229,-10,-1648,229,-1648
alpha 0.001,1,230,-10,-1658,230,-1658
alpha 0.001,1,231,-10,-1668,231,-1668
alpha 0.001,1,232,-10,-1678,232,-1678
alpha 0.001,1,233,-10,-1688,233,-1688
alpha 0.001,1,234,-10,-1698,234,-1698
alpha 0.001,1,235,-10,-1708,235,-1708
alpha 0.001,1,236,-10,-1718,236,-1718
alpha 0.001,1,237,-10,-1728,237,-1728
alpha 0.001,1,238,-10,-1738,238,-1738
alpha 0.001,1,239,-10,-1748,239,-1748
alpha 0.001,1,240,-10,-1758,240,-1758
alpha 0.001,1,241,-10,-1768,241,-1768
alpha 0.001,1,242,-10,-1778,242,-1778
alpha 0.001,1,243,-10,-1788,243,-1788
alpha 0.001,1,244,-10,-1798,244,-1798
alpha 0.001,1,245,-10,-1808,245,-1808
alpha 0.001,1,246,-8,-1816,246,-1816
alpha 0.001,1,247,-8,-1824,247,-1824
alpha 0.001,1,248,-8,-1832,248,-1832
alpha 0.001,1,249,-8,-1840,249,-1840
alpha 0.001,1,250,-8,-1848,250,-1848
alpha 0.001,1,251,-8,-1856,251,-1856
alpha 0.001,1,252,-8,-1864,252,-1864
alpha 0.001,1,253,-8,-1872,253,-1872
alpha 0.001,1,254,-8,-1880,254,-1880
alpha 0.001,1,255,-8,-1888,255,-1888
alpha 0.001,1,256,-8,-1896,256,-1896
alpha 0.001,1,257,-7,-1903,257,-1903
alpha 0.001,1,258,-7,-1910,258,-1910
alpha 0.001,1,259,-7,-1917,259,-1917
alpha 0.001,1,260,-7,-1924,260,-1924
alpha 0.001,1,261,-7,-1931,261,-1931
alpha 0.001,1,262,-7,-1938,262,-1938
alpha 0.001,1,263,-7,-1945,263,-1945
alpha 0.001,1,264,-7,-1952,264,-1952
alpha 0.001,1,265,-7,-1959,265,-1959
alpha 0.001,1,266,-7,-1966,266,-1966
alpha 0.001,1,267,-6,-1972,267,-1972
alpha 0.001,1,268,-6,-1978,268,-1978
alpha 0.001,1,269,-6,-1984,269,-1984
alpha 0.001,1,270,-5,-1989,270,-1989
alpha 0.001,1,271,-5,-1994,271,-1994
alpha 0.001,1,272,-5,-1999,272,-1999
alpha 0.001,1,273,-5,-2004,273,-2004
alpha 0.001,1,274,-5,-2009,274,-2009
alpha 0.001,1,275,-5,-2014,275,-2014
alpha 0.001,1,276,-5,-2019,276,-2019
alpha 0.001,1,277,-5,-2024,277,-2024
alpha 0.001,1,278,-5,-2029,278,-2029
alpha 0.001,1,279,-5,-2034,279,-2034
alpha 0.001,1,280,-5,-2039,280,-2039
alpha 0.001,1,281,-5,-2044,281,-2044
alpha 0.001,1,282,-6,-2050,282,-2050
alpha 0.001,1,283,-6,-2056,283,-2056
alpha 0.001,1,284,-6,-2062,284,-2062
alpha 0.001,1,285,-6,-2068,285,-2068
alpha 0.001,1,286,-7,-2075,286,-2075
alpha 0.001,1,287,-7,-2082,287,-2082
alpha 0.001,1,288,-7,-2089,288,-2089
alpha 0.001,1,289,-7,-2096,289,-2096
alpha 0.001,1,290,-7,-2103,290,-2103
alpha 0.001,1,291,-7,-2110,291,-2110
alpha 0.001,1,292,-7,-2117,292,-2117
alpha 0.001,1,293,-7,-2124,293,-2124
alpha 0.001,1,294,-7,-2131,294,-2131
alpha 0.001,1,295,-7,-2138,295,-2138
alpha 0.001,1,296,-7,-2145,296,-2145
alpha 0.001,1,297,-7,-2152,297,-2152
alpha 0.001,1,298,-7,-2159,298,-2159
alpha 0.001,1,299,-7,-2166,299,-2166
alpha 0.001,1,300,-7,-2173,300,-2173
alpha 0.001,1,301,-8,-2181,301,-2181
alpha 0.001,1,302,-8,-2189,302,-2189
alpha 0.001,1,303,-8,-2197,303,-2197
alpha 0.001,1,304,-8,-2205,304,-2205
alpha 0.001,1,305,-8,-2213,305,-2213
alpha 0.001,1,306,-8,-2221,306,-2221
alpha 0.001,1,307,-8,-2229,307,-2229
alpha 0.001,1,308,-8,-2237,308,-2237
alpha 0.001,1,309,-8,-2245,309,-2245
alpha 0.001,1,310,-8,-2253,310,-2253
alpha 0.001,1,311,-8,-2261,311,-2261
alpha 0.001,1,312,-10,-2271,312,-2271
alpha 0.001,1,313,-10,-2281,313,-2281
alpha 0.001,1,314,-10,-2291,314,-2291
alpha 0.001,1,315,-10,-2301,315,-2301
alpha 0.001,1,316,-10,-2311,316,-2311
alpha 0.001,1,317,-10,-2321,317,-2321
alpha 0.001,1,318,-10,-2331,318,-2331
alpha 0.001,1,319,-10,-2341,319,-2341
alpha 0.001,1,320,-10,-2351,320,-2351
alpha 0.001,1,321,-10,-2361,321,-2361
alpha 0.001,1,322,-10,-2371,322,-2371
alpha 0.001,1,323,-10,-2381,323,-2381
alpha 0.001,1,324,-10,-2391,324,-2391
alpha 0.001,1,325,-10,-2401,325,-2401
alpha 0.001,1,326,-10,-2411,326,-2411
alpha 0.001,1,327,-10,-2421,327,-2421
alpha 0.001,1,328,-10,-2431,328,-2431
alpha 0.001,1,329,-10,-2441,329,-2441
alpha 0.001,1,330,-10,-2451,330,-2451
alpha 0.001,1,331,-10,-2461,331,-2461
alpha 0.001,1,332,-10,-2471,332,-2471
alpha 0.001,1,333,-10,-2481,333,-2481
alpha 0.001,1,334,-10,-2491,334,-2491
alpha 0.001,1,335,-10,-2501,335,-2501
alpha 0.001,1,336,-10,-2511,336,-2511
alpha 0.001,1,337,-10,-2521,337,-2521
alpha 0.001,1,338,-10,-2531,338,-2531
alpha 0.001,1,339,-10,-2541,339,-2541
alpha 0.001,1,340,-10,-2551,340,-2551
alpha 0.001,1,341,-10,-2561,341,-2561
alpha 0.001,1,342,-10,-2571,342,-2571
alpha 0.001,1,343,-10,-2581,343,-2581
alpha 0.001,1,344,-10,-2591,344,-2591
alpha 0.001,1,345,-10,-2601,345,-2601
alpha 0.001,1,346,-10,-2611,346,-2611
alpha 0.001,1,347,-10,-2621,347,-2621
alpha 0.001,1,348,-10,-2631,348,-2631
alpha 0.001,1,349,-10,-2641,349,-2641
alpha 0.001,1,350,-8,-2649,350,-2649
alpha 0.001,1,351,-8,-2657,351,-2657
alpha 0.001,1,352,-8,-2665,352,-2665
alpha 0.001,1,353,-8,-2673,353,-2673
alpha 0.001,1,354,-8,-2681,354,-2681
alpha 0.001,1,355,-8,-2689,355,-2689
alpha 0.001,1,356,-6,-2695,356,-2695
alpha 0.001,1,357,-6,-2701,357,-2701
alpha 0.001,1,358,-6,-2707,358,-2707
alpha 0.001,1,359,-6,-2713,359,-2713
alpha 0.001,1,360,-6,-2719,360,-2719
alpha 0.001,1,361,-6,-2725,361,-2725
alpha 0.001,1,362,-6,-2731,362,-2731
alpha 0.001,1,363,-6,-2737,363,-2737
alpha 0.001,1,364,-6,-2743,364,-2743
alpha 0.001,1,365,-6,-2749,365,-2749
alpha 0.001,1,366,-5,-2754,366,-2754
alpha 0.001,1,367,-5,-2759,367,-2759
alpha 0.001,1,368,-5,-2764,368,-2764
alpha 0.001,1,369,-5,-2769,369,-2769
alpha 0.001,1,370,-5,-2774,370,-2774
alpha 0.001,1,371,-5,-2779,371,-2779
alpha 0.001,1,372,-5,-2784,372,-2784
alpha 0.001,1,373,-5,-2789,373,-2789
alpha 0.001,1,374,-5,-2794,374,-2794
alpha 0.001,1,375,-5,-2799,375,-2799
alpha 0.001,1,376,-5,-2804,376,-2804
alpha 0.001,1,377,-5,-2809,377,-2809
alpha 0.001,1,378,-5,-2814,378,-2814
alpha 0.001,1,379,-3,-2817,379,-2817
alpha 0.001,1,380,-3,-2820,380,-2820
alpha 0.001,1,381,-3,-2823,381,-2823
alpha 0.001,1,382,-3,-2826,382,-2826
alpha 0.001,1,383,-3,-2829,383,-2829
alpha 0.001,1,384,-3,-2832,384,-2832
alpha 0.001,1,385,-2,-2834,385,-2834
alpha 0.001,1,386,-2,-2836,386,-2836
alpha 0.001,1,387,-2,-2838,387,-2838
alpha 0.001,1,388,-2,-2840,388,-2840
alpha 0.001,1,389,-3,-2843,389,-2843
alpha 0.001,1,390,-3,-2846,390,-2846
alpha 0.001,1,391,-3,-2849,391,-2849
alpha 0.001,1,392,-3,-2852,392,-2852
alpha 0.001,1,393,-3,-2855,393,-2855
alpha 0.001,1,394,-3,-2858,394,-2858
alpha 0.001,1,395,-3,-2861,395,-2861
alpha 0.001,1,396,-2,-2863,396,-2863
alpha 0.001,1,397,-2,-2865,397,-2865
alpha 0.001,1,398,-2,-2867,398,-2867
alpha 0.001,1,399,-2,-2869,399,-2869
alpha 0.001,1,400,-2,-2871,400,-2871
alpha 0.001,1,401,-3,-2874,401,-2874
alpha 0.001,1,402,-3,-2877,402,-2877
alpha 0.001,1,403,-2,-2879,403,-2879
alpha 0.001,1,404,-2,-2881,404,-2881
alpha 0.001,1,405,-2,-2883,405,-2883
alpha 0.001,1,406,-2,-2885,406,-2885
alpha 0.001,1,407,-2,-2887,407,-2887
alpha 0.001,1,408,-2,-2889,408,-2889
alpha 0.001,1,409,-2,-2891,409,-2891
alpha 0.001,1,410,-2,-2893,410,-2893
alpha 0.001,1,411,-3,-2896,411,-2896
alpha 0.001,1,412,-3,-2899,412,-2899
alpha 0.001,1,413,-3,-2902,413,-2902
alpha 0.001,1,414,-3,-2905,414,-2905
alpha 0.001,1,415,-1,-2906,415,-2906
alpha 0.001,1,416,1,-2905,416,-2905
alpha 0.001,1,417,1,-2904,417,-2904
alpha 0.001,1,418,-1,-2905,418,-2905
alpha 0.001,1,419,1,-2904,419,-2904
alpha 0.001,1,420,1,-2903,420,-2903
alpha 0.001,1,421,-2,-2905,421,-2905
alpha 0.001,1,422,-1,-2906,422,-2906
alpha 0.001,1,423,1,-2905,423,-2905
alpha 0.001,1,424,1,-2904,424,-2904
alpha 0.001,1,425,2,-2902,425,-2902
alpha 0.001,1,426,1,-2901,426,-2901
alpha 0.001,1,427,-2,-2903,427,-2903
alpha 0.001,1,428,-2,-2905,428,-2905
alpha 0.001,1,429,-2,-2907,429,-2907
alpha 0.001,1,430,-2,-2909,430,-2909
alpha 0.001,1,431,-3,-2912,431,-2912
alpha 0.001,1,432,-5,-2917,432,-2917
alpha 0.001,1,433,-3,-2920,433,-2920
alpha 0.001,1,434,-2,-2922,434,-2922
alpha 0.001,1,435,-2,-2924,435,-2924
alpha 0.001,1,436,-2,-2926,436,-2926
alpha 0.001,1,437,-2,-2928,437,-2928
alpha 0.001,1,438,-2,-2930,438,-2930
alpha 0.001,1,439,-3,-2933,439,-2933
alpha 0.001,1,440,-3,-2936,440,-2936
alpha 0.001,1,441,-4,-2940,441,-2940
alpha 0.001,1,442,-4,-2944,442,-2944
alpha 0.001,1,443,-3,-2947,443,-2947
alpha 0.001,1,444,2,-2945,444,-2945
alpha 0.001,1,445,1,-2944,445,-2944
alpha 0.001,1,446,1,-2943,446,-2943
alpha 0.001,1,447,-1,-2944,447,-2944
alpha 0.001,1,448,-2,-2946,448,-2946
alpha 0.001,1,449,-2,-2948,449,-2948
alpha 0.001,1,450,-3,-2951,450,-2951
alpha 0.001,1,451,-3,-2954,451,-2954
alpha 0.001,1,452,-3,-2957,452,-2957
alpha 0.001,1,453,-3,-2960,453,-2960
alpha 0.001,1,454,-3,-2963,454,-2963
alpha 0.001,1,455,-3,-2966,455,-2966
alpha 0.001,1,456,-3,-2969,456,-2969
alpha 0.001,1,457,-2,-2971,457,-2971
alpha 0.001,1,458,-3,-2974,458,-2974
alpha 0.001,1,459,-3,-2977,459,-2977
alpha 0.001,1,460,-3,-2980,460,-2980
alpha 0.001,1,461,-4,-2984,461,-2984
alpha 0.001,1,462,-5,-2989,462,-2989
alpha 0.001,1,463,-5,-2994,463,-2994
alpha 0.001,1,464,-5,-2999,464,-2999
alpha 0.001,1,465,-5,-3004,465,-3004
alpha 0.001,1,466,-5,-3009,466,-3009
alpha 0.001,1,467,-5,-3014,467,-3014
alpha 0.001,1,468,-5,-3019,468,-3019
alpha 0.001,1,469,-5,-3024,469,-3024
alpha 0.001,1,470,-5,-3029,470,-3029
alpha 0.001,1,471,-5,-3034,471,-3034
alpha 0.001,1,472,-5,-3039,472,-3039
alpha 0.001,1,473,-5,-3044,473,-3044
alpha 0.001,1,474,-5,-3049,474,-3049
alpha 0.001,1,475,-5,-3054,475,-3054
alpha 0.001,1,476,-5,-3059,476,-3059
alpha 0.001,1,477,-5,-3064,477,-3064
alpha 0.001,1,478,-5,-3069,478,-3069
alpha 0.001,1,479,-5,-3074,479,-3074
alpha 0.001,1,480,-5,-3079,480,-3079
alpha 0.001,1,481,-5,-3084,481,-3084
alpha 0.001,1,482,-5,-3089,482,-3089
alpha 0.001,1,483,-5,-3094,483,-3094
alpha 0.001,1,484,-5,-3099,484,-3099
alpha 0.001,1,485,-5,-3104,485,-3104
alpha 0.001,1,486,-5,-3109,486,-3109
alpha 0.001,1,487,-5,-3114,487,-3114
alpha 0.001,1,488,-5,-3119,488,-3119
alpha 0.001,1,489,-5,-3124,489,-3124
alpha 0.001,1,490,-7,-3131,490,-3131
alpha 0.001,1,491,-7,-3138,491,-3138
alpha 0.001,1,492,-7,-3145,492,-3145
alpha 0.001,1,493,-7,-3152,493,-3152
alpha 0.001,1,494,-7,-3159,494,-3159
alpha 0.001,1,495,-7,-3166,495,-3166
alpha 0.001,1,496,-7,-3173,496,-3173
alpha 0.001,1,497,-7,-3180,497,-3180
alpha 0.001,1,498,-7,-3187,498,-3187
alpha 0.001,1,499,-7,-3194,499,-3194
alpha 0.001,1,500,-7,-3201,500,-3201
alpha 0.001,1,1,2,2,1,2
alpha 0.001,1,2,-1,1,2,1
alpha 0.001,1,3,-3,-2,3,-2
alpha 0.001,1,4,-7,-9,4,-9
alpha 0.001,1,5,-10,-19,5,-19
alpha 0.001,1,6,-10,-29,6,-29
alpha 0.001,1,7,-10,-39,7,-39
alpha 0.001,1,8,-10,-49,8,-49
alpha 0.001,1,9,-8,-57,9,-57
alpha 0.001,1,10,-8,-65,10,-65
alpha 0.001,1,11,-7,-72,11,-72
alpha 0.001,1,12,-7,-79,12,-79
alpha 0.001,1,13,-7,-86,13,-86
alpha 0.001,1,14,-7,-93,14,-93
alpha 0.001,1,15,-7,-100,15,-100
alpha 0.001,1,16,-7,-107,16,-107
alpha 0.001,1,17,-7,-114,17,-114
alpha 0.001,1,18,-8,-122,18,-122
alpha 0.001,1,19,-8,-130,19,-130
alpha 0.001,1,20,-10,-140,20,-140
alpha 0.001,1,21,-10,-150,21,-150
alpha 0.001,1,22,-10,-160,22,-160
alpha 0.001,1,23,-10,-170,23,-170
alpha 0.001,1,24,-10,-180,24,-180
alpha 0.001,1,25,-10,-190,25,-190
alpha 0.001,1,26,-10,-200,26,-200
alpha 0.001,1,27,-10,-210,27,-210
alpha 0.001,1,28,-10,-220,28,-220
alpha 0.001,1,29,-8,-228,29,-228
alpha 0.001,1,30,-8,-236,30,-236
alpha 0.001,1,31,-7,-243,31,-243
alpha 0.001,1,32,-7,-250,32,-250
alpha 0.001,1,33,-7,-257,33,-257
alpha 0.001,1,34,-7,-264,34,-264
alpha 0.001,1,35,-7,-271,35,-271
alpha 0.001,1,36,-7,-278,36,-278
alpha 0.001,1,37,-7,-285,37,-285
alpha 0.001,1,38,-7,-292,38,-292
alpha 0.001,1,39,-7,-299,39,-299
alpha 0.001,1,40,-7,-306,40,-306
alpha 0.001,1,41,-6,-312,41,-312
alpha 0.001,1,42,-6,-318,42,-318
alpha 0.001,1,43,-6,-324,43,-324
alpha 0.001,1,44,-5,-329,44,-329
alpha 0.001,1,45,-5,-334,45,-334
alpha 0.001,1,46,-5,-339,46,-339
alpha 0.001,1,47,-5,-344,47,-344
alpha 0.001,1,48,-5,-349,48,-349
alpha 0.001,1,49,-5,-354,49,-354
alpha 0.001,1,50,-5,-359,50,-359
alpha 0.001,1,51,-5,-364,51,-364
alpha 0.001,1,52,-5,-369,52,-369
alpha 0.001,1,53,-5,-374,53,-374
alpha 0.001,1,54,-6,-380,54,-380
alpha 0.001,1,55,-6,-386,55,-386
alpha 0.001,1,56,-7,-393,56,-393
alpha 0.001,1,57,-7,-400,57,-400
alpha 0.001,1,58,-7,-407,58,-407
alpha 0.001,1,59,-7,-414,59,-414
alpha 0.001,1,60,-7,-421,60,-421
alpha 0.001,1,61,-7,-428,61,-428
alpha 0.001,1,62,-7,-435,62,-435
alpha 0.001,1,63,-8,-443,63,-443
alpha 0.001,1,64,-8,-451,64,-451
alpha 0.001,1,65,-8,-459,65,-459
alpha 0.001,1,66,-8,-467,66,-467
alpha 0.001,1,67,-8,-475,67,-475
alpha 0.001,1,68,-10,-485,68,-485
alpha 0.001,1,69,-10,-495,69,-495
alpha 0.001,1,70,-10,-505,70,-505
alpha 0.001,1,71,-10,-515,71,-515
alpha 0.001,1,72,-10,-525,72,-525
alpha 0.001,1,73,-10,-535,73,-535
alpha 0.001,1,74,-10,-545,74,-545
alpha 0.001,1,75,-10,-555,75,-555
alpha 0.001,1,76,-10,-565,76,-565
alpha 0.001,1,77,-10,-575,77,-575
alpha 0.001,1,78,-10,-585,78,-585
alpha 0.001,1,79,-10,-595,79,-595
alpha 0.001,1,80,-10,-605,80,-605
alpha 0.001,1,81,-10,-615,81,-615
alpha 0.001,1,82,-10,-625,82,-625
alpha 0.001,1,83,-10,-635,83,-635
alpha 0.001,1,84,-10,-645,84,-645
alpha 0.001,1,85,-10,-655,85,-655
alpha 0.001,1,86,-10,-665,86,-665
alpha 0.001,1,87,-10,-675,87,-675
alpha 0.001,1,88,-10,-685,88,-685
alpha 0.001,1,89,-10,-695,89,-695
alpha 0.001,1,90,-10,-705,90,-705
alpha 0.001,1,91,-10,-715,91,-715
alpha 0.001,1,92,-10,-725,92,-725
alpha 0.001,1,93,-10,-735,93,-735
alpha 0.001,1,94,-10,-745,94,-745
alpha 0.001,1,95,-10,-755,95,-755
alpha 0.001,1,96,-10,-765,96,-765
alpha 0.001,1,97,-10,-775,97,-775
alpha 0.001,1,98,-10,-785,98,-785
alpha 0.001,1,99,-10,-795,99,-795
alpha 0.001,1,100,-10,-805,100,-805
alpha 0.001,1,101,-10,-815,101,-815
alpha 0.001,1,102,-10,-825,102,-825
alpha 0.001,1,103,-10,-835,103,-835
alpha 0.001,1,104,-10,-845,104,-845
alpha 0.001,1,105,-10,-855,105,-855
alpha 0.001,1,106,-10,-865,106,-865
alpha 0.001,1,107,-10,-875,107,-875
alpha 0.001,1,108,-10,-885,108,-885
alpha 0.001,1,109,-10,-895,109,-895
alpha 0.001,1,110,-10,-905,110,-905
alpha 0.001,1,111,-10,-915,111,-915
alpha 0.001,1,112,-10,-925,112,-925
alpha 0.001,1,113,-10,-935,113,-935
alpha 0.001,1,114,-10,-945,114,-945
alpha 0.001,1,115,-10,-955,115,-955
alpha 0.001,1,116,-10,-965,116,-965
alpha 0.001,1,117,-10,-975,117,-975
alpha 0.001,1,118,-10,-985,118,-985
alpha 0.001,1,119,-8,-993,119,-993
alpha 0.001,1,120,-10,-1003,120,-1003
alpha 0.001,1,121,-10,-1013,121,-1013
alpha 0.001,1,122,-8,-1021,122,-1021
alpha 0.001,1,123,-8,-1029,123,-1029
alpha 0.001,1,124,-8,-1037,124,-1037
alpha 0.001,1,125,-8,-1045,125,-1045
alpha 0.001,1,126,-8,-1053,126,-1053
alpha 0.001,1,127,-7,-1060,127,-1060
alpha 0.001,1,128,-7,-1067,128,-1067
alpha 0.001,1,129,-7,-1074,129,-1074
alpha 0.001,1,130,-5,-1079,130,-1079
alpha 0.001,1,131,-5,-1084,131,-1084
alpha 0.001,1,132,-7,-1091,132,-1091
alpha 0.001,1,133,-7,-1098,133,-1098
alpha 0.001,1,134,-7,-1105,134,-1105
alpha 0.001,1,135,-6,-1111,135,-1111
alpha 0.001,1,136,-4,-1115,136,-1115
alpha 0.001,1,137,-4,-1119,137,-1119
alpha 0.001,1,138,-5,-1124,138,-1124
alpha 0.001,1,139,-5,-1129,139,-1129
alpha 0.001,1,140,-5,-1134,140,-1134
alpha 0.001,1,141,-3,-1137,141,-1137
alpha 0.001,1,142,-3,-1140,142,-1140
alpha 0.001,1,143,-2,-1142,143,-1142
alpha 0.001,1,144,-2,-1144,144,-1144
alpha 0.001,1,145,-2,-1146,145,-1146
alpha 0.001,1,146,-2,-1148,146,-1148
alpha 0.001,1,147,-2,-1150,147,-1150
alpha 0.001,1,148,-2,-1152,148,-1152
alpha 0.001,1,149,-2,-1154,149,-1154
alpha 0.001,1,150,-2,-1156,150,-1156
alpha 0.001,1,151,-2,-1158,151,-1158
alpha 0.001,1,152,-2,-1160,152,-1160
alpha 0.001,1,153,-3,-1163,153,-1163
alpha 0.001,1,154,-4,-1167,154,-1167
alpha 0.001,1,155,-2,-1169,155,-1169
alpha 0.001,1,156,-2,-1171,156,-1171
alpha 0.001,1,157,-2,-1173,157,-1173
alpha 0.001,1,158,-2,-1175,158,-1175
alpha 0.001,1,159,-2,-1177,159,-1177
alpha 0.001,1,160,1,-1176,160,-1176
alpha 0.001,1,161,1,-1175,161,-1175
alpha 0.001,1,162,2,-1173,162,-1173
alpha 0.001,1,163,2,-1171,163,-1171
alpha 0.001,1,164,-3,-1174,164,-1174
alpha 0.001,1,165,-5,-1179,165,-1179
alpha 0.001,1,166,-5,-1184,166,-1184
alpha 0.001,1,167,-5,-1189,167,-1189
alpha 0.001,1,168,-5,-1194,168,-1194
alpha 0.001,1,169,-4,-1198,169,-1198
alpha 0.001,1,170,-4,-1202,170,-1202
alpha 0.001,1,171,-4,-1206,171,-1206
alpha 0.001,1,172,-4,-1210,172,-1210
alpha 0.001,1,173,-4,-1214,173,-1214
alpha 0.001,1,174,-4,-1218,174,-1218
alpha 0.001,1,175,-4,-1222,175,-1222
alpha 0.001,1,176,-4,-1226,176,-1226
alpha 0.001,1,177,-4,-1230,177,-1230
alpha 0.001,1,178,-4,-1234,178,-1234
alpha 0.001,1,179,-4,-1238,179,-1238
alpha 0.001,1,180,-4,-1242,180,-1242
alpha 0.001,1,181,-4,-1246,181,-1246
alpha 0.001,1,182,-4,-1250,182,-1250
alpha 0.001,1,183,-5,-1255,183,-1255
alpha 0.001,1,184,-5,-1260,184,-1260
alpha 0.001,1,185,-5,-1265,185,-1265
alpha 0.001,1,186,-5,-1270,186,-1270
alpha 0.001,1,187,-5,-1275,187,-1275
alpha 0.001,1,188,-5,-1280,188,-1280
alpha 0.001,1,189,-6,-1286,189,-1286
alpha 0.001,1,190,-6,-1292,190,-1292
alpha 0.001,1,191,-6,-1298,191,-1298
alpha 0.001,1,192,-6,-1304,192,-1304
alpha 0.001,1,193,-6,-1310,193,-1310
alpha 0.001,1,194,-6,-1316,194,-1316
alpha 0.001,1,195,-6,-1322,195,-1322
alpha 0.001,1,196,-8,-1330,196,-1330
alpha 0.001,1,197,-8,-1338,197,-1338
alpha 0.001,1,198,-8,-1346,198,-1346
alpha 0.001,1,199,-8,-1354,199,-1354
alpha 0.001,1,200,-8,-1362,200,-1362
alpha 0.001,1,201,-8,-1370,201,-1370
alpha 0.001,1,202,-8,-1378,202,-1378
alpha 0.001,1,203,-10,-1388,203,-1388
alpha 0.001,1,204,-10,-1398,204,-1398
alpha 0.001,1,205,-10,-1408,205,-1408
alpha 0.001,1,206,-10,-1418,206,-1418
alpha 0.001,1,207,-10,-1428,207,-1428
alpha 0.001,1,208,-10,-1438,208,-1438
alpha 0.001,1,209,-10,-1448,209,-1448
alpha 0.001,1,210,-10,-1458,210,-1458
alpha 0.001,1,211,-10,-1468,211,-1468
alpha 0.001,1,212,-10,-1478,212,-1478
alpha 0.001,1,213,-10,-1488,213,-1488
alpha 0.001,1,214,-10,-1498,214,-1498
alpha 0.001,1,215,-10,-1508,215,-1508
alpha 0.001,1,216,-10,-1518,216,-1518
alpha 0.001,1,217,-10,-1528,217,-1528
alpha 0.001,1,218,-10,-1538,218,-1538
alpha 0.001,1,219,-10,-1548,219,-1548
alpha 0.001,1,220,-10,-1558,220,-1558
alpha 0.001,1,221,-10,-1568,221,-1568
alpha 0.001,1,222,-10,-1578,222,-1578
alpha 0.001,1,223,-10,-1588,223,-1588
alpha 0.001,1,224,-10,-1598,224,-1598
alpha 0.001,1,225,-10,-1608,225,-1608
alpha 0.001,1,226,-10,-1618,226,-1618
alpha 0.001,1,227,-10,-1628,227,-1628
alpha 0.001,1,228,-10,-1638,228,-1638
alpha 0.001,1,229,-10,-1648,229,-1648
alpha 0.001,1,230,-10,-1658,230,-1658
alpha 0.001,1,231,-10,-1668,231,-1668
alpha 0.001,1,232,-10,-1678,232,-1678
alpha 0.001,1,233,-10,-1688,233,-1688
alpha 0.001,1,234,-10,-1698,234,-1698
alpha 0.001,1,235,-10,-1708,235,-1708
alpha 0.001,1,236,-10,-1718,236,-1718
alpha 0.001,1,237,-10,-1728,237,-1728
alpha 0.001,1,238,-10,-1738,238,-1738
alpha 0.001,1,239,-10,-1748,239,-1748
alpha 0.001,1,240,-10,-1758,240,-1758
alpha 0.001,1,241,-10,-1768,241,-1768
alpha 0.001,1,242,-10,-1778,242,-1778
alpha 0.001,1,243,-10,-1788,243,-1788
alpha 0.001,1,244,-10,-1798,244,-1798
alpha 0.001,1,245,-10,-1808,245,-1808
alpha 0.001,1,246,-8,-1816,246,-1816
alpha 0.001,1,247,-8,-1824,247,-1824
alpha 0.001,1,248,-8,-1832,248,-1832
alpha 0.001,1,249,-8,-1840,249,-1840
alpha 0.001,1,250,-8,-1848,250,-1848
alpha 0.001,1,251,-8,-1856,251,-1856
alpha 0.001,1,252,-8,-1864,252,-1864
alpha 0.001,1,253,-8,-1872,253,-1872
alpha 0.001,1,254,-8,-1880,254,-1880
alpha 0.001,1,255,-8,-1888,255,-1888
alpha 0.001,1,256,-8,-1896,256,-1896
alpha 0.001,1,257,-7,-1903,257,-1903
alpha 0.001,1,258,-7,-1910,258,-1910
alpha 0.001,1,259,-7,-1917,259,-1917
alpha 0.001,1,260,-7,-1924,260,-1924
alpha 0.001,1,261,-7,-1931,261,-1931
alpha 0.001,1,262,-7,-1938,262,-1938
alpha 0.001,1,263,-7,-1945,263,-1945
alpha 0.001,1,264,-7,-1952,264,-1952
alpha 0.001,1,265,-7,-1959,265,-1959
alpha 0.001,1,266,-7,-1966,266,-1966
alpha 0.001,1,267,-6,-1972,267,-1972
alpha 0.001,1,268,-6,-1978,268,-1978
alpha 0.001,1,269,-6,-1984,269,-1984
alpha 0.001,1,270,-5,-1989,270,-1989
alpha 0.001,1,271,-5,-1994,271,-1994
alpha 0.001,1,272,-5,-1999,272,-1999
alpha 0.001,1,273,-5,-2004,273,-2004
alpha 0.001,1,274,-5,-2009,274,-2009
alpha 0.001,1,275,-5,-2014,275,-2014
alpha 0.001,1,276,-5,-2019,276,-2019
alpha 0.001,1,277,-5,-2024,277,-2024
alpha 0.001,1,278,-5,-2029,278,-2029
alpha 0.001,1,279,-5,-2034,279,-2034
alpha 0.001,1,280,-5,-2039,280,-2039
alpha 0.001,1,281,-5,-2044,281,-2044
alpha 0.001,1,282,-6,-2050,282,-2050
alpha 0.001,1,283,-6,-2056,283,-2056
alpha 0.001,1,284,-6,-2062,284,-2062
alpha 0.001,1,285,-6,-2068,285,-2068
alpha 0.001,1,286,-7,-2075,286,-2075
alpha 0.001,1,287,-7,-2082,287,-2082
alpha 0.001,1,288,-7,-2089,288,-2089
alpha 0.001,1,289,-7,-2096,289,-2096
alpha 0.001,1,290,-7,-2103,290,-2103
alpha 0.001,1,291,-7,-2110,291,-2110
alpha 0.001,1,292,-7,-2117,292,-2117
alpha 0.001,1,293,-7,-2124,293,-2124
alpha 0.001,1,294,-7,-2131,294,-2131
alpha 0.001,1,295,-7,-2138,295,-2138
alpha 0.001,1,296,-7,-2145,296,-2145
alpha 0.001,1,297,-7,-2152,297,-2152
alpha 0.001,1,298,-7,-2159,298,-2159
alpha 0.001,1,299,-7,-2166,299,-2166
alpha 0.001,1,300,-7,-2173,300,-2173
alpha 0.001,1,301,-8,-2181,301,-2181
alpha 0.001,1,302,-8,-2189,302,-2189
alpha 0.001,1,303,-8,-2197,303,-2197
alpha 0.001,1,304,-8,-2205,304,-2205
alpha 0.001,1,305,-8,-2213,305,-2213
alpha 0.001,1,306,-8,-2221,306,-2221
alpha 0.001,1,307,-8,-2229,307,-2229
alpha 0.001,1,308,-8,-2237,308,-2237
alpha 0.001,1,309,-8,-2245,309,-2245
alpha 0.001,1,310,-8,-2253,310,-2253
alpha 0.001,1,311,-8,-2261,311,-2261
alpha 0.001,1,312,-10,-2271,312,-2271
alpha 0.001,1,313,-10,-2281,313,-2281
alpha 0.001,1,314,-10,-2291,314,-2291
alpha 0.001,1,315,-10,-2301,315,-2301
alpha 0.001,1,316,-10,-2311,316,-2311
alpha 0.001,1,317,-10,-2321,317,-2321
alpha 0.001,1,318,-10,-2331,318,-2331
alpha 0.001,1,319,-10,-2341,319,-2341
alpha 0.001,1,320,-10,-2351,320,-2351
alpha 0.001,1,321,-10,-2361,321,-2361
alpha 0.001,1,322,-10,-2371,322,-2371
alpha 0.001,1,323,-10,-2381,323,-2381
alpha 0.001,1,324,-10,-2391,324,-2391
alpha 0.001,1,325,-10,-2401,325,-2401
alpha 0.001,1,326,-10,-2411,326,-2411
alpha 0.001,1,327,-10,-2421,327,-2421
alpha 0.001,1,328,-10,-2431,328,-2431
alpha 0.001,1,329,-10,-2441,329,-2441
alpha 0.001,1,330,-10,-2451,330,-2451
alpha 0.001,1,331,-10,-2461,331,-2461
alpha 0.001,1,332,-10,-2471,332,-2471
alpha 0.001,1,333,-10,-2481,333,-2481
alpha 0.001,1,334,-10,-2491,334,-2491
alpha 0.001,1,335,-10,-2501,335,-2501
alpha 0.001,1,336,-10,-2511,336,-2511
alpha 0.001,1,337,-10,-2521,337,-2521
alpha 0.001,1,338,-10,-2531,338,-2531
alpha 0.001,1,339,-10,-2541,339,-2541
alpha 0.001,1,340,-10,-2551,340,-2551
alpha 0.001,1,341,-10,-2561,341,-2561
alpha 0.001,1,342,-10,-2571,342,-2571
alpha 0.001,1,343,-10,-2581,343,-2581
alpha 0.001,1,344,-10,-2591,344,-2591
alpha 0.001,1,345,-10,-2601,345,-2601
alpha 0.001,1,346,-10,-2611,346,-2611
alpha 0.001,1,347,-10,-2621,347,-2621
alpha 0.001,1,348,-10,-2631,348,-2631
alpha 0.001,1,349,-10,-2641,349,-2641
alpha 0.001,1,350,-8,-2649,350,-2649
alpha 0.001,1,351,-8,-2657,351,-2657
alpha 0.001,1,352,-8,-2665,352,-2665
alpha 0.001,1,353,-8,-2673,353,-2673
alpha 0.001,1,354,-8,-2681,354,-2681
alpha 0.001,1,355,-8,-2689,355,-2689
alpha 0.001,1,356,-6,-2695,356,-2695
alpha 0.001,1,357,-6,-2701,357,-2701
alpha 0.001,1,358,-6,-2707,358,-2707
alpha 0.001,1,359,-6,-2713,359,-2713
alpha 0.001,1,360,-6,-2719,360,-2719
alpha 0.001,1,361,-6,-2725,361,-2725
alpha 0.001,1,362,-6,-2731,362,-2731
alpha 0.001,1,363,-6,-2737,363,-2737
alpha 0.001,1,364,-6,-2743,364,-2743
alpha 0.001,1,365,-6,-2749,365,-2749
alpha 0.001,1,366,-5,-2754,366,-2754
alpha 0.001,1,367,-5,-2759,367,-2759
alpha 0.001,1,368,-5,-2764,368,-2764
alpha 0.001,1,369,-5,-2769,369,-2769
alpha 0.001,1,370,-5,-2774,370,-2774
alpha 0.001,1,371,-5,-2779,371,-2779
alpha 0.001,1,372,-5,-2784,372,-2784
alpha 0.001,1,373,-5,-2789,373,-2789
alpha 0.001,1,374,-5,-2794,374,-2794
alpha 0.001,1,375,-5,-2799,375,-2799
alpha 0.001,1,376,-5,-2804,376,-2804
alpha 0.001,1,377,-5,-2809,377,-2809
alpha 0.001,1,378,-5,-2814,378,-2814
alpha 0.001,1,379,-3,-2817,379,-2817
alpha 0.001,1,380,-3,-2820,380,-2820
alpha 0.001,1,381,-3,-2823,381,-2823
alpha 0.001,1,382,-3,-2826,382,-2826
alpha 0.001,1,383,-3,-2829,383,-2829
alpha 0.001,1,384,-3,-2832,384,-2832
alpha 0.001,1,385,-2,-2834,385,-2834
alpha 0.001,1,386,-2,-2836,386,-2836
alpha 0.001,1,387,-2,-2838,387,-2838
alpha 0.001,1,388,-2,-2840,388,-2840
alpha 0.001,1,389,-3,-2843,389,-2843
alpha 0.001,1,390,-3,-2846,390,-2846
alpha 0.001,1,391,-3,-2849,391,-2849
alpha 0.001,1,392,-3,-2852,392,-2852
alpha 0.001,1,393,-3,-2855,393,-2855
alpha 0.001,1,394,-3,-2858,394,-2858
alpha 0.001,1,395,-3,-2861,395,-2861
alpha 0.001,1,396,-2,-2863,396,-2863
alpha 0.001,1,397,-2,-2865,397,-2865
alpha 0.001,1,398,-2,-2867,398,-2867
alpha 0.001,1,399,-2,-2869,399,-2869
alpha 0.001,1,400,-2,-2871,400,-2871
alpha 0.001,1,401,-3,-2874,401,-2874
alpha 0.001,1,402,-3,-2877,402,-2877
alpha 0.001,1,403,-2,-2879,403,-2879
alpha 0.001,1,404,-2,-2881,404,-2881
alpha 0.001,1,405,-2,-2883,405,-2883
alpha 0.001,1,406,-2,-2885,406,-2885
alpha 0.001,1,407,-2,-2887,407,-2887
alpha 0.001,1,408,-2,-2889,408,-2889
alpha 0.001,1,409,-2,-2891,409,-2891
alpha 0.001,1,410,-2,-2893,410,-2893
alpha 0.001,1,411,-3,-2896,411,-2896
alpha 0.001,1,412,-3,-2899,412,-2899
alpha 0.001,1,413,-3,-2902,413,-2902
alpha 0.001,1,414,-3,-2905,414,-2905
alpha 0.001,1,415,-1,-2906,415,-2906
alpha 0.001,1,416,1,-2905,416,-2905
alpha 0.001,1,417,1,-2904,417,-2904
alpha 0.001,1,418,-1,-2905,418,-2905
alpha 0.001,1,419,1,-2904,419,-2904
alpha 0.001,1,420,1,-2903,420,-2903
alpha 0.001,1,421,-2,-2905,421,-2905
alpha 0.001,1,422,-1,-2906,422,-2906
alpha 0.001,1,423,1,-2905,423,-2905
alpha 0.001,1,424,1,-2904,424,-2904
alpha 0.001,1,425,2,-2902,425,-2902
alpha 0.001,1,426,1,-2901,426,-2901
alpha 0.001,1,427,-2,-2903,427,-2903
alpha 0.001,1,428,-2,-2905,428,-2905
alpha 0.001,1,429,-2,-2907,429,-2907
alpha 0.001,1,430,-2,-2909,430,-2909
alpha 0.001,1,431,-3,-2912,431,-2912
alpha 0.001,1,432,-5,-2917,432,-2917
alpha 0.001,1,433,-3,-2920,433,-2920
alpha 0.001,1,434,-2,-2922,434,-2922
alpha 0.001,1,435,-2,-2924,435,-2924
alpha 0.001,1,436,-2,-2926,436,-2926
alpha 0.001,1,437,-2,-2928,437,-2928
alpha 0.001,1,438,-2,-2930,438,-2930
alpha 0.001,1,439,-3,-2933,439,-2933
alpha 0.001,1,440,-3,-2936,440,-2936
alpha 0.001,1,441,-4,-2940,441,-2940
alpha 0.001,1,442,-4,-2944,442,-2944
alpha 0.001,1,443,-3,-2947,443,-2947
alpha 0.001,1,444,2,-2945,444,-2945
alpha 0.001,1,445,1,-2944,445,-2944
alpha 0.001,1,446,1,-2943,446,-2943
alpha 0.001,1,447,-1,-2944,447,-2944
alpha 0.001,1,448,-2,-2946,448,-2946
alpha 0.001,1,449,-2,-2948,449,-2948
alpha 0.001,1,450,-3,-2951,450,-2951
alpha 0.001,1,451,-3,-2954,451,-2954
alpha 0.001,1,452,-3,-2957,452,-2957
alpha 0.001,1,453,-3,-2960,453,-2960
alpha 0.001,1,454,-3,-2963,454,-2963
alpha 0.001,1,455,-3,-2966,455,-2966
alpha 0.001,1,456,-3,-2969,456,-2969
alpha 0.001,1,457,-2,-2971,457,-2971
alpha 0.001,1,458,-3,-2974,458,-2974
alpha 0.001,1,459,-3,-2977,459,-2977
alpha 0.001,1,460,-3,-2980,460,-2980
alpha 0.001,1,461,-4,-2984,461,-2984
alpha 0.001,1,462,-5,-2989,462,-2989
alpha 0.001,1,463,-5,-2994,463,-2994
alpha 0.001,1,464,-5,-2999,464,-2999
alpha 0.001,1,465,-5,-3004,465,-3004
alpha 0.001,1,466,-5,-3009,466,-3009
alpha 0.001,1,467,-5,-3014,467,-3014
alpha 0.001,1,468,-5,-3019,468,-3019
alpha 0.001,1,469,-5,-3024,469,-3024
alpha 0.001,1,470,-5,-3029,470,-3029
alpha 0.001,1,471,-5,-3034,471,-3034
alpha 0.001,1,472,-5,-3039,472,-3039
alpha 0.001,1,473,-5,-3044,473,-3044
alpha 0.001,1,474,-5,-3049,474,-3049
alpha 0.001,1,475,-5,-3054,475,-3054
alpha 0.001,1,476,-5,-3059,476,-3059
alpha 0.001,1,477,-5,-3064,477,-3064
alpha 0.001,1,478,-5,-3069,478,-3069
alpha 0.001,1,479,-5,-3074,479,-3074
alpha 0.001,1,480,-5,-3079,480,-3079
alpha 0.001,1,481,-5,-3084,481,-3084
alpha 0.001,1,482,-5,-3089,482,-3089
alpha 0.001,1,483,-5,-3094,483,-3094
alpha 0.001,1,484,-5,-3099,484,-3099
alpha 0.001,1,485,-5,-3104,485,-3104
alpha 0.001,1,486,-5,-3109,486,-3109
alpha 0.001,1,487,-5,-3114,487,-3114
alpha 0.001,1,488,-5,-3119,488,-3119
alpha 0.001,1,489,-5,-3124,489,-3124
alpha 0.001,1,490,-7,-3131,490,-3131
alpha 0.001,1,491,-7,-3138,491,-3138
alpha 0.001,1,492,-7,-3145,492,-3145
alpha 0.001,1,493,-7,-3152,493,-3152
alpha 0.001,1,494,-7,-3159,494,-3159
alpha 0.001,1,495,-7,-3166,495,-3166
alpha 0.001,1,496,-7,-3173,496,-3173
alpha 0.001,1,497,-7,-3180,497,-3180
alpha 0.001,1,498,-7,-3187,498,-3187
alpha 0.001,1,499,-7,-3194,499,-3194
alpha 0.001,1,500,-7,-3201,500,-3201
alpha 0.001,2,1,2,2,501,-3199
alpha 0.001,2,2,1,3,502,-3198
alpha 0.001,2,3,-2,1,503,-3200
alpha 0.001,2,4,-2,-1,504,-3202
alpha 0.001,2,5,-2,-3,505,-3204
alpha 0.001,2,6,-2,-5,506,-3206
alpha 0.001,2,7,-2,-7,507,-3208
alpha 0.001,2,8,-2,-9,508,-3210
alpha 0.001,2,9,-3,-12,509,-3213
alpha 0.001,2,10,-3,-15,510,-3216
alpha 0.001,2,11,-3,-18,511,-3219
alpha 0.001,2,12,-3,-21,512,-3222
alpha 0.001,2,13,-3,-24,513,-3225
alpha 0.001,2,14,-3,-27,514,-3228
alpha 0.001,2,15,-2,-29,515,-3230
alpha 0.001,2,16,-2,-31,516,-3232
alpha 0.001,2,17,-2,-33,517,-3234
alpha 0.001,2,18,-2,-35,518,-3236
alpha 0.001,2,19,-2,-37,519,-3238
alpha 0.001,2,20,-2,-39,520,-3240
alpha 0.001,2,21,-2,-41,521,-3242
alpha 0.001,2,22,-2,-43,522,-3244
alpha 0.001,2,23,-3,-46,523,-3247
alpha 0.001,2,24,-3,-49,524,-3250
alpha 0.001,2,25,-3,-52,525,-3253
alpha 0.001,2,26,-3,-55,526,-3256
alpha 0.001,2,27,-3,-58,527,-3259
alpha 0.001,2,28,-3,-61,528,-3262
alpha 0.001,2,29,-3,-64,529,-3265
alpha 0.001,2,30,-3,-67,530,-3268
alpha 0.001,2,31,-3,-70,531,-3271
alpha 0.001,2,32,-4,-74,532,-3275
alpha 0.001,2,33,-4,-78,533,-3279
alpha 0.001,2,34,-3,-81,534,-3282
alpha 0.001,2,35,-4,-85,535,-3286
alpha 0.001,2,36,-4,-89,536,-3290
alpha 0.001,2,37,-4,-93,537,-3294
alpha 0.001,2,38,-4,-97,538,-3298
alpha 0.001,2,39,-4,-101,539,-3302
alpha 0.001,2,40,-4,-105,540,-3306
alpha 0.001,2,41,-5,-110,541,-3311
alpha 0.001,2,42,-5,-115,542,-3316
alpha 0.001,2,43,-5,-120,543,-3321
alpha 0.001,2,44,-5,-125,544,-3326
alpha 0.001,2,45,-5,-130,545,-3331
alpha 0.001,2,46,-5,-135,546,-3336
alpha 0.001,2,47,-5,-140,547,-3341
alpha 0.001,2,48,-5,-145,548,-3346
alpha 0.001,2,49,-5,-150,549,-3351
alpha 0.001,2,50,-5,-155,550,-3356
alpha 0.001,2,51,-5,-160,551,-3361
alpha 0.001,2,52,-5,-165,552,-3366
alpha 0.001,2,53,-5,-170,553,-3371
alpha 0.001,2,54,-5,-175,554,-3376
alpha 0.001,2,55,-5,-180,555,-3381
alpha 0.001,2,56,-5,-185,556,-3386
alpha 0.001,2,57,-4,-189,557,-3390
alpha 0.001,2,58,-4,-193,558,-3394
alpha 0.001,2,59,-4,-197,559,-3398
alpha 0.001,2,60,-4,-201,560,-3402
alpha 0.001,2,61,-4,-205,561,-3406
alpha 0.001,2,62,-4,-209,562,-3410
alpha 0.001,2,63,-4,-213,563,-3414
alpha 0.001,2,64,-4,-217,564,-3418
alpha 0.001,2,65,-4,-221,565,-3422
alpha 0.001,2,66,-4,-225,566,-3426
alpha 0.001,2,67,-4,-229,567,-3430
alpha 0.001,2,68,-4,-233,568,-3434
alpha 0.001,2,69,-4,-237,569,-3438
alpha 0.001,2,70,-4,-241,570,-3442
alpha 0.001,2,71,-4,-245,571,-3446
alpha 0.001,2,72,-4,-249,572,-3450
alpha 0.001,2,73,-4,-253,573,-3454
alpha 0.001,2,74,-4,-257,574,-3458
alpha 0.001,2,75,-4,-261,575,-3462
alpha 0.001,2,76,-4,-265,576,-3466
alpha 0.001,2,77,-4,-269,577,-3470
alpha 0.001,2,78,-4,-273,578,-3474
alpha 0.001,2,79,-4,-277,579,-3478
alpha 0.001,2,80,-4,-281,580,-3482
alpha 0.001,2,81,-4,-285,581,-3486
alpha 0.001,2,82,-4,-289,582,-3490
alpha 0.001,2,83,-4,-293,583,-3494
alpha 0.001,2,84,-4,-297,584,-3498
alpha 0.001,2,85,-4,-301,585,-3502
alpha 0.001,2,86,-4,-305,586,-3506
alpha 0.001,2,87,-4,-309,587,-3510
alpha 0.001,2,88,-4,-313,588,-3514
alpha 0.001,2,89,-4,-317,589,-3518
alpha 0.001,2,90,-4,-321,590,-3522
alpha 0.001,2,91,-5,-326,591,-3527
alpha 0.001,2,92,-4,-330,592,-3531
alpha 0.001,2,93,-3,-333,593,-3534
alpha 0.001,2,94,-3,-336,594,-3537
alpha 0.001,2,95,-3,-339,595,-3540
alpha 0.001,2,96,-3,-342,596,-3543
alpha 0.001,2,97,-3,-345,597,-3546
alpha 0.001,2,98,-2,-347,598,-3548
alpha 0.001,2,99,-2,-349,599,-3550
alpha 0.001,2,100,-2,-351,600,-3552
alpha 0.001,2,101,-2,-353,601,-3554
alpha 0.001,2,102,-2,-355,602,-3556
alpha 0.001,2,103,-2,-357,603,-3558
alpha 0.001,2,104,-2,-359,604,-3560
alpha 0.001,2,105,-2,-361,605,-3562
alpha 0.001,2,106,-2,-363,606,-3564
alpha 0.001,2,107,-2,-365,607,-3566
alpha 0.001,2,108,-2,-367,608,-3568
alpha 0.001,2,109,-2,-369,609,-3570
alpha 0.001,2,110,-2,-371,610,-3572
alpha 0.001,2,111,-2,-373,611,-3574
alpha 0.001,2,112,-2,-375,612,-3576
alpha 0.001,2,113,-2,-377,613,-3578
alpha 0.001,2,114,-2,-379,614,-3580
alpha 0.001,2,115,-2,-381,615,-3582
alpha 0.001,2,116,-2,-383,616,-3584
alpha 0.001,2,117,-2,-385,617,-3586
alpha 0.001,2,118,-2,-387,618,-3588
alpha 0.001,2,119,-2,-389,619,-3590
alpha 0.001,2,120,-1,-390,620,-3591
alpha 0.001,2,121,-1,-391,621,-3592
alpha 0.001,2,122,-1,-392,622,-3593
alpha 0.001,2,123,-2,-394,623,-3595
alpha 0.001,2,124,-2,-396,624,-3597
alpha 0.001,2,125,-2,-398,625,-3599
alpha 0.001,2,126,-2,-400,626,-3601
alpha 0.001,2,127,-2,-402,627,-3603
alpha 0.001,2,128,-2,-404,628,-3605
alpha 0.001,2,129,-2,-406,629,-3607
alpha 0.001,2,130,-2,-408,630,-3609
alpha 0.001,2,131,-2,-410,631,-3611
alpha 0.001,2,132,-2,-412,632,-3613
alpha 0.001,2,133,-2,-414,633,-3615
alpha 0.001,2,134,-2,-416,634,-3617
alpha 0.001,2,135,-2,-418,635,-3619
alpha 0.001,2,136,-2,-420,636,-3621
alpha 0.001,2,137,-2,-422,637,-3623
alpha 0.001,2,138,-3,-425,638,-3626
alpha 0.001,2,139,-3,-428,639,-3629
alpha 0.001,2,140,-3,-431,640,-3632
alpha 0.001,2,141,-3,-434,641,-3635
alpha 0.001,2,142,-3,-437,642,-3638
alpha 0.001,2,143,-3,-440,643,-3641
alpha 0.001,2,144,-3,-443,644,-3644
alpha 0.001,2,145,-3,-446,645,-3647
alpha 0.001,2,146,-3,-449,646,-3650
alpha 0.001,2,147,-3,-452,647,-3653
alpha 0.001,2,148,-3,-455,648,-3656
alpha 0.001,2,149,-3,-458,649,-3659
alpha 0.001,2,150,-3,-461,650,-3662
alpha 0.001,2,151,-2,-463,651,-3664
alpha 0.001,2,152,-2,-465,652,-3666
alpha 0.001,2,153,-2,-467,653,-3668
alpha 0.001,2,154,-3,-470,654,-3671
alpha 0.001,2,155,-3,-473,655,-3674
alpha 0.001,2,156,-3,-476,656,-3677
alpha 0.001,2,157,-3,-479,657,-3680
alpha 0.001,2,158,-3,-482,658,-3683
alpha 0.001,2,159,-3,-485,659,-3686
alpha 0.001,2,160,-3,-488,660,-3689
alpha 0.001,2,161,-3,-491,661,-3692
alpha 0.001,2,162,-3,-494,662,-3695
alpha 0.001,2,163,-3,-497,663,-3698
alpha 0.001,2,164,-3,-500,664,-3701
alpha 0.001,2,165,-3,-503,665,-3704
alpha 0.001,2,166,-3,-506,666,-3707
alpha 0.001,2,167,-3,-509,667,-3710
alpha 0.001,2,168,-3,-512,668,-3713
alpha 0.001,2,169,-2,-514,669,-3715
alpha 0.001,2,170,-2,-516,670,-3717
alpha 0.001,2,171,-2,-518,671,-3719
alpha 0.001,2,172,-2,-520,672,-3721
alpha 0.001,2,173,-3,-523,673,-3724
alpha 0.001,2,174,-3,-526,674,-3727
alpha 0.001,2,175,-2,-528,675,-3729
alpha 0.001,2,176,-2,-530,676,-3731
alpha 0.001,2,177,-2,-532,677,-3733
alpha 0.001,2,178,-2,-534,678,-3735
alpha 0.001,2,179,-2,-536,679,-3737
alpha 0.001,2,180,-2,-538,680,-3739
alpha 0.001,2,181,-1,-539,681,-3740
alpha 0.001,2,182,-1,-540,682,-3741
alpha 0.001,2,183,-1,-541,683,-3742
alpha 0.001,2,184,-1,-542,684,-3743
alpha 0.001,2,185,-1,-543,685,-3744
alpha 0.001,2,186,-1,-544,686,-3745
alpha 0.001,2,187,-1,-545,687,-3746
alpha 0.001,2,188,-1,-546,688,-3747
alpha 0.001,2,189,1,-545,689,-3746
alpha 0.001,2,190,1,-544,690,-3745
alpha 0.001,2,191,1,-543,691,-3744
alpha 0.001,2,192,-1,-544,692,-3745
alpha 0.001,2,193,-1,-545,693,-3746
alpha 0.001,2,194,1,-544,694,-3745
alpha 0.001,2,195,4,-540,695,-3741
alpha 0.001,2,196,2,-538,696,-3739
alpha 0.001,2,197,-1,-539,697,-3740
alpha 0.001,2,198,-2,-541,698,-3742
alpha 0.001,2,199,-3,-544,699,-3745
alpha 0.001,2,200,1,-543,700,-3744
alpha 0.001,2,201,1,-542,701,-3743
alpha 0.001,2,202,1,-541,702,-3742
alpha 0.001,2,203,1,-540,703,-3741
alpha 0.001,2,204,1,-539,704,-3740
alpha 0.001,2,205,1,-538,705,-3739
alpha 0.001,2,206,1,-537,706,-3738
alpha 0.001,2,207,1,-536,707,-3737
alpha 0.001,2,208,1,-535,708,-3736
alpha 0.001,2,209,1,-534,709,-3735
alpha 0.001,2,210,1,-533,710,-3734
alpha 0.001,2,211,-2,-535,711,-3736
alpha 0.001,2,212,-2,-537,712,-3738
alpha 0.001,2,213,-2,-539,713,-3740
alpha 0.001,2,214,-2,-541,714,-3742
alpha 0.001,2,215,-2,-543,715,-3744
alpha 0.001,2,216,-2,-545,716,-3746
alpha 0.001,2,217,-2,-547,717,-3748
alpha 0.001,2,218,-2,-549,718,-3750
alpha 0.001,2,219,-2,-551,719,-3752
alpha 0.001,2,220,-2,-553,720,-3754
alpha 0.001,2,221,1,-552,721,-3753
alpha 0.001,2,222,1,-551,722,-3752
alpha 0.001,2,223,1,-550,723,-3751
alpha 0.001,2,224,1,-549,724,-3750
alpha 0.001,2,225,1,-548,725,-3749
alpha 0.001,2,226,1,-547,726,-3748
alpha 0.001,2,227,1,-546,727,-3747
alpha 0.001,2,228,1,-545,728,-3746
alpha 0.001,2,229,1,-544,729,-3745
alpha 0.001,2,230,1,-543,730,-3744
alpha 0.001,2,231,1,-542,731,-3743
alpha 0.001,2,232,-2,-544,732,-3745
alpha 0.001,2,233,-2,-546,733,-3747
alpha 0.001,2,234,-2,-548,734,-3749
alpha 0.001,2,235,-2,-550,735,-3751
alpha 0.001,2,236,-2,-552,736,-3753
alpha 0.001,2,237,-2,-554,737,-3755
alpha 0.001,2,238,-2,-556,738,-3757
alpha 0.001,2,239,-2,-558,739,-3759
alpha 0.001,2,240,-2,-560,740,-3761
alpha 0.001,2,241,-2,-562,741,-3763
alpha 0.001,2,242,-2,-564,742,-3765
alpha 0.001,2,243,-2,-566,743,-3767
alpha 0.001,2,244,-2,-568,744,-3769
alpha 0.001,2,245,-2,-570,745,-3771
alpha 0.001,2,246,-2,-572,746,-3773
alpha 0.001,2,247,-2,-574,747,-3775
alpha 0.001,2,248,-2,-576,748,-3777
alpha 0.001,2,249,-2,-578,749,-3779
alpha 0.001,2,250,-2,-580,750,-3781
alpha 0.001,2,251,-2,-582,751,-3783
alpha 0.001,2,252,-2,-584,752,-3785
alpha 0.001,2,253,-2,-586,753,-3787
alpha 0.001,2,254,-2,-588,754,-3789
alpha 0.001,2,255,-2,-590,755,-3791
alpha 0.001,2,256,-2,-592,756,-3793
alpha 0.001,2,257,-2,-594,757,-3795
alpha 0.001,2,258,-2,-596,758,-3797
alpha 0.001,2,259,-2,-598,759,-3799
alpha 0.001,2,260,-2,-600,760,-3801
alpha 0.001,2,261,-2,-602,761,-3803
alpha 0.001,2,262,-2,-604,762,-3805
alpha 0.001,2,263,-2,-606,763,-3807
alpha 0.001,2,264,-2,-608,764,-3809
alpha 0.001,2,265,-2,-610,765,-3811
alpha 0.001,2,266,-2,-612,766,-3813
alpha 0.001,2,267,-2,-614,767,-3815
alpha 0.001,2,268,-2,-616,768,-3817
alpha 0.001,2,269,-2,-618,769,-3819
alpha 0.001,2,270,-2,-620,770,-3821
alpha 0.001,2,271,-2,-622,771,-3823
alpha 0.001,2,272,-2,-624,772,-3825
alpha 0.001,2,273,-2,-626,773,-3827
alpha 0.001,2,274,-2,-628,774,-3829
alpha 0.001,2,275,-2,-630,775,-3831
alpha 0.001,2,276,-2,-632,776,-3833
alpha 0.001,2,277,-3,-635,777,-3836
alpha 0.001,2,278,-3,-638,778,-3839
alpha 0.001,2,279,-3,-641,779,-3842
alpha 0.001,2,280,-3,-644,780,-3845
alpha 0.001,2,281,-3,-647,781,-3848
alpha 0.001,2,282,-3,-650,782,-3851
alpha 0.001,2,283,-3,-653,783,-3854
alpha 0.001,2,284,-3,-656,784,-3857
alpha 0.001,2,285,-2,-658,785,-3859
alpha 0.001,2,286,-2,-660,786,-3861
alpha 0.001,2,287,-2,-662,787,-3863
alpha 0.001,2,288,-2,-664,788,-3865
alpha 0.001,2,289,-2,-666,789,-3867
alpha 0.001,2,290,-2,-668,790,-3869
alpha 0.001,2,291,-2,-670,791,-3871
alpha 0.001,2,292,-2,-672,792,-3873
alpha 0.001,2,293,-2,-674,793,-3875
alpha 0.001,2,294,-3,-677,794,-3878
alpha 0.001,2,295,-3,-680,795,-3881
alpha 0.001,2,296,-3,-683,796,-3884
alpha 0.001,2,297,-3,-686,797,-3887
alpha 0.001,2,298,-3,-689,798,-3890
alpha 0.001,2,299,-3,-692,799,-3893
alpha 0.001,2,300,-3,-695,800,-3896
alpha 0.001,2,301,-3,-698,801,-3899
alpha 0.001,2,302,-3,-701,802,-3902
alpha 0.001,2,303,-3,-704,803,-3905
alpha 0.001,2,304,-3,-707,804,-3908
alpha 0.001,2,305,-3,-710,805,-3911
alpha 0.001,2,306,-3,-713,806,-3914
alpha 0.001,2,307,-3,-716,807,-3917
alpha 0.001,2,308,-3,-719,808,-3920
alpha 0.001,2,309,-3,-722,809,-3923
alpha 0.001,2,310,-3,-725,810,-3926
alpha 0.001,2,311,-3,-728,811,-3929
alpha 0.001,2,312,-3,-731,812,-3932
alpha 0.001,2,313,-3,-734,813,-3935
alpha 0.001,2,314,-3,-737,814,-3938
alpha 0.001,2,315,-3,-740,815,-3941
alpha 0.001,2,316,-3,-743,816,-3944
alpha 0.001,2,317,-3,-746,817,-3947
alpha 0.001,2,318,-3,-749,818,-3950
alpha 0.001,2,319,-3,-752,819,-3953
alpha 0.001,2,320,-3,-755,820,-3956
alpha 0.001,2,321,-3,-758,821,-3959
alpha 0.001,2,322,-3,-761,822,-3962
alpha 0.001,2,323,-2,-763,823,-3964
alpha 0.001,2,324,-2,-765,824,-3966
alpha 0.001,2,325,-3,-768,825,-3969
alpha 0.001,2,326,-3,-771,826,-3972
alpha 0.001,2,327,-3,-774,827,-3975
alpha 0.001,2,328,-3,-777,828,-3978
alpha 0.001,2,329,-3,-780,829,-3981
alpha 0.001,2,330,-3,-783,830,-3984
alpha 0.001,2,331,-3,-786,831,-3987
alpha 0.001,2,332,-2,-788,832,-3989
alpha 0.001,2,333,-2,-790,833,-3991
alpha 0.001,2,334,-2,-792,834,-3993
alpha 0.001,2,335,-2,-794,835,-3995
alpha 0.001,2,336,-2,-796,836,-3997
alpha 0.001,2,337,-2,-798,837,-3999
alpha 0.001,2,338,-2,-800,838,-4001
alpha 0.001,2,339,-2,-802,839,-4003
alpha 0.001,2,340,-2,-804,840,-4005
alpha 0.001,2,341,-2,-806,841,-4007
alpha 0.001,2,342,-2,-808,842,-4009
alpha 0.001,2,343,-2,-810,843,-4011
alpha 0.001,2,344,-2,-812,844,-4013
alpha 0.001,2,345,-2,-814,845,-4015
alpha 0.001,2,346,-2,-816,846,-4017
alpha 0.001,2,347,-2,-818,847,-4019
alpha 0.001,2,348,-2,-820,848,-4021
alpha 0.001,2,349,-2,-822,849,-4023
alpha 0.001,2,350,-2,-824,850,-4025
alpha 0.001,2,351,-2,-826,851,-4027
alpha 0.001,2,352,-2,-828,852,-4029
alpha 0.001,2,353,-2,-830,853,-4031
alpha 0.001,2,354,-2,-832,854,-4033
alpha 0.001,2,355,-2,-834,855,-4035
alpha 0.001,2,356,-2,-836,856,-4037
alpha 0.001,2,357,-2,-838,857,-4039
alpha 0.001,2,358,-2,-840,858,-4041
alpha 0.001,2,359,-2,-842,859,-4043
alpha 0.001,2,360,-2,-844,860,-4045
alpha 0.001,2,361,-2,-846,861,-4047
alpha 0.001,2,362,-2,-848,862,-4049
alpha 0.001,2,363,-2,-850,863,-4051
alpha 0.001,2,364,-2,-852,864,-4053
alpha 0.001,2,365,-2,-854,865,-4055
alpha 0.001,2,366,-2,-856,866,-4057
alpha 0.001,2,367,-2,-858,867,-4059
alpha 0.001,2,368,-2,-860,868,-4061
alpha 0.001,2,369,-2,-862,869,-4063
alpha 0.001,2,370,-2,-864,870,-4065
alpha 0.001,2,371,-2,-866,871,-4067
alpha 0.001,2,372,-2,-868,872,-4069
alpha 0.001,2,373,-2,-870,873,-4071
alpha 0.001,2,374,-3,-873,874,-4074
alpha 0.001,2,375,-3,-876,875,-4077
alpha 0.001,2,376,-3,-879,876,-4080
alpha 0.001,2,377,-3,-882,877,-4083
alpha 0.001,2,378,-3,-885,878,-4086
alpha 0.001,2,379,-3,-888,879,-4089
alpha 0.001,2,380,-3,-891,880,-4092
alpha 0.001,2,381,-3,-894,881,-4095
alpha 0.001,2,382,-3,-897,882,-4098
alpha 0.001,2,383,-3,-900,883,-4101
alpha 0.001,2,384,-3,-903,884,-4104
alpha 0.001,2,385,-3,-906,885,-4107
alpha 0.001,2,386,-3,-909,886,-4110
alpha 0.001,2,387,-3,-912,887,-4113
alpha 0.001,2,388,-3,-915,888,-4116
alpha 0.001,2,389,-3,-918,889,-4119
alpha 0.001,2,390,-3,-921,890,-4122
alpha 0.001,2,391,-3,-924,891,-4125
alpha 0.001,2,392,-3,-927,892,-4128
alpha 0.001,2,393,-3,-930,893,-4131
alpha 0.001,2,394,-3,-933,894,-4134
alpha 0.001,2,395,-3,-936,895,-4137
alpha 0.001,2,396,-3,-939,896,-4140
alpha 0.001,2,397,-3,-942,897,-4143
alpha 0.001,2,398,-3,-945,898,-4146
alpha 0.001,2,399,-3,-948,899,-4149
alpha 0.001,2,400,-3,-951,900,-4152
alpha 0.001,2,401,-3,-954,901,-4155
alpha 0.001,2,402,-3,-957,902,-4158
alpha 0.001,2,403,-3,-960,903,-4161
alpha 0.001,2,404,-3,-963,904,-4164
alpha 0.001,2,405,-3,-966,905,-4167
alpha 0.001,2,406,-3,-969,906,-4170
alpha 0.001,2,407,-3,-972,907,-4173
alpha 0.001,2,408,-3,-975,908,-4176
alpha 0.001,2,409,-3,-978,909,-4179
alpha 0.001,2,410,-3,-981,910,-4182
alpha 0.001,2,411,-3,-984,911,-4185
alpha 0.001,2,412,-3,-987,912,-4188
alpha 0.001,2,413,-3,-990,913,-4191
alpha 0.001,2,414,-3,-993,914,-4194
alpha 0.001,2,415,-3,-996,915,-4197
alpha 0.001,2,416,-3,-999,916,-4200
alpha 0.001,2,417,-3,-1002,917,-4203
alpha 0.001,2,418,-3,-1005,918,-4206
alpha 0.001,2,419,-3,-1008,919,-4209
alpha 0.001,2,420,-3,-1011,920,-4212
alpha 0.001,2,421,-3,-1014,921,-4215
alpha 0.001,2,422,-2,-1016,922,-4217
alpha 0.001,2,423,-2,-1018,923,-4219
alpha 0.001,2,424,-2,-1020,924,-4221
alpha 0.001,2,425,-2,-1022,925,-4223
alpha 0.001,2,426,-2,-1024,926,-4225
alpha 0.001,2,427,-2,-1026,927,-4227
alpha 0.001,2,428,-2,-1028,928,-4229
alpha 0.001,2,429,-2,-1030,929,-4231
alpha 0.001,2,430,-2,-1032,930,-4233
alpha 0.001,2,431,-2,-1034,931,-4235
alpha 0.001,2,432,-2,-1036,932,-4237
alpha 0.001,2,433,-2,-1038,933,-4239
alpha 0.001,2,434,-2,-1040,934,-4241
alpha 0.001,2,435,-2,-1042,935,-4243
alpha 0.001,2,436,-2,-1044,936,-4245
alpha 0.001,2,437,-2,-1046,937,-4247
alpha 0.001,2,438,1,-1045,938,-4246
alpha 0.001,2,439,1,-1044,939,-4245
alpha 0.001,2,440,1,-1043,940,-4244
alpha 0.001,2,441,2,-1041,941,-4242
alpha 0.001,2,442,2,-1039,942,-4240
alpha 0.001,2,443,1,-1038,943,-4239
alpha 0.001,2,444,1,-1037,944,-4238
alpha 0.001,2,445,-2,-1039,945,-4240
alpha 0.001,2,446,-2,-1041,946,-4242
alpha 0.001,2,447,-2,-1043,947,-4244
alpha 0.001,2,448,-1,-1044,948,-4245
alpha 0.001,2,449,1,-1043,949,-4244
alpha 0.001,2,450,1,-1042,950,-4243
alpha 0.001,2,451,1,-1041,951,-4242
alpha 0.001,2,452,-2,-1043,952,-4244
alpha 0.001,2,453,-2,-1045,953,-4246
alpha 0.001,2,454,-2,-1047,954,-4248
alpha 0.001,2,455,-2,-1049,955,-4250
alpha 0.001,2,456,-1,-1050,956,-4251
alpha 0.001,2,457,-1,-1051,957,-4252
alpha 0.001,2,458,-1,-1052,958,-4253
alpha 0.001,2,459,-1,-1053,959,-4254
alpha 0.001,2,460,-1,-1054,960,-4255
alpha 0.001,2,461,-1,-1055,961,-4256
alpha 0.001,2,462,1,-1054,962,-4255
alpha 0.001,2,463,1,-1053,963,-4254
alpha 0.001,2,464,1,-1052,964,-4253
alpha 0.001,2,465,1,-1051,965,-4252
alpha 0.001,2,466,1,-1050,966,-4251
alpha 0.001,2,467,1,-1049,967,-4250
alpha 0.001,2,468,1,-1048,968,-4249
alpha 0.001,2,469,1,-1047,969,-4248
alpha 0.001,2,470,1,-1046,970,-4247
alpha 0.001,2,471,1,-1045,971,-4246
alpha 0.001,2,472,1,-1044,972,-4245
alpha 0.001,2,473,2,-1042,973,-4243
alpha 0.001,2,474,2,-1040,974,-4241
alpha 0.001,2,475,2,-1038,975,-4239
alpha 0.001,2,476,2,-1036,976,-4237
alpha 0.001,2,477,2,-1034,977,-4235
alpha 0.001,2,478,2,-1032,978,-4233
alpha 0.001,2,479,1,-1031,979,-4232
alpha 0.001,2,480,-2,-1033,980,-4234
alpha 0.001,2,481,-2,-1035,981,-4236
alpha 0.001,2,482,-3,-1038,982,-4239
alpha 0.001,2,483,-3,-1041,983,-4242
alpha 0.001,2,484,-5,-1046,984,-4247
alpha 0.001,2,485,-5,-1051,985,-4252
alpha 0.001,2,486,-5,-1056,986,-4257
alpha 0.001,2,487,-5,-1061,987,-4262
alpha 0.001,2,488,-3,-1064,988,-4265
alpha 0.001,2,489,-5,-1069,989,-4270
alpha 0.001,2,490,-5,-1074,990,-4275
alpha 0.001,2,491,-5,-1079,991,-4280
alpha 0.001,2,492,-3,-1082,992,-4283
alpha 0.001,2,493,-3,-1085,993,-4286
alpha 0.001,2,494,-3,-1088,994,-4289
alpha 0.001,2,495,-3,-1091,995,-4292
alpha 0.001,2,496,-3,-1094,996,-4295
alpha 0.001,2,497,-3,-1097,997,-4298
alpha 0.001,2,498,-3,-1100,998,-4301
alpha 0.001,2,499,-5,-1105,999,-4306
alpha 0.001,2,500,-5,-1110,1000,-4311
alpha 0.001,1,1,2,2,1,2
alpha 0.001,1,2,-1,1,2,1
alpha 0.001,1,3,-3,-2,3,-2
alpha 0.001,1,4,-7,-9,4,-9
alpha 0.001,1,5,-10,-19,5,-19
alpha 0.001,1,6,-10,-29,6,-29
alpha 0.001,1,7,-10,-39,7,-39
alpha 0.001,1,8,-10,-49,8,-49
alpha 0.001,1,9,-8,-57,9,-57
alpha 0.001,1,10,-8,-65,10,-65
alpha 0.001,1,11,-7,-72,11,-72
alpha 0.001,1,12,-7,-79,12,-79
alpha 0.001,1,13,-7,-86,13,-86
alpha 0.001,1,14,-7,-93,14,-93
alpha 0.001,1,15,-7,-100,15,-100
alpha 0.001,1,16,-7,-107,16,-107
alpha 0.001,1,17,-7,-114,17,-114
alpha 0.001,1,18,-8,-122,18,-122
alpha 0.001,1,19,-8,-130,19,-130
alpha 0.001,1,20,-10,-140,20,-140
alpha 0.001,1,21,-10,-150,21,-150
alpha 0.001,1,22,-10,-160,22,-160
alpha 0.001,1,23,-10,-170,23,-170
alpha 0.001,1,24,-10,-180,24,-180
alpha 0.001,1,25,-10,-190,25,-190
alpha 0.001,1,26,-10,-200,26,-200
alpha 0.001,1,27,-10,-210,27,-210
alpha 0.001,1,28,-10,-220,28,-220
alpha 0.001,1,29,-8,-228,29,-228
alpha 0.001,1,30,-8,-236,30,-236
alpha 0.001,1,31,-7,-243,31,-243
alpha 0.001,1,32,-7,-250,32,-250
alpha 0.001,1,33,-7,-257,33,-257
alpha 0.001,1,34,-7,-264,34,-264
alpha 0.001,1,35,-7,-271,35,-271
alpha 0.001,1,36,-7,-278,36,-278
alpha 0.001,1,37,-7,-285,37,-285
alpha 0.001,1,38,-7,-292,38,-292
alpha 0.001,1,39,-7,-299,39,-299
alpha 0.001,1,40,-7,-306,40,-306
alpha 0.001,1,41,-6,-312,41,-312
alpha 0.001,1,42,-6,-318,42,-318
alpha 0.001,1,43,-6,-324,43,-324
alpha 0.001,1,44,-5,-329,44,-329
alpha 0.001,1,45,-5,-334,45,-334
alpha 0.001,1,46,-5,-339,46,-339
alpha 0.001,1,47,-5,-344,47,-344
alpha 0.001,1,48,-5,-349,48,-349
alpha 0.001,1,49,-5,-354,49,-354
alpha 0.001,1,50,-5,-359,50,-359
alpha 0.001,1,51,-5,-364,51,-364
alpha 0.001,1,52,-5,-369,52,-369
alpha 0.001,1,53,-5,-374,53,-374
alpha 0.001,1,54,-6,-380,54,-380
alpha 0.001,1,55,-6,-386,55,-386
alpha 0.001,1,56,-7,-393,56,-393
alpha 0.001,1,57,-7,-400,57,-400
alpha 0.001,1,58,-7,-407,58,-407
alpha 0.001,1,59,-7,-414,59,-414
alpha 0.001,1,60,-7,-421,60,-421
alpha 0.001,1,61,-7,-428,61,-428
alpha 0.001,1,62,-7,-435,62,-435
alpha 0.001,1,63,-8,-443,63,-443
alpha 0.001,1,64,-8,-451,64,-451
alpha 0.001,1,65,-8,-459,65,-459
alpha 0.001,1,66,-8,-467,66,-467
alpha 0.001,1,67,-8,-475,67,-475
alpha 0.001,1,68,-10,-485,68,-485
alpha 0.001,1,69,-10,-495,69,-495
alpha 0.001,1,70,-10,-505,70,-505
alpha 0.001,1,71,-10,-515,71,-515
alpha 0.001,1,72,-10,-525,72,-525
alpha 0.001,1,73,-10,-535,73,-535
alpha 0.001,1,74,-10,-545,74,-545
alpha 0.001,1,75,-10,-555,75,-555
alpha 0.001,1,76,-10,-565,76,-565
alpha 0.001,1,77,-10,-575,77,-575
alpha 0.001,1,78,-10,-585,78,-585
alpha 0.001,1,79,-10,-595,79,-595
alpha 0.001,1,80,-10,-605,80,-605
alpha 0.001,1,81,-10,-615,81,-615
alpha 0.001,1,82,-10,-625,82,-625
alpha 0.001,1,83,-10,-635,83,-635
alpha 0.001,1,84,-10,-645,84,-645
alpha 0.001,1,85,-10,-655,85,-655
alpha 0.001,1,86,-10,-665,86,-665
alpha 0.001,1,87,-10,-675,87,-675
alpha 0.001,1,88,-10,-685,88,-685
alpha 0.001,1,89,-10,-695,89,-695
alpha 0.001,1,90,-10,-705,90,-705
alpha 0.001,1,91,-10,-715,91,-715
alpha 0.001,1,92,-10,-725,92,-725
alpha 0.001,1,93,-10,-735,93,-735
alpha 0.001,1,94,-10,-745,94,-745
alpha 0.001,1,95,-10,-755,95,-755
alpha 0.001,1,96,-10,-765,96,-765
alpha 0.001,1,97,-10,-775,97,-775
alpha 0.001,1,98,-10,-785,98,-785
alpha 0.001,1,99,-10,-795,99,-795
alpha 0.001,1,100,-10,-805,100,-805
alpha 0.001,1,101,-10,-815,101,-815
alpha 0.001,1,102,-10,-825,102,-825
alpha 0.001,1,103,-10,-835,103,-835
alpha 0.001,1,104,-10,-845,104,-845
alpha 0.001,1,105,-10,-855,105,-855
alpha 0.001,1,106,-10,-865,106,-865
alpha 0.001,1,107,-10,-875,107,-875
alpha 0.001,1,108,-10,-885,108,-885
alpha 0.001,1,109,-10,-895,109,-895
alpha 0.001,1,110,-10,-905,110,-905
alpha 0.001,1,111,-10,-915,111,-915
alpha 0.001,1,112,-10,-925,112,-925
alpha 0.001,1,113,-10,-935,113,-935
alpha 0.001,1,114,-10,-945,114,-945
alpha 0.001,1,115,-10,-955,115,-955
alpha 0.001,1,116,-10,-965,116,-965
alpha 0.001,1,117,-10,-975,117,-975
alpha 0.001,1,118,-10,-985,118,-985
alpha 0.001,1,119,-8,-993,119,-993
alpha 0.001,1,120,-10,-1003,120,-1003
alpha 0.001,1,121,-10,-1013,121,-1013
alpha 0.001,1,122,-8,-1021,122,-1021
alpha 0.001,1,123,-8,-1029,123,-1029
alpha 0.001,1,124,-8,-1037,124,-1037
alpha 0.001,1,125,-8,-1045,125,-1045
alpha 0.001,1,126,-8,-1053,126,-1053
alpha 0.001,1,127,-7,-1060,127,-1060
alpha 0.001,1,128,-7,-1067,128,-1067
alpha 0.001,1,129,-7,-1074,129,-1074
alpha 0.001,1,130,-5,-1079,130,-1079
alpha 0.001,1,131,-5,-1084,131,-1084
alpha 0.001,1,132,-7,-1091,132,-1091
alpha 0.001,1,133,-7,-1098,133,-1098
alpha 0.001,1,134,-7,-1105,134,-1105
alpha 0.001,1,135,-6,-1111,135,-1111
alpha 0.001,1,136,-4,-1115,136,-1115
alpha 0.001,1,137,-4,-1119,137,-1119
alpha 0.001,1,138,-5,-1124,138,-1124
alpha 0.001,1,139,-5,-1129,139,-1129
alpha 0.001,1,140,-5,-1134,140,-1134
alpha 0.001,1,141,-3,-1137,141,-1137
alpha 0.001,1,142,-3,-1140,142,-1140
alpha 0.001,1,143,-2,-1142,143,-1142
alpha 0.001,1,144,-2,-1144,144,-1144
alpha 0.001,1,145,-2,-1146,145,-1146
alpha 0.001,1,146,-2,-1148,146,-1148
alpha 0.001,1,147,-2,-1150,147,-1150
alpha 0.001,1,148,-2,-1152,148,-1152
alpha 0.001,1,149,-2,-1154,149,-1154
alpha 0.001,1,150,-2,-1156,150,-1156
alpha 0.001,1,151,-2,-1158,151,-1158
alpha 0.001,1,152,-2,-1160,152,-1160
alpha 0.001,1,153,-3,-1163,153,-1163
alpha 0.001,1,154,-4,-1167,154,-1167
alpha 0.001,1,155,-2,-1169,155,-1169
alpha 0.001,1,156,-2,-1171,156,-1171
alpha 0.001,1,157,-2,-1173,157,-1173
alpha 0.001,1,158,-2,-1175,158,-1175
alpha 0.001,1,159,-2,-1177,159,-1177
alpha 0.001,1,160,1,-1176,160,-1176
alpha 0.001,1,161,1,-1175,161,-1175
alpha 0.001,1,162,2,-1173,162,-1173
alpha 0.001,1,163,2,-1171,163,-1171
alpha 0.001,1,164,-3,-1174,164,-1174
alpha 0.001,1,165,-5,-1179,165,-1179
alpha 0.001,1,166,-5,-1184,166,-1184
alpha 0.001,1,167,-5,-1189,167,-1189
alpha 0.001,1,168,-5,-1194,168,-1194
alpha 0.001,1,169,-4,-1198,169,-1198
alpha 0.001,1,170,-4,-1202,170,-1202
alpha 0.001,1,171,-4,-1206,171,-1206
alpha 0.001,1,172,-4,-1210,172,-1210
alpha 0.001,1,173,-4,-1214,173,-1214
alpha 0.001,1,174,-4,-1218,174,-1218
alpha 0.001,1,175,-4,-1222,175,-1222
alpha 0.001,1,176,-4,-1226,176,-1226
alpha 0.001,1,177,-4,-1230,177,-1230
alpha 0.001,1,178,-4,-1234,178,-1234
alpha 0.001,1,179,-4,-1238,179,-1238
alpha 0.001,1,180,-4,-1242,180,-1242
alpha 0.001,1,181,-4,-1246,181,-1246
alpha 0.001,1,182,-4,-1250,182,-1250
alpha 0.001,1,183,-5,-1255,183,-1255
alpha 0.001,1,184,-5,-1260,184,-1260
alpha 0.001,1,185,-5,-1265,185,-1265
alpha 0.001,1,186,-5,-1270,186,-1270
alpha 0.001,1,187,-5,-1275,187,-1275
alpha 0.001,1,188,-5,-1280,188,-1280
alpha 0.001,1,189,-6,-1286,189,-1286
alpha 0.001,1,190,-6,-1292,190,-1292
alpha 0.001,1,191,-6,-1298,191,-1298
alpha 0.001,1,192,-6,-1304,192,-1304
alpha 0.001,1,193,-6,-1310,193,-1310
alpha 0.001,1,194,-6,-1316,194,-1316
alpha 0.001,1,195,-6,-1322,195,-1322
alpha 0.001,1,196,-8,-1330,196,-1330
alpha 0.001,1,197,-8,-1338,197,-1338
alpha 0.001,1,198,-8,-1346,198,-1346
alpha 0.001,1,199,-8,-1354,199,-1354
alpha 0.001,1,200,-8,-1362,200,-1362
alpha 0.001,1,201,-8,-1370,201,-1370
alpha 0.001,1,202,-8,-1378,202,-1378
alpha 0.001,1,203,-10,-1388,203,-1388
alpha 0.001,1,204,-10,-1398,204,-1398
alpha 0.001,1,205,-10,-1408,205,-1408
alpha 0.001,1,206,-10,-1418,206,-1418
alpha 0.001,1,207,-10,-1428,207,-1428
alpha 0.001,1,208,-10,-1438,208,-1438
alpha 0.001,1,209,-10,-1448,209,-1448
alpha 0.001,1,210,-10,-1458,210,-1458
alpha 0.001,1,211,-10,-1468,211,-1468
alpha 0.001,1,212,-10,-1478,212,-1478
alpha 0.001,1,213,-10,-1488,213,-1488
alpha 0.001,1,214,-10,-1498,214,-1498
alpha 0.001,1,215,-10,-1508,215,-1508
alpha 0.001,1,216,-10,-1518,216,-1518
alpha 0.001,1,217,-10,-1528,217,-1528
alpha 0.001,1,218,-10,-1538,218,-1538
alpha 0.001,1,219,-10,-1548,219,-1548
alpha 0.001,1,220,-10,-1558,220,-1558
alpha 0.001,1,221,-10,-1568,221,-1568
alpha 0.001,1,222,-10,-1578,222,-1578
alpha 0.001,1,223,-10,-1588,223,-1588
alpha 0.001,1,224,-10,-1598,224,-1598
alpha 0.001,1,225,-10,-1608,225,-1608
alpha 0.001,1,226,-10,-1618,226,-1618
alpha 0.001,1,227,-10,-1628,227,-1628
alpha 0.001,1,228,-10,-1638,228,-1638
alpha 0.001,1,229,-10,-1648,229,-1648
alpha 0.001,1,230,-10,-1658,230,-1658
alpha 0.001,1,231,-10,-1668,231,-1668
alpha 0.001,1,232,-10,-1678,232,-1678
alpha 0.001,1,233,-10,-1688,233,-1688
alpha 0.001,1,234,-10,-1698,234,-1698
alpha 0.001,1,235,-10,-1708,235,-1708
alpha 0.001,1,236,-10,-1718,236,-1718
alpha 0.001,1,237,-10,-1728,237,-1728
alpha 0.001,1,238,-10,-1738,238,-1738
alpha 0.001,1,239,-10,-1748,239,-1748
alpha 0.001,1,240,-10,-1758,240,-1758
alpha 0.001,1,241,-10,-1768,241,-1768
alpha 0.001,1,242,-10,-1778,242,-1778
alpha 0.001,1,243,-10,-1788,243,-1788
alpha 0.001,1,244,-10,-1798,244,-1798
alpha 0.001,1,245,-10,-1808,245,-1808
alpha 0.001,1,246,-8,-1816,246,-1816
alpha 0.001,1,247,-8,-1824,247,-1824
alpha 0.001,1,248,-8,-1832,248,-1832
alpha 0.001,1,249,-8,-1840,249,-1840
alpha 0.001,1,250,-8,-1848,250,-1848
alpha 0.001,1,251,-8,-1856,251,-1856
alpha 0.001,1,252,-8,-1864,252,-1864
alpha 0.001,1,253,-8,-1872,253,-1872
alpha 0.001,1,254,-8,-1880,254,-1880
alpha 0.001,1,255,-8,-1888,255,-1888
alpha 0.001,1,256,-8,-1896,256,-1896
alpha 0.001,1,257,-7,-1903,257,-1903
alpha 0.001,1,258,-7,-1910,258,-1910
alpha 0.001,1,259,-7,-1917,259,-1917
alpha 0.001,1,260,-7,-1924,260,-1924
alpha 0.001,1,261,-7,-1931,261,-1931
alpha 0.001,1,262,-7,-1938,262,-1938
alpha 0.001,1,263,-7,-1945,263,-1945
alpha 0.001,1,264,-7,-1952,264,-1952
alpha 0.001,1,265,-7,-1959,265,-1959
alpha 0.001,1,266,-7,-1966,266,-1966
alpha 0.001,1,267,-6,-1972,267,-1972
alpha 0.001,1,268,-6,-1978,268,-1978
alpha 0.001,1,269,-6,-1984,269,-1984
alpha 0.001,1,270,-5,-1989,270,-1989
alpha 0.001,1,271,-5,-1994,271,-1994
alpha 0.001,1,272,-5,-1999,272,-1999
alpha 0.001,1,273,-5,-2004,273,-2004
alpha 0.001,1,274,-5,-2009,274,-2009
alpha 0.001,1,275,-5,-2014,275,-2014
alpha 0.001,1,276,-5,-2019,276,-2019
alpha 0.001,1,277,-5,-2024,277,-2024
alpha 0.001,1,278,-5,-2029,278,-2029
alpha 0.001,1,279,-5,-2034,279,-2034
alpha 0.001,1,280,-5,-2039,280,-2039
alpha 0.001,1,281,-5,-2044,281,-2044
alpha 0.001,1,282,-6,-2050,282,-2050
alpha 0.001,1,283,-6,-2056,283,-2056
alpha 0.001,1,284,-6,-2062,284,-2062
alpha 0.001,1,285,-6,-2068,285,-2068
alpha 0.001,1,286,-7,-2075,286,-2075
alpha 0.001,1,287,-7,-2082,287,-2082
alpha 0.001,1,288,-7,-2089,288,-2089
alpha 0.001,1,289,-7,-2096,289,-2096
alpha 0.001,1,290,-7,-2103,290,-2103
alpha 0.001,1,291,-7,-2110,291,-2110
alpha 0.001,1,292,-7,-2117,292,-2117
alpha 0.001,1,293,-7,-2124,293,-2124
alpha 0.001,1,294,-7,-2131,294,-2131
alpha 0.001,1,295,-7,-2138,295,-2138
alpha 0.001,1,296,-7,-2145,296,-2145
alpha 0.001,1,297,-7,-2152,297,-2152
alpha 0.001,1,298,-7,-2159,298,-2159
alpha 0.001,1,299,-7,-2166,299,-2166
alpha 0.001,1,300,-7,-2173,300,-2173
alpha 0.001,1,301,-8,-2181,301,-2181
alpha 0.001,1,302,-8,-2189,302,-2189
alpha 0.001,1,303,-8,-2197,303,-2197
alpha 0.001,1,304,-8,-2205,304,-2205
alpha 0.001,1,305,-8,-2213,305,-2213
alpha 0.001,1,306,-8,-2221,306,-2221
alpha 0.001,1,307,-8,-2229,307,-2229
alpha 0.001,1,308,-8,-2237,308,-2237
alpha 0.001,1,309,-8,-2245,309,-2245
alpha 0.001,1,310,-8,-2253,310,-2253
alpha 0.001,1,311,-8,-2261,311,-2261
alpha 0.001,1,312,-10,-2271,312,-2271
alpha 0.001,1,313,-10,-2281,313,-2281
alpha 0.001,1,314,-10,-2291,314,-2291
alpha 0.001,1,315,-10,-2301,315,-2301
alpha 0.001,1,316,-10,-2311,316,-2311
alpha 0.001,1,317,-10,-2321,317,-2321
alpha 0.001,1,318,-10,-2331,318,-2331
alpha 0.001,1,319,-10,-2341,319,-2341
alpha 0.001,1,320,-10,-2351,320,-2351
alpha 0.001,1,321,-10,-2361,321,-2361
alpha 0.001,1,322,-10,-2371,322,-2371
alpha 0.001,1,323,-10,-2381,323,-2381
alpha 0.001,1,324,-10,-2391,324,-2391
alpha 0.001,1,325,-10,-2401,325,-2401
alpha 0.001,1,326,-10,-2411,326,-2411
alpha 0.001,1,327,-10,-2421,327,-2421
alpha 0.001,1,328,-10,-2431,328,-2431
alpha 0.001,1,329,-10,-2441,329,-2441
alpha 0.001,1,330,-10,-2451,330,-2451
alpha 0.001,1,331,-10,-2461,331,-2461
alpha 0.001,1,332,-10,-2471,332,-2471
alpha 0.001,1,333,-10,-2481,333,-2481
alpha 0.001,1,334,-10,-2491,334,-2491
alpha 0.001,1,335,-10,-2501,335,-2501
alpha 0.001,1,336,-10,-2511,336,-2511
alpha 0.001,1,337,-10,-2521,337,-2521
alpha 0.001,1,338,-10,-2531,338,-2531
alpha 0.001,1,339,-10,-2541,339,-2541
alpha 0.001,1,340,-10,-2551,340,-2551
alpha 0.001,1,341,-10,-2561,341,-2561
alpha 0.001,1,342,-10,-2571,342,-2571
alpha 0.001,1,343,-10,-2581,343,-2581
alpha 0.001,1,344,-10,-2591,344,-2591
alpha 0.001,1,345,-10,-2601,345,-2601
alpha 0.001,1,346,-10,-2611,346,-2611
alpha 0.001,1,347,-10,-2621,347,-2621
alpha 0.001,1,348,-10,-2631,348,-2631
alpha 0.001,1,349,-10,-2641,349,-2641
alpha 0.001,1,350,-8,-2649,350,-2649
alpha 0.001,1,351,-8,-2657,351,-2657
alpha 0.001,1,352,-8,-2665,352,-2665
alpha 0.001,1,353,-8,-2673,353,-2673
alpha 0.001,1,354,-8,-2681,354,-2681
alpha 0.001,1,355,-8,-2689,355,-2689
alpha 0.001,1,356,-6,-2695,356,-2695
alpha 0.001,1,357,-6,-2701,357,-2701
alpha 0.001,1,358,-6,-2707,358,-2707
alpha 0.001,1,359,-6,-2713,359,-2713
alpha 0.001,1,360,-6,-2719,360,-2719
alpha 0.001,1,361,-6,-2725,361,-2725
alpha 0.001,1,362,-6,-2731,362,-2731
alpha 0.001,1,363,-6,-2737,363,-2737
alpha 0.001,1,364,-6,-2743,364,-2743
alpha 0.001,1,365,-6,-2749,365,-2749
alpha 0.001,1,366,-5,-2754,366,-2754
alpha 0.001,1,367,-5,-2759,367,-2759
alpha 0.001,1,368,-5,-2764,368,-2764
alpha 0.001,1,369,-5,-2769,369,-2769
alpha 0.001,1,370,-5,-2774,370,-2774
alpha 0.001,1,371,-5,-2779,371,-2779
alpha 0.001,1,372,-5,-2784,372,-2784
alpha 0.001,1,373,-5,-2789,373,-2789
alpha 0.001,1,374,-5,-2794,374,-2794
alpha 0.001,1,375,-5,-2799,375,-2799
alpha 0.001,1,376,-5,-2804,376,-2804
alpha 0.001,1,377,-5,-2809,377,-2809
alpha 0.001,1,378,-5,-2814,378,-2814
alpha 0.001,1,379,-3,-2817,379,-2817
alpha 0.001,1,380,-3,-2820,380,-2820
alpha 0.001,1,381,-3,-2823,381,-2823
alpha 0.001,1,382,-3,-2826,382,-2826
alpha 0.001,1,383,-3,-2829,383,-2829
alpha 0.001,1,384,-3,-2832,384,-2832
alpha 0.001,1,385,-2,-2834,385,-2834
alpha 0.001,1,386,-2,-2836,386,-2836
alpha 0.001,1,387,-2,-2838,387,-2838
alpha 0.001,1,388,-2,-2840,388,-2840
alpha 0.001,1,389,-3,-2843,389,-2843
alpha 0.001,1,390,-3,-2846,390,-2846
alpha 0.001,1,391,-3,-2849,391,-2849
alpha 0.001,1,392,-3,-2852,392,-2852
alpha 0.001,1,393,-3,-2855,393,-2855
alpha 0.001,1,394,-3,-2858,394,-2858
alpha 0.001,1,395,-3,-2861,395,-2861
alpha 0.001,1,396,-2,-2863,396,-2863
alpha 0.001,1,397,-2,-2865,397,-2865
alpha 0.001,1,398,-2,-2867,398,-2867
alpha 0.001,1,399,-2,-2869,399,-2869
alpha 0.001,1,400,-2,-2871,400,-2871
alpha 0.001,1,401,-3,-2874,401,-2874
alpha 0.001,1,402,-3,-2877,402,-2877
alpha 0.001,1,403,-2,-2879,403,-2879
alpha 0.001,1,404,-2,-2881,404,-2881
alpha 0.001,1,405,-2,-2883,405,-2883
alpha 0.001,1,406,-2,-2885,406,-2885
alpha 0.001,1,407,-2,-2887,407,-2887
alpha 0.001,1,408,-2,-2889,408,-2889
alpha 0.001,1,409,-2,-2891,409,-2891
alpha 0.001,1,410,-2,-2893,410,-2893
alpha 0.001,1,411,-3,-2896,411,-2896
alpha 0.001,1,412,-3,-2899,412,-2899
alpha 0.001,1,413,-3,-2902,413,-2902
alpha 0.001,1,414,-3,-2905,414,-2905
alpha 0.001,1,415,-1,-2906,415,-2906
alpha 0.001,1,416,1,-2905,416,-2905
alpha 0.001,1,417,1,-2904,417,-2904
alpha 0.001,1,418,-1,-2905,418,-2905
alpha 0.001,1,419,1,-2904,419,-2904
alpha 0.001,1,420,1,-2903,420,-2903
alpha 0.001,1,421,-2,-2905,421,-2905
alpha 0.001,1,422,-1,-2906,422,-2906
alpha 0.001,1,423,1,-2905,423,-2905
alpha 0.001,1,424,1,-2904,424,-2904
alpha 0.001,1,425,2,-2902,425,-2902
alpha 0.001,1,426,1,-2901,426,-2901
alpha 0.001,1,427,-2,-2903,427,-2903
alpha 0.001,1,428,-2,-2905,428,-2905
alpha 0.001,1,429,-2,-2907,429,-2907
alpha 0.001,1,430,-2,-2909,430,-2909
alpha 0.001,1,431,-3,-2912,431,-2912
alpha 0.001,1,432,-5,-2917,432,-2917
alpha 0.001,1,433,-3,-2920,433,-2920
alpha 0.001,1,434,-2,-2922,434,-2922
alpha 0.001,1,435,-2,-2924,435,-2924
alpha 0.001,1,436,-2,-2926,436,-2926
alpha 0.001,1,437,-2,-2928,437,-2928
alpha 0.001,1,438,-2,-2930,438,-2930
alpha 0.001,1,439,-3,-2933,439,-2933
alpha 0.001,1,440,-3,-2936,440,-2936
alpha 0.001,1,441,-4,-2940,441,-2940
alpha 0.001,1,442,-4,-2944,442,-2944
alpha 0.001,1,443,-3,-2947,443,-2947
alpha 0.001,1,444,2,-2945,444,-2945
alpha 0.001,1,445,1,-2944,445,-2944
alpha 0.001,1,446,1,-2943,446,-2943
alpha 0.001,1,447,-1,-2944,447,-2944
alpha 0.001,1,448,-2,-2946,448,-2946
alpha 0.001,1,449,-2,-2948,449,-2948
alpha 0.001,1,450,-3,-2951,450,-2951
alpha 0.001,1,451,-3,-2954,451,-2954
alpha 0.001,1,452,-3,-2957,452,-2957
alpha 0.001,1,453,-3,-2960,453,-2960
alpha 0.001,1,454,-3,-2963,454,-2963
alpha 0.001,1,455,-3,-2966,455,-2966
alpha 0.001,1,456,-3,-2969,456,-2969
alpha 0.001,1,457,-2,-2971,457,-2971
alpha 0.001,1,458,-3,-2974,458,-2974
alpha 0.001,1,459,-3,-2977,459,-2977
alpha 0.001,1,460,-3,-2980,460,-2980
alpha 0.001,1,461,-4,-2984,461,-2984
alpha 0.001,1,462,-5,-2989,462,-2989
alpha 0.001,1,463,-5,-2994,463,-2994
alpha 0.001,1,464,-5,-2999,464,-2999
alpha 0.001,1,465,-5,-3004,465,-3004
alpha 0.001,1,466,-5,-3009,466,-3009
alpha 0.001,1,467,-5,-3014,467,-3014
alpha 0.001,1,468,-5,-3019,468,-3019
alpha 0.001,1,469,-5,-3024,469,-3024
alpha 0.001,1,470,-5,-3029,470,-3029
alpha 0.001,1,471,-5,-3034,471,-3034
alpha 0.001,1,472,-5,-3039,472,-3039
alpha 0.001,1,473,-5,-3044,473,-3044
alpha 0.001,1,474,-5,-3049,474,-3049
alpha 0.001,1,475,-5,-3054,475,-3054
alpha 0.001,1,476,-5,-3059,476,-3059
alpha 0.001,1,477,-5,-3064,477,-3064
alpha 0.001,1,478,-5,-3069,478,-3069
alpha 0.001,1,479,-5,-3074,479,-3074
alpha 0.001,1,480,-5,-3079,480,-3079
alpha 0.001,1,481,-5,-3084,481,-3084
alpha 0.001,1,482,-5,-3089,482,-3089
alpha 0.001,1,483,-5,-3094,483,-3094
alpha 0.001,1,484,-5,-3099,484,-3099
alpha 0.001,1,485,-5,-3104,485,-3104
alpha 0.001,1,486,-5,-3109,486,-3109
alpha 0.001,1,487,-5,-3114,487,-3114
alpha 0.001,1,488,-5,-3119,488,-3119
alpha 0.001,1,489,-5,-3124,489,-3124
alpha 0.001,1,490,-7,-3131,490,-3131
alpha 0.001,1,491,-7,-3138,491,-3138
alpha 0.001,1,492,-7,-3145,492,-3145
alpha 0.001,1,493,-7,-3152,493,-3152
alpha 0.001,1,494,-7,-3159,494,-3159
alpha 0.001,1,495,-7,-3166,495,-3166
alpha 0.001,1,496,-7,-3173,496,-3173
alpha 0.001,1,497,-7,-3180,497,-3180
alpha 0.001,1,498,-7,-3187,498,-3187
alpha 0.001,1,499,-7,-3194,499,-3194
alpha 0.001,1,500,-7,-3201,500,-3201
alpha 0.001,2,1,2,2,501,-3199
alpha 0.001,2,2,1,3,502,-3198
alpha 0.001,2,3,-2,1,503,-3200
alpha 0.001,2,4,-2,-1,504,-3202
alpha 0.001,2,5,-2,-3,505,-3204
alpha 0.001,2,6,-2,-5,506,-3206
alpha 0.001,2,7,-2,-7,507,-3208
alpha 0.001,2,8,-2,-9,508,-3210
alpha 0.001,2,9,-3,-12,509,-3213
alpha 0.001,2,10,-3,-15,510,-3216
alpha 0.001,2,11,-3,-18,511,-3219
alpha 0.001,2,12,-3,-21,512,-3222
alpha 0.001,2,13,-3,-24,513,-3225
alpha 0.001,2,14,-3,-27,514,-3228
alpha 0.001,2,15,-2,-29,515,-3230
alpha 0.001,2,16,-2,-31,516,-3232
alpha 0.001,2,17,-2,-33,517,-3234
alpha 0.001,2,18,-2,-35,518,-3236
alpha 0.001,2,19,-2,-37,519,-3238
alpha 0.001,2,20,-2,-39,520,-3240
alpha 0.001,2,21,-2,-41,521,-3242
alpha 0.001,2,22,-2,-43,522,-3244
alpha 0.001,2,23,-3,-46,523,-3247
alpha 0.001,2,24,-3,-49,524,-3250
alpha 0.001,2,25,-3,-52,525,-3253
alpha 0.001,2,26,-3,-55,526,-3256
alpha 0.001,2,27,-3,-58,527,-3259
alpha 0.001,2,28,-3,-61,528,-3262
alpha 0.001,2,29,-3,-64,529,-3265
alpha 0.001,2,30,-3,-67,530,-3268
alpha 0.001,2,31,-3,-70,531,-3271
alpha 0.001,2,32,-4,-74,532,-3275
alpha 0.001,2,33,-4,-78,533,-3279
alpha 0.001,2,34,-3,-81,534,-3282
alpha 0.001,2,35,-4,-85,535,-3286
alpha 0.001,2,36,-4,-89,536,-3290
alpha 0.001,2,37,-4,-93,537,-3294
alpha 0.001,2,38,-4,-97,538,-3298
alpha 0.001,2,39,-4,-101,539,-3302
alpha 0.001,2,40,-4,-105,540,-3306
alpha 0.001,2,41,-5,-110,541,-3311
alpha 0.001,2,42,-5,-115,542,-3316
alpha 0.001,2,43,-5,-120,543,-3321
alpha 0.001,2,44,-5,-125,544,-3326
alpha 0.001,2,45,-5,-130,545,-3331
alpha 0.001,2,46,-5,-135,546,-3336
alpha 0.001,2,47,-5,-140,547,-3341
alpha 0.001,2,48,-5,-145,548,-3346
alpha 0.001,2,49,-5,-150,549,-3351
alpha 0.001,2,50,-5,-155,550,-3356
alpha 0.001,2,51,-5,-160,551,-3361
alpha 0.001,2,52,-5,-165,552,-3366
alpha 0.001,2,53,-5,-170,553,-3371
alpha 0.001,2,54,-5,-175,554,-3376
alpha 0.001,2,55,-5,-180,555,-3381
alpha 0.001,2,56,-5,-185,556,-3386
alpha 0.001,2,57,-4,-189,557,-3390
alpha 0.001,2,58,-4,-193,558,-3394
alpha 0.001,2,59,-4,-197,559,-3398
alpha 0.001,2,60,-4,-201,560,-3402
alpha 0.001,2,61,-4,-205,561,-3406
alpha 0.001,2,62,-4,-209,562,-3410
alpha 0.001,2,63,-4,-213,563,-3414
alpha 0.001,2,64,-4,-217,564,-3418
alpha 0.001,2,65,-4,-221,565,-3422
alpha 0.001,2,66,-4,-225,566,-3426
alpha 0.001,2,67,-4,-229,567,-3430
alpha 0.001,2,68,-4,-233,568,-3434
alpha 0.001,2,69,-4,-237,569,-3438
alpha 0.001,2,70,-4,-241,570,-3442
alpha 0.001,2,71,-4,-245,571,-3446
alpha 0.001,2,72,-4,-249,572,-3450
alpha 0.001,2,73,-4,-253,573,-3454
alpha 0.001,2,74,-4,-257,574,-3458
alpha 0.001,2,75,-4,-261,575,-3462
alpha 0.001,2,76,-4,-265,576,-3466
alpha 0.001,2,77,-4,-269,577,-3470
alpha 0.001,2,78,-4,-273,578,-3474
alpha 0.001,2,79,-4,-277,579,-3478
alpha 0.001,2,80,-4,-281,580,-3482
alpha 0.001,2,81,-4,-285,581,-3486
alpha 0.001,2,82,-4,-289,582,-3490
alpha 0.001,2,83,-4,-293,583,-3494
alpha 0.001,2,84,-4,-297,584,-3498
alpha 0.001,2,85,-4,-301,585,-3502
alpha 0.001,2,86,-4,-305,586,-3506
alpha 0.001,2,87,-4,-309,587,-3510
alpha 0.001,2,88,-4,-313,588,-3514
alpha 0.001,2,89,-4,-317,589,-3518
alpha 0.001,2,90,-4,-321,590,-3522
alpha 0.001,2,91,-5,-326,591,-3527
alpha 0.001,2,92,-4,-330,592,-3531
alpha 0.001,2,93,-3,-333,593,-3534
alpha 0.001,2,94,-3,-336,594,-3537
alpha 0.001,2,95,-3,-339,595,-3540
alpha 0.001,2,96,-3,-342,596,-3543
alpha 0.001,2,97,-3,-345,597,-3546
alpha 0.001,2,98,-2,-347,598,-3548
alpha 0.001,2,99,-2,-349,599,-3550
alpha 0.001,2,100,-2,-351,600,-3552
alpha 0.001,2,101,-2,-353,601,-3554
alpha 0.001,2,102,-2,-355,602,-3556
alpha 0.001,2,103,-2,-357,603,-3558
alpha 0.001,2,104,-2,-359,604,-3560
alpha 0.001,2,105,-2,-361,605,-3562
alpha 0.001,2,106,-2,-363,606,-3564
alpha 0.001,2,107,-2,-365,607,-3566
alpha 0.001,2,108,-2,-367,608,-3568
alpha 0.001,2,109,-2,-369,609,-3570
alpha 0.001,2,110,-2,-371,610,-3572
alpha 0.001,2,111,-2,-373,611,-3574
alpha 0.001,2,112,-2,-375,612,-3576
alpha 0.001,2,113,-2,-377,613,-3578
alpha 0.001,2,114,-2,-379,614,-3580
alpha 0.001,2,115,-2,-381,615,-3582
alpha 0.001,2,116,-2,-383,616,-3584
alpha 0.001,2,117,-2,-385,617,-3586
alpha 0.001,2,118,-2,-387,618,-3588
alpha 0.001,2,119,-2,-389,619,-3590
alpha 0.001,2,120,-1,-390,620,-3591
alpha 0.001,2,121,-1,-391,621,-3592
alpha 0.001,2,122,-1,-392,622,-3593
alpha 0.001,2,123,-2,-394,623,-3595
alpha 0.001,2,124,-2,-396,624,-3597
alpha 0.001,2,125,-2,-398,625,-3599
alpha 0.001,2,126,-2,-400,626,-3601
alpha 0.001,2,127,-2,-402,627,-3603
alpha 0.001,2,128,-2,-404,628,-3605
alpha 0.001,2,129,-2,-406,629,-3607
alpha 0.001,2,130,-2,-408,630,-3609
alpha 0.001,2,131,-2,-410,631,-3611
alpha 0.001,2,132,-2,-412,632,-3613
alpha 0.001,2,133,-2,-414,633,-3615
alpha 0.001,2,134,-2,-416,634,-3617
alpha 0.001,2,135,-2,-418,635,-3619
alpha 0.001,2,136,-2,-420,636,-3621
alpha 0.001,2,137,-2,-422,637,-3623
alpha 0.001,2,138,-3,-425,638,-3626
alpha 0.001,2,139,-3,-428,639,-3629
alpha 0.001,2,140,-3,-431,640,-3632
alpha 0.001,2,141,-3,-434,641,-3635
alpha 0.001,2,142,-3,-437,642,-3638
alpha 0.001,2,143,-3,-440,643,-3641
alpha 0.001,2,144,-3,-443,644,-3644
alpha 0.001,2,145,-3,-446,645,-3647
alpha 0.001,2,146,-3,-449,646,-3650
alpha 0.001,2,147,-3,-452,647,-3653
alpha 0.001,2,148,-3,-455,648,-3656
alpha 0.001,2,149,-3,-458,649,-3659
alpha 0.001,2,150,-3,-461,650,-3662
alpha 0.001,2,151,-2,-463,651,-3664
alpha 0.001,2,152,-2,-465,652,-3666
alpha 0.001,2,153,-2,-467,653,-3668
alpha 0.001,2,154,-3,-470,654,-3671
alpha 0.001,2,155,-3,-473,655,-3674
alpha 0.001,2,156,-3,-476,656,-3677
alpha 0.001,2,157,-3,-479,657,-3680
alpha 0.001,2,158,-3,-482,658,-3683
alpha 0.001,2,159,-3,-485,659,-3686
alpha 0.001,2,160,-3,-488,660,-3689
alpha 0.001,2,161,-3,-491,661,-3692
alpha 0.001,2,162,-3,-494,662,-3695
alpha 0.001,2,163,-3,-497,663,-3698
alpha 0.001,2,164,-3,-500,664,-3701
alpha 0.001,2,165,-3,-503,665,-3704
alpha 0.001,2,166,-3,-506,666,-3707
alpha 0.001,2,167,-3,-509,667,-3710
alpha 0.001,2,168,-3,-512,668,-3713
alpha 0.001,2,169,-2,-514,669,-3715
alpha 0.001,2,170,-2,-516,670,-3717
alpha 0.001,2,171,-2,-518,671,-3719
alpha 0.001,2,172,-2,-520,672,-3721
alpha 0.001,2,173,-3,-523,673,-3724
alpha 0.001,2,174,-3,-526,674,-3727
alpha 0.001,2,175,-2,-528,675,-3729
alpha 0.001,2,176,-2,-530,676,-3731
alpha 0.001,2,177,-2,-532,677,-3733
alpha 0.001,2,178,-2,-534,678,-3735
alpha 0.001,2,179,-2,-536,679,-3737
alpha 0.001,2,180,-2,-538,680,-3739
alpha 0.001,2,181,-1,-539,681,-3740
alpha 0.001,2,182,-1,-540,682,-3741
alpha 0.001,2,183,-1,-541,683,-3742
alpha 0.001,2,184,-1,-542,684,-3743
alpha 0.001,2,185,-1,-543,685,-3744
alpha 0.001,2,186,-1,-544,686,-3745
alpha 0.001,2,187,-1,-545,687,-3746
alpha 0.001,2,188,-1,-546,688,-3747
alpha 0.001,2,189,1,-545,689,-3746
alpha 0.001,2,190,1,-544,690,-3745
alpha 0.001,2,191,1,-543,691,-3744
alpha 0.001,2,192,-1,-544,692,-3745
alpha 0.001,2,193,-1,-545,693,-3746
alpha 0.001,2,194,1,-544,694,-3745
alpha 0.001,2,195,4,-540,695,-3741
alpha 0.001,2,196,2,-538,696,-3739
alpha 0.001,2,197,-1,-539,697,-3740
alpha 0.001,2,198,-2,-541,698,-3742
alpha 0.001,2,199,-3,-544,699,-3745
alpha 0.001,2,200,1,-543,700,-3744
alpha 0.001,2,201,1,-542,701,-3743
alpha 0.001,2,202,1,-541,702,-3742
alpha 0.001,2,203,1,-540,703,-3741
alpha 0.001,2,204,1,-539,704,-3740
alpha 0.001,2,205,1,-538,705,-3739
alpha 0.001,2,206,1,-537,706,-3738
alpha 0.001,2,207,1,-536,707,-3737
alpha 0.001,2,208,1,-535,708,-3736
alpha 0.001,2,209,1,-534,709,-3735
alpha 0.001,2,210,1,-533,710,-3734
alpha 0.001,2,211,-2,-535,711,-3736
alpha 0.001,2,212,-2,-537,712,-3738
alpha 0.001,2,213,-2,-539,713,-3740
alpha 0.001,2,214,-2,-541,714,-3742
alpha 0.001,2,215,-2,-543,715,-3744
alpha 0.001,2,216,-2,-545,716,-3746
alpha 0.001,2,217,-2,-547,717,-3748
alpha 0.001,2,218,-2,-549,718,-3750
alpha 0.001,2,219,-2,-551,719,-3752
alpha 0.001,2,220,-2,-553,720,-3754
alpha 0.001,2,221,1,-552,721,-3753
alpha 0.001,2,222,1,-551,722,-3752
alpha 0.001,2,223,1,-550,723,-3751
alpha 0.001,2,224,1,-549,724,-3750
alpha 0.001,2,225,1,-548,725,-3749
alpha 0.001,2,226,1,-547,726,-3748
alpha 0.001,2,227,1,-546,727,-3747
alpha 0.001,2,228,1,-545,728,-3746
alpha 0.001,2,229,1,-544,729,-3745
alpha 0.001,2,230,1,-543,730,-3744
alpha 0.001,2,231,1,-542,731,-3743
alpha 0.001,2,232,-2,-544,732,-3745
alpha 0.001,2,233,-2,-546,733,-3747
alpha 0.001,2,234,-2,-548,734,-3749
alpha 0.001,2,235,-2,-550,735,-3751
alpha 0.001,2,236,-2,-552,736,-3753
alpha 0.001,2,237,-2,-554,737,-3755
alpha 0.001,2,238,-2,-556,738,-3757
alpha 0.001,2,239,-2,-558,739,-3759
alpha 0.001,2,240,-2,-560,740,-3761
alpha 0.001,2,241,-2,-562,741,-3763
alpha 0.001,2,242,-2,-564,742,-3765
alpha 0.001,2,243,-2,-566,743,-3767
alpha 0.001,2,244,-2,-568,744,-3769
alpha 0.001,2,245,-2,-570,745,-3771
alpha 0.001,2,246,-2,-572,746,-3773
alpha 0.001,2,247,-2,-574,747,-3775
alpha 0.001,2,248,-2,-576,748,-3777
alpha 0.001,2,249,-2,-578,749,-3779
alpha 0.001,2,250,-2,-580,750,-3781
alpha 0.001,2,251,-2,-582,751,-3783
alpha 0.001,2,252,-2,-584,752,-3785
alpha 0.001,2,253,-2,-586,753,-3787
alpha 0.001,2,254,-2,-588,754,-3789
alpha 0.001,2,255,-2,-590,755,-3791
alpha 0.001,2,256,-2,-592,756,-3793
alpha 0.001,2,257,-2,-594,757,-3795
alpha 0.001,2,258,-2,-596,758,-3797
alpha 0.001,2,259,-2,-598,759,-3799
alpha 0.001,2,260,-2,-600,760,-3801
alpha 0.001,2,261,-2,-602,761,-3803
alpha 0.001,2,262,-2,-604,762,-3805
alpha 0.001,2,263,-2,-606,763,-3807
alpha 0.001,2,264,-2,-608,764,-3809
alpha 0.001,2,265,-2,-610,765,-3811
alpha 0.001,2,266,-2,-612,766,-3813
alpha 0.001,2,267,-2,-614,767,-3815
alpha 0.001,2,268,-2,-616,768,-3817
alpha 0.001,2,269,-2,-618,769,-3819
alpha 0.001,2,270,-2,-620,770,-3821
alpha 0.001,2,271,-2,-622,771,-3823
alpha 0.001,2,272,-2,-624,772,-3825
alpha 0.001,2,273,-2,-626,773,-3827
alpha 0.001,2,274,-2,-628,774,-3829
alpha 0.001,2,275,-2,-630,775,-3831
alpha 0.001,2,276,-2,-632,776,-3833
alpha 0.001,2,277,-3,-635,777,-3836
alpha 0.001,2,278,-3,-638,778,-3839
alpha 0.001,2,279,-3,-641,779,-3842
alpha 0.001,2,280,-3,-644,780,-3845
alpha 0.001,2,281,-3,-647,781,-3848
alpha 0.001,2,282,-3,-650,782,-3851
alpha 0.001,2,283,-3,-653,783,-3854
alpha 0.001,2,284,-3,-656,784,-3857
alpha 0.001,2,285,-2,-658,785,-3859
alpha 0.001,2,286,-2,-660,786,-3861
alpha 0.001,2,287,-2,-662,787,-3863
alpha 0.001,2,288,-2,-664,788,-3865
alpha 0.001,2,289,-2,-666,789,-3867
alpha 0.001,2,290,-2,-668,790,-3869
alpha 0.001,2,291,-2,-670,791,-3871
alpha 0.001,2,292,-2,-672,792,-3873
alpha 0.001,2,293,-2,-674,793,-3875
alpha 0.001,2,294,-3,-677,794,-3878
alpha 0.001,2,295,-3,-680,795,-3881
alpha 0.001,2,296,-3,-683,796,-3884
alpha 0.001,2,297,-3,-686,797,-3887
alpha 0.001,2,298,-3,-689,798,-3890
alpha 0.001,2,299,-3,-692,799,-3893
alpha 0.001,2,300,-3,-695,800,-3896
alpha 0.001,2,301,-3,-698,801,-3899
alpha 0.001,2,302,-3,-701,802,-3902
alpha 0.001,2,303,-3,-704,803,-3905
alpha 0.001,2,304,-3,-707,804,-3908
alpha 0.001,2,305,-3,-710,805,-3911
alpha 0.001,2,306,-3,-713,806,-3914
alpha 0.001,2,307,-3,-716,807,-3917
alpha 0.001,2,308,-3,-719,808,-3920
alpha 0.001,2,309,-3,-722,809,-3923
alpha 0.001,2,310,-3,-725,810,-3926
alpha 0.001,2,311,-3,-728,811,-3929
alpha 0.001,2,312,-3,-731,812,-3932
alpha 0.001,2,313,-3,-734,813,-3935
alpha 0.001,2,314,-3,-737,814,-3938
alpha 0.001,2,315,-3,-740,815,-3941
alpha 0.001,2,316,-3,-743,816,-3944
alpha 0.001,2,317,-3,-746,817,-3947
alpha 0.001,2,318,-3,-749,818,-3950
alpha 0.001,2,319,-3,-752,819,-3953
alpha 0.001,2,320,-3,-755,820,-3956
alpha 0.001,2,321,-3,-758,821,-3959
alpha 0.001,2,322,-3,-761,822,-3962
alpha 0.001,2,323,-2,-763,823,-3964
alpha 0.001,2,324,-2,-765,824,-3966
alpha 0.001,2,325,-3,-768,825,-3969
alpha 0.001,2,326,-3,-771,826,-3972
alpha 0.001,2,327,-3,-774,827,-3975
alpha 0.001,2,328,-3,-777,828,-3978
alpha 0.001,2,329,-3,-780,829,-3981
alpha 0.001,2,330,-3,-783,830,-3984
alpha 0.001,2,331,-3,-786,831,-3987
alpha 0.001,2,332,-2,-788,832,-3989
alpha 0.001,2,333,-2,-790,833,-3991
alpha 0.001,2,334,-2,-792,834,-3993
alpha 0.001,2,335,-2,-794,835,-3995
alpha 0.001,2,336,-2,-796,836,-3997
alpha 0.001,2,337,-2,-798,837,-3999
alpha 0.001,2,338,-2,-800,838,-4001
alpha 0.001,2,339,-2,-802,839,-4003
alpha 0.001,2,340,-2,-804,840,-4005
alpha 0.001,2,341,-2,-806,841,-4007
alpha 0.001,2,342,-2,-808,842,-4009
alpha 0.001,2,343,-2,-810,843,-4011
alpha 0.001,2,344,-2,-812,844,-4013
alpha 0.001,2,345,-2,-814,845,-4015
alpha 0.001,2,346,-2,-816,846,-4017
alpha 0.001,2,347,-2,-818,847,-4019
alpha 0.001,2,348,-2,-820,848,-4021
alpha 0.001,2,349,-2,-822,849,-4023
alpha 0.001,2,350,-2,-824,850,-4025
alpha 0.001,2,351,-2,-826,851,-4027
alpha 0.001,2,352,-2,-828,852,-4029
alpha 0.001,2,353,-2,-830,853,-4031
alpha 0.001,2,354,-2,-832,854,-4033
alpha 0.001,2,355,-2,-834,855,-4035
alpha 0.001,2,356,-2,-836,856,-4037
alpha 0.001,2,357,-2,-838,857,-4039
alpha 0.001,2,358,-2,-840,858,-4041
alpha 0.001,2,359,-2,-842,859,-4043
alpha 0.001,2,360,-2,-844,860,-4045
alpha 0.001,2,361,-2,-846,861,-4047
alpha 0.001,2,362,-2,-848,862,-4049
alpha 0.001,2,363,-2,-850,863,-4051
alpha 0.001,2,364,-2,-852,864,-4053
alpha 0.001,2,365,-2,-854,865,-4055
alpha 0.001,2,366,-2,-856,866,-4057
alpha 0.001,2,367,-2,-858,867,-4059
alpha 0.001,2,368,-2,-860,868,-4061
alpha 0.001,2,369,-2,-862,869,-4063
alpha 0.001,2,370,-2,-864,870,-4065
alpha 0.001,2,371,-2,-866,871,-4067
alpha 0.001,2,372,-2,-868,872,-4069
alpha 0.001,2,373,-2,-870,873,-4071
alpha 0.001,2,374,-3,-873,874,-4074
alpha 0.001,2,375,-3,-876,875,-4077
alpha 0.001,2,376,-3,-879,876,-4080
alpha 0.001,2,377,-3,-882,877,-4083
alpha 0.001,2,378,-3,-885,878,-4086
alpha 0.001,2,379,-3,-888,879,-4089
alpha 0.001,2,380,-3,-891,880,-4092
alpha 0.001,2,381,-3,-894,881,-4095
alpha 0.001,2,382,-3,-897,882,-4098
alpha 0.001,2,383,-3,-900,883,-4101
alpha 0.001,2,384,-3,-903,884,-4104
alpha 0.001,2,385,-3,-906,885,-4107
alpha 0.001,2,386,-3,-909,886,-4110
alpha 0.001,2,387,-3,-912,887,-4113
alpha 0.001,2,388,-3,-915,888,-4116
alpha 0.001,2,389,-3,-918,889,-4119
alpha 0.001,2,390,-3,-921,890,-4122
alpha 0.001,2,391,-3,-924,891,-4125
alpha 0.001,2,392,-3,-927,892,-4128
alpha 0.001,2,393,-3,-930,893,-4131
alpha 0.001,2,394,-3,-933,894,-4134
alpha 0.001,2,395,-3,-936,895,-4137
alpha 0.001,2,396,-3,-939,896,-4140
alpha 0.001,2,397,-3,-942,897,-4143
alpha 0.001,2,398,-3,-945,898,-4146
alpha 0.001,2,399,-3,-948,899,-4149
alpha 0.001,2,400,-3,-951,900,-4152
alpha 0.001,2,401,-3,-954,901,-4155
alpha 0.001,2,402,-3,-957,902,-4158
alpha 0.001,2,403,-3,-960,903,-4161
alpha 0.001,2,404,-3,-963,904,-4164
alpha 0.001,2,405,-3,-966,905,-4167
alpha 0.001,2,406,-3,-969,906,-4170
alpha 0.001,2,407,-3,-972,907,-4173
alpha 0.001,2,408,-3,-975,908,-4176
alpha 0.001,2,409,-3,-978,909,-4179
alpha 0.001,2,410,-3,-981,910,-4182
alpha 0.001,2,411,-3,-984,911,-4185
alpha 0.001,2,412,-3,-987,912,-4188
alpha 0.001,2,413,-3,-990,913,-4191
alpha 0.001,2,414,-3,-993,914,-4194
alpha 0.001,2,415,-3,-996,915,-4197
alpha 0.001,2,416,-3,-999,916,-4200
alpha 0.001,2,417,-3,-1002,917,-4203
alpha 0.001,2,418,-3,-1005,918,-4206
alpha 0.001,2,419,-3,-1008,919,-4209
alpha 0.001,2,420,-3,-1011,920,-4212
alpha 0.001,2,421,-3,-1014,921,-4215
alpha 0.001,2,422,-2,-1016,922,-4217
alpha 0.001,2,423,-2,-1018,923,-4219
alpha 0.001,2,424,-2,-1020,924,-4221
alpha 0.001,2,425,-2,-1022,925,-4223
alpha 0.001,2,426,-2,-1024,926,-4225
alpha 0.001,2,427,-2,-1026,927,-4227
alpha 0.001,2,428,-2,-1028,928,-4229
alpha 0.001,2,429,-2,-1030,929,-4231
alpha 0.001,2,430,-2,-1032,930,-4233
alpha 0.001,2,431,-2,-1034,931,-4235
alpha 0.001,2,432,-2,-1036,932,-4237
alpha 0.001,2,433,-2,-1038,933,-4239
alpha 0.001,2,434,-2,-1040,934,-4241
alpha 0.001,2,435,-2,-1042,935,-4243
alpha 0.001,2,436,-2,-1044,936,-4245
alpha 0.001,2,437,-2,-1046,937,-4247
alpha 0.001,2,438,1,-1045,938,-4246
alpha 0.001,2,439,1,-1044,939,-4245
alpha 0.001,2,440,1,-1043,940,-4244
alpha 0.001,2,441,2,-1041,941,-4242
alpha 0.001,2,442,2,-1039,942,-4240
alpha 0.001,2,443,1,-1038,943,-4239
alpha 0.001,2,444,1,-1037,944,-4238
alpha 0.001,2,445,-2,-1039,945,-4240
alpha 0.001,2,446,-2,-1041,946,-4242
alpha 0.001,2,447,-2,-1043,947,-4244
alpha 0.001,2,448,-1,-1044,948,-4245
alpha 0.001,2,449,1,-1043,949,-4244
alpha 0.001,2,450,1,-1042,950,-4243
alpha 0.001,2,451,1,-1041,951,-4242
alpha 0.001,2,452,-2,-1043,952,-4244
alpha 0.001,2,453,-2,-1045,953,-4246
alpha 0.001,2,454,-2,-1047,954,-4248
alpha 0.001,2,455,-2,-1049,955,-4250
alpha 0.001,2,456,-1,-1050,956,-4251
alpha 0.001,2,457,-1,-1051,957,-4252
alpha 0.001,2,458,-1,-1052,958,-4253
alpha 0.001,2,459,-1,-1053,959,-4254
alpha 0.001,2,460,-1,-1054,960,-4255
alpha 0.001,2,461,-1,-1055,961,-4256
alpha 0.001,2,462,1,-1054,962,-4255
alpha 0.001,2,463,1,-1053,963,-4254
alpha 0.001,2,464,1,-1052,964,-4253
alpha 0.001,2,465,1,-1051,965,-4252
alpha 0.001,2,466,1,-1050,966,-4251
alpha 0.001,2,467,1,-1049,967,-4250
alpha 0.001,2,468,1,-1048,968,-4249
alpha 0.001,2,469,1,-1047,969,-4248
alpha 0.001,2,470,1,-1046,970,-4247
alpha 0.001,2,471,1,-1045,971,-4246
alpha 0.001,2,472,1,-1044,972,-4245
alpha 0.001,2,473,2,-1042,973,-4243
alpha 0.001,2,474,2,-1040,974,-4241
alpha 0.001,2,475,2,-1038,975,-4239
alpha 0.001,2,476,2,-1036,976,-4237
alpha 0.001,2,477,2,-1034,977,-4235
alpha 0.001,2,478,2,-1032,978,-4233
alpha 0.001,2,479,1,-1031,979,-4232
alpha 0.001,2,480,-2,-1033,980,-4234
alpha 0.001,2,481,-2,-1035,981,-4236
alpha 0.001,2,482,-3,-1038,982,-4239
alpha 0.001,2,483,-3,-1041,983,-4242
alpha 0.001,2,484,-5,-1046,984,-4247
alpha 0.001,2,485,-5,-1051,985,-4252
alpha 0.001,2,486,-5,-1056,986,-4257
alpha 0.001,2,487,-5,-1061,987,-4262
alpha 0.001,2,488,-3,-1064,988,-4265
alpha 0.001,2,489,-5,-1069,989,-4270
alpha 0.001,2,490,-5,-1074,990,-4275
alpha 0.001,2,491,-5,-1079,991,-4280
alpha 0.001,2,492,-3,-1082,992,-4283
alpha 0.001,2,493,-3,-1085,993,-4286
alpha 0.001,2,494,-3,-1088,994,-4289
alpha 0.001,2,495,-3,-1091,995,-4292
alpha 0.001,2,496,-3,-1094,996,-4295
alpha 0.001,2,497,-3,-1097,997,-4298
alpha 0.001,2,498,-3,-1100,998,-4301
alpha 0.001,2,499,-5,-1105,999,-4306
alpha 0.001,2,500,-5,-1110,1000,-4311
alpha 0.001,3,1,4,4,1001,-4307
alpha 0.001,3,2,2,6,1002,-4305
alpha 0.001,3,3,1,7,1003,-4304
alpha 0.001,3,4,-1,6,1004,-4305
alpha 0.001,3,5,-2,4,1005,-4307
alpha 0.001,3,6,-2,2,1006,-4309
alpha 0.001,3,7,-2,0,1007,-4311
alpha 0.001,3,8,-3,-3,1008,-4314
alpha 0.001,3,9,-3,-6,1009,-4317
alpha 0.001,3,10,-2,-8,1010,-4319
alpha 0.001,3,11,-2,-10,1011,-4321
alpha 0.001,3,12,-2,-12,1012,-4323
alpha 0.001,3,13,-2,-14,1013,-4325
alpha 0.001,3,14,-2,-16,1014,-4327
alpha 0.001,3,15,-2,-18,1015,-4329
alpha 0.001,3,16,-2,-20,1016,-4331
alpha 0.001,3,17,-2,-22,1017,-4333
alpha 0.001,3,18,-2,-24,1018,-4335
alpha 0.001,3,19,-2,-26,1019,-4337
alpha 0.001,3,20,-2,-28,1020,-4339
alpha 0.001,3,21,-2,-30,1021,-4341
alpha 0.001,3,22,-2,-32,1022,-4343
alpha 0.001,3,23,-2,-34,1023,-4345
alpha 0.001,3,24,-3,-37,1024,-4348
alpha 0.001,3,25,-3,-40,1025,-4351
alpha 0.001,3,26,-3,-43,1026,-4354
alpha 0.001,3,27,-3,-46,1027,-4357
alpha 0.001,3,28,-3,-49,1028,-4360
alpha 0.001,3,29,-3,-52,1029,-4363
alpha 0.001,3,30,-3,-55,1030,-4366
alpha 0.001,3,31,-3,-58,1031,-4369
alpha 0.001,3,32,-3,-61,1032,-4372
alpha 0.001,3,33,-3,-64,1033,-4375
alpha 0.001,3,34,-3,-67,1034,-4378
alpha 0.001,3,35,-3,-70,1035,-4381
alpha 0.001,3,36,-3,-73,1036,-4384
alpha 0.001,3,37,-3,-76,1037,-4387
alpha 0.001,3,38,-3,-79,1038,-4390
alpha 0.001,3,39,-3,-82,1039,-4393
alpha 0.001,3,40,-3,-85,1040,-4396
alpha 0.001,3,41,-3,-88,1041,-4399
alpha 0.001,3,42,-3,-91,1042,-4402
alpha 0.001,3,43,-3,-94,1043,-4405
alpha 0.001,3,44,-3,-97,1044,-4408
alpha 0.001,3,45,-3,-100,1045,-4411
alpha 0.001,3,46,-3,-103,1046,-4414
alpha 0.001,3,47,-3,-106,1047,-4417
alpha 0.001,3,48,-3,-109,1048,-4420
alpha 0.001,3,49,-3,-112,1049,-4423
alpha 0.001,3,50,-3,-115,1050,-4426
alpha 0.001,3,51,-3,-118,1051,-4429
alpha 0.001,3,52,-3,-121,1052,-4432
alpha 0.001,3,53,-3,-124,1053,-4435
alpha 0.001,3,54,-3,-127,1054,-4438
alpha 0.001,3,55,-3,-130,1055,-4441
alpha 0.001,3,56,-3,-133,1056,-4444
alpha 0.001,3,57,-3,-136,1057,-4447
alpha 0.001,3,58,-3,-139,1058,-4450
alpha 0.001,3,59,-3,-142,1059,-4453
alpha 0.001,3,60,-3,-145,1060,-4456
alpha 0.001,3,61,-3,-148,1061,-4459
alpha 0.001,3,62,-3,-151,1062,-4462
alpha 0.001,3,63,-3,-154,1063,-4465
alpha 0.001,3,64,-3,-157,1064,-4468
alpha 0.001,3,65,-3,-160,1065,-4471
alpha 0.001,3,66,-3,-163,1066,-4474
alpha 0.001,3,67,-3,-166,1067,-4477
alpha 0.001,3,68,-3,-169,1068,-4480
alpha 0.001,3,69,-3,-172,1069,-4483
alpha 0.001,3,70,-3,-175,1070,-4486
alpha 0.001,3,71,-3,-178,1071,-4489
alpha 0.001,3,72,-3,-181,1072,-4492
alpha 0.001,3,73,-3,-184,1073,-4495
alpha 0.001,3,74,-3,-187,1074,-4498
alpha 0.001,3,75,-4,-191,1075,-4502
alpha 0.001,3,76,-4,-195,1076,-4506
alpha 0.001,3,77,-4,-199,1077,-4510
alpha 0.001,3,78,-4,-203,1078,-4514
alpha 0.001,3,79,-4,-207,1079,-4518
alpha 0.001,3,80,-4,-211,1080,-4522
alpha 0.001,3,81,-4,-215,1081,-4526
alpha 0.001,3,82,-4,-219,1082,-4530
alpha 0.001,3,83,-4,-223,1083,-4534
alpha 0.001,3,84,-4,-227,1084,-4538
alpha 0.001,3,85,-4,-231,1085,-4542
alpha 0.001,3,86,-5,-236,1086,-4547
alpha 0.001,3,87,-5,-241,1087,-4552
alpha 0.001,3,88,-4,-245,1088,-4556
alpha 0.001,3,89,-4,-249,1089,-4560
alpha 0.001,3,90,-4,-253,1090,-4564
alpha 0.001,3,91,-4,-257,1091,-4568
alpha 0.001,3,92,-4,-261,1092,-4572
alpha 0.001,3,93,-4,-265,1093,-4576
alpha 0.001,3,94,-4,-269,1094,-4580
alpha 0.001,3,95,-4,-273,1095,-4584
alpha 0.001,3,96,-4,-277,1096,-4588
alpha 0.001,3,97,-4,-281,1097,-4592
alpha 0.001,3,98,-4,-285,1098,-4596
alpha 0.001,3,99,-4,-289,1099,-4600
alpha 0.001,3,100,-4,-293,1100,-4604
alpha 0.001,3,101,-4,-297,1101,-4608
alpha 0.001,3,102,-2,-299,1102,-4610
alpha 0.001,3,103,-2,-301,1103,-4612
alpha 0.001,3,104,-2,-303,1104,-4614
alpha 0.001,3,105,-3,-306,1105,-4617
alpha 0.001,3,106,-3,-309,1106,-4620
alpha 0.001,3,107,-3,-312,1107,-4623
alpha 0.001,3,108,-3,-315,1108,-4626
alpha 0.001,3,109,-3,-318,1109,-4629
alpha 0.001,3,110,-2,-320,1110,-4631
alpha 0.001,3,111,-2,-322,1111,-4633
alpha 0.001,3,112,-2,-324,1112,-4635
alpha 0.001,3,113,-2,-326,1113,-4637
alpha 0.001,3,114,-1,-327,1114,-4638
alpha 0.001,3,115,-1,-328,1115,-4639
alpha 0.001,3,116,1,-327,1116,-4638
alpha 0.001,3,117,1,-326,1117,-4637
alpha 0.001,3,118,1,-325,1118,-4636
alpha 0.001,3,119,2,-323,1119,-4634
alpha 0.001,3,120,2,-321,1120,-4632
alpha 0.001,3,121,4,-317,1121,-4628
alpha 0.001,3,122,-2,-319,1122,-4630
alpha 0.001,3,123,-3,-322,1123,-4633
alpha 0.001,3,124,-3,-325,1124,-4636
alpha 0.001,3,125,-3,-328,1125,-4639
alpha 0.001,3,126,-2,-330,1126,-4641
alpha 0.001,3,127,-2,-332,1127,-4643
alpha 0.001,3,128,-2,-334,1128,-4645
alpha 0.001,3,129,-3,-337,1129,-4648
alpha 0.001,3,130,-4,-341,1130,-4652
alpha 0.001,3,131,-6,-347,1131,-4658
alpha 0.001,3,132,-6,-353,1132,-4664
alpha 0.001,3,133,-6,-359,1133,-4670
alpha 0.001,3,134,-6,-365,1134,-4676
alpha 0.001,3,135,-7,-372,1135,-4683
alpha 0.001,3,136,-7,-379,1136,-4690
alpha 0.001,3,137,-7,-386,1137,-4697
alpha 0.001,3,138,-7,-393,1138,-4704
alpha 0.001,3,139,-7,-400,1139,-4711
alpha 0.001,3,140,-7,-407,1140,-4718
alpha 0.001,3,141,-7,-414,1141,-4725
alpha 0.001,3,142,-7,-421,1142,-4732
alpha 0.001,3,143,-7,-428,1143,-4739
alpha 0.001,3,144,-7,-435,1144,-4746
alpha 0.001,3,145,-5,-440,1145,-4751
alpha 0.001,3,146,-5,-445,1146,-4756
alpha 0.001,3,147,-5,-450,1147,-4761
alpha 0.001,3,148,-5,-455,1148,-4766
alpha 0.001,3,149,-5,-460,1149,-4771
alpha 0.001,3,150,-5,-465,1150,-4776
alpha 0.001,3,151,-5,-470,1151,-4781
alpha 0.001,3,152,-5,-475,1152,-4786
alpha 0.001,3,153,-6,-481,1153,-4792
alpha 0.001,3,154,-6,-487,1154,-4798
alpha 0.001,3,155,-6,-493,1155,-4804
alpha 0.001,3,156,-6,-499,1156,-4810
alpha 0.001,3,157,-6,-505,1157,-4816
alpha 0.001,3,158,-6,-511,1158,-4822
alpha 0.001,3,159,-6,-517,1159,-4828
alpha 0.001,3,160,-6,-523,1160,-4834
alpha 0.001,3,161,-6,-529,1161,-4840
alpha 0.001,3,162,-6,-535,1162,-4846
alpha 0.001,3,163,-6,-541,1163,-4852
alpha 0.001,3,164,-6,-547,1164,-4858
alpha 0.001,3,165,-8,-555,1165,-4866
alpha 0.001,3,166,-8,-563,1166,-4874
alpha 0.001,3,167,-8,-571,1167,-4882
alpha 0.001,3,168,-8,-579,1168,-4890
alpha 0.001,3,169,-8,-587,1169,-4898
alpha 0.001,3,170,-6,-593,1170,-4904
alpha 0.001,3,171,-6,-599,1171,-4910
alpha 0.001,3,172,-6,-605,1172,-4916
alpha 0.001,3,173,-6,-611,1173,-4922
alpha 0.001,3,174,-6,-617,1174,-4928
alpha 0.001,3,175,-8,-625,1175,-4936
alpha 0.001,3,176,-8,-633,1176,-4944
alpha 0.001,3,177,-8,-641,1177,-4952
alpha 0.001,3,178,-8,-649,1178,-4960
alpha 0.001,3,179,-8,-657,1179,-4968
alpha 0.001,3,180,-8,-665,1180,-4976
alpha 0.001,3,181,-8,-673,1181,-4984
alpha 0.001,3,182,-8,-681,1182,-4992
alpha 0.001,3,183,-6,-687,1183,-4998
alpha 0.001,3,184,-6,-693,1184,-5004
alpha 0.001,3,185,-6,-699,1185,-5010
alpha 0.001,3,186,-6,-705,1186,-5016
alpha 0.001,3,187,-6,-711,1187,-5022
alpha 0.001,3,188,-6,-717,1188,-5028
alpha 0.001,3,189,-6,-723,1189,-5034
alpha 0.001,3,190,-6,-729,1190,-5040
alpha 0.001,3,191,-5,-734,1191,-5045
alpha 0.001,3,192,-5,-739,1192,-5050
alpha 0.001,3,193,-5,-744,1193,-5055
alpha 0.001,3,194,-5,-749,1194,-5060
alpha 0.001,3,195,-5,-754,1195,-5065
alpha 0.001,3,196,-5,-759,1196,-5070
alpha 0.001,3,197,-5,-764,1197,-5075
alpha 0.001,3,198,-5,-769,1198,-5080
alpha 0.001,3,199,-5,-774,1199,-5085
alpha 0.001,3,200,-5,-779,1200,-5090
alpha 0.001,3,201,-5,-784,1201,-5095
alpha 0.001,3,202,-5,-789,1202,-5100
alpha 0.001,3,203,-4,-793,1203,-5104
alpha 0.001,3,204,-4,-797,1204,-5108
alpha 0.001,3,205,-4,-801,1205,-5112
alpha 0.001,3,206,-4,-805,1206,-5116
alpha 0.001,3,207,-4,-809,1207,-5120
alpha 0.001,3,208,-4,-813,1208,-5124
alpha 0.001,3,209,-3,-816,1209,-5127
alpha 0.001,3,210,-2,-818,1210,-5129
alpha 0.001,3,211,-2,-820,1211,-5131
alpha 0.001,3,212,1,-819,1212,-5130
alpha 0.001,3,213,1,-818,1213,-5129
alpha 0.001,3,214,-2,-820,1214,-5131
alpha 0.001,3,215,-2,-822,1215,-5133
alpha 0.001,3,216,-2,-824,1216,-5135
alpha 0.001,3,217,-2,-826,1217,-5137
alpha 0.001,3,218,-2,-828,1218,-5139
alpha 0.001,3,219,-2,-830,1219,-5141
alpha 0.001,3,220,-2,-832,1220,-5143
alpha 0.001,3,221,-2,-834,1221,-5145
alpha 0.001,3,222,-2,-836,1222,-5147
alpha 0.001,3,223,-2,-838,1223,-5149
alpha 0.001,3,224,-2,-840,1224,-5151
alpha 0.001,3,225,-2,-842,1225,-5153
alpha 0.001,3,226,-2,-844,1226,-5155
alpha 0.001,3,227,-2,-846,1227,-5157
alpha 0.001,3,228,-2,-848,1228,-5159
alpha 0.001,3,229,-2,-850,1229,-5161
alpha 0.001,3,230,-2,-852,1230,-5163
alpha 0.001,3,231,-2,-854,1231,-5165
alpha 0.001,3,232,-3,-857,1232,-5168
alpha 0.001,3,233,-3,-860,1233,-5171
alpha 0.001,3,234,-3,-863,1234,-5174
alpha 0.001,3,235,-3,-866,1235,-5177
alpha 0.001,3,236,-3,-869,1236,-5180
alpha 0.001,3,237,-3,-872,1237,-5183
alpha 0.001,3,238,-3,-875,1238,-5186
alpha 0.001,3,239,-3,-878,1239,-5189
alpha 0.001,3,240,-3,-881,1240,-5192
alpha 0.001,3,241,-3,-884,1241,-5195
alpha 0.001,3,242,-4,-888,1242,-5199
alpha 0.001,3,243,-4,-892,1243,-5203
alpha 0.001,3,244,-4,-896,1244,-5207
alpha 0.001,3,245,-3,-899,1245,-5210
alpha 0.001,3,246,-3,-902,1246,-5213
alpha 0.001,3,247,-5,-907,1247,-5218
alpha 0.001,3,248,-5,-912,1248,-5223
alpha 0.001,3,249,-5,-917,1249,-5228
alpha 0.001,3,250,-5,-922,1250,-5233
alpha 0.001,3,251,-5,-927,1251,-5238
alpha 0.001,3,252,-5,-932,1252,-5243
alpha 0.001,3,253,-5,-937,1253,-5248
alpha 0.001,3,254,-5,-942,1254,-5253
alpha 0.001,3,255,-5,-947,1255,-5258
alpha 0.001,3,256,-5,-952,1256,-5263
alpha 0.001,3,257,-5,-957,1257,-5268
alpha 0.001,3,258,-5,-962,1258,-5273
alpha 0.001,3,259,-5,-967,1259,-5278
alpha 0.001,3,260,-5,-972,1260,-5283
alpha 0.001,3,261,-5,-977,1261,-5288
alpha 0.001,3,262,-5,-982,1262,-5293
alpha 0.001,3,263,-5,-987,1263,-5298
alpha 0.001,3,264,-5,-992,1264,-5303
alpha 0.001,3,265,-5,-997,1265,-5308
alpha 0.001,3,266,-5,-1002,1266,-5313
alpha 0.001,3,267,-5,-1007,1267,-5318
alpha 0.001,3,268,-5,-1012,1268,-5323
alpha 0.001,3,269,-5,-1017,1269,-5328
alpha 0.001,3,270,-5,-1022,1270,-5333
alpha 0.001,3,271,-6,-1028,1271,-5339
alpha 0.001,3,272,-6,-1034,1272,-5345
alpha 0.001,3,273,-6,-1040,1273,-5351
alpha 0.001,3,274,-6,-1046,1274,-5357
alpha 0.001,3,275,-6,-1052,1275,-5363
alpha 0.001,3,276,-6,-1058,1276,-5369
alpha 0.001,3,277,-6,-1064,1277,-5375
alpha 0.001,3,278,-6,-1070,1278,-5381
alpha 0.001,3,279,-6,-1076,1279,-5387
alpha 0.001,3,280,-6,-1082,1280,-5393
alpha 0.001,3,281,-6,-1088,1281,-5399
alpha 0.001,3,282,-6,-1094,1282,-5405
alpha 0.001,3,283,-6,-1100,1283,-5411
alpha 0.001,3,284,-6,-1106,1284,-5417
alpha 0.001,3,285,-6,-1112,1285,-5423
alpha 0.001,3,286,-6,-1118,1286,-5429
alpha 0.001,3,287,-6,-1124,1287,-5435
alpha 0.001,3,288,-6,-1130,1288,-5441
alpha 0.001,3,289,-6,-1136,1289,-5447
alpha 0.001,3,290,-6,-1142,1290,-5453
alpha 0.001,3,291,-4,-1146,1291,-5457
alpha 0.001,3,292,-4,-1150,1292,-5461
alpha 0.001,3,293,-4,-1154,1293,-5465
alpha 0.001,3,294,-4,-1158,1294,-5469
alpha 0.001,3,295,-4,-1162,1295,-5473
alpha 0.001,3,296,-4,-1166,1296,-5477
alpha 0.001,3,297,-4,-1170,1297,-5481
alpha 0.001,3,298,-4,-1174,1298,-5485
alpha 0.001,3,299,-4,-1178,1299,-5489
alpha 0.001,3,300,-3,-1181,1300,-5492
alpha 0.001,3,301,-3,-1184,1301,-5495
alpha 0.001,3,302,-3,-1187,1302,-5498
alpha 0.001,3,303,-3,-1190,1303,-5501
alpha 0.001,3,304,-3,-1193,1304,-5504
alpha 0.001,3,305,-3,-1196,1305,-5507
alpha 0.001,3,306,-3,-1199,1306,-5510
alpha 0.001,3,307,-3,-1202,1307,-5513
alpha 0.001,3,308,-3,-1205,1308,-5516
alpha 0.001,3,309,-3,-1208,1309,-5519
alpha 0.001,3,310,-3,-1211,1310,-5522
alpha 0.001,3,311,-2,-1213,1311,-5524
alpha 0.001,3,312,1,-1212,1312,-5523
alpha 0.001,3,313,1,-1211,1313,-5522
alpha 0.001,3,314,1,-1210,1314,-5521
alpha 0.001,3,315,1,-1209,1315,-5520
alpha 0.001,3,316,1,-1208,1316,-5519
alpha 0.001,3,317,1,-1207,1317,-5518
alpha 0.001,3,318,1,-1206,1318,-5517
alpha 0.001,3,319,-1,-1207,1319,-5518
alpha 0.001,3,320,-2,-1209,1320,-5520
alpha 0.001,3,321,-2,-1211,1321,-5522
alpha 0.001,3,322,-2,-1213,1322,-5524
alpha 0.001,3,323,-2,-1215,1323,-5526
alpha 0.001,3,324,-3,-1218,1324,-5529
alpha 0.001,3,325,-3,-1221,1325,-5532
alpha 0.001,3,326,-4,-1225,1326,-5536
alpha 0.001,3,327,-4,-1229,1327,-5540
alpha 0.001,3,328,-4,-1233,1328,-5544
alpha 0.001,3,329,-4,-1237,1329,-5548
alpha 0.001,3,330,-4,-1241,1330,-5552
alpha 0.001,3,331,-4,-1245,1331,-5556
alpha 0.001,3,332,-4,-1249,1332,-5560
alpha 0.001,3,333,-4,-1253,1333,-5564
alpha 0.001,3,334,-4,-1257,1334,-5568
alpha 0.001,3,335,-4,-1261,1335,-5572
alpha 0.001,3,336,-4,-1265,1336,-5576
alpha 0.001,3,337,-4,-1269,1337,-5580
alpha 0.001,3,338,-4,-1273,1338,-5584
alpha 0.001,3,339,-4,-1277,1339,-5588
alpha 0.001,3,340,-5,-1282,1340,-5593
alpha 0.001,3,341,-5,-1287,1341,-5598
alpha 0.001,3,342,-5,-1292,1342,-5603
alpha 0.001,3,343,-5,-1297,1343,-5608
alpha 0.001,3,344,-5,-1302,1344,-5613
alpha 0.001,3,345,-5,-1307,1345,-5618
alpha 0.001,3,346,-5,-1312,1346,-5623
alpha 0.001,3,347,-5,-1317,1347,-5628
alpha 0.001,3,348,-5,-1322,1348,-5633
alpha 0.001,3,349,-5,-1327,1349,-5638
alpha 0.001,3,350,-5,-1332,1350,-5643
alpha 0.001,3,351,-5,-1337,1351,-5648
alpha 0.001,3,352,-5,-1342,1352,-5653
alpha 0.001,3,353,-5,-1347,1353,-5658
alpha 0.001,3,354,-5,-1352,1354,-5663
alpha 0.001,3,355,-5,-1357,1355,-5668
alpha 0.001,3,356,-5,-1362,1356,-5673
alpha 0.001,3,357,-5,-1367,1357,-5678
alpha 0.001,3,358,-5,-1372,1358,-5683
alpha 0.001,3,359,-5,-1377,1359,-5688
alpha 0.001,3,360,-5,-1382,1360,-5693
alpha 0.001,3,361,-5,-1387,1361,-5698
alpha 0.001,3,362,-5,-1392,1362,-5703
alpha 0.001,3,363,-5,-1397,1363,-5708
alpha 0.001,3,364,-5,-1402,1364,-5713
alpha 0.001,3,365,-5,-1407,1365,-5718
alpha 0.001,3,366,-5,-1412,1366,-5723
alpha 0.001,3,367,-5,-1417,1367,-5728
alpha 0.001,3,368,-5,-1422,1368,-5733
alpha 0.001,3,369,-5,-1427,1369,-5738
alpha 0.001,3,370,-5,-1432,1370,-5743
alpha 0.001,3,371,-5,-1437,1371,-5748
alpha 0.001,3,372,-5,-1442,1372,-5753
alpha 0.001,3,373,-5,-1447,1373,-5758
alpha 0.001,3,374,-5,-1452,1374,-5763
alpha 0.001,3,375,-5,-1457,1375,-5768
alpha 0.001,3,376,-5,-1462,1376,-5773
alpha 0.001,3,377,-5,-1467,1377,-5778
alpha 0.001,3,378,-5,-1472,1378,-5783
alpha 0.001,3,379,-5,-1477,1379,-5788
alpha 0.001,3,380,-4,-1481,1380,-5792
alpha 0.001,3,381,-4,-1485,1381,-5796
alpha 0.001,3,382,-4,-1489,1382,-5800
alpha 0.001,3,383,-4,-1493,1383,-5804
alpha 0.001,3,384,-4,-1497,1384,-5808
alpha 0.001,3,385,-4,-1501,1385,-5812
alpha 0.001,3,386,-3,-1504,1386,-5815
alpha 0.001,3,387,-3,-1507,1387,-5818
alpha 0.001,3,388,-3,-1510,1388,-5821
alpha 0.001,3,389,-4,-1514,1389,-5825
alpha 0.001,3,390,-5,-1519,1390,-5830
alpha 0.001,3,391,-4,-1523,1391,-5834
alpha 0.001,3,392,-4,-1527,1392,-5838
alpha 0.001,3,393,-3,-1530,1393,-5841
alpha 0.001,3,394,-3,-1533,1394,-5844
alpha 0.001,3,395,-1,-1534,1395,-5845
alpha 0.001,3,396,-1,-1535,1396,-5846
alpha 0.001,3,397,-1,-1536,1397,-5847
alpha 0.001,3,398,2,-1534,1398,-5845
alpha 0.001,3,399,2,-1532,1399,-5843
alpha 0.001,3,400,-1,-1533,1400,-5844
alpha 0.001,3,401,-2,-1535,1401,-5846
alpha 0.001,3,402,-7,-1542,1402,-5853
alpha 0.001,3,403,-7,-1549,1403,-5860
alpha 0.001,3,404,-6,-1555,1404,-5866
alpha 0.001,3,405,-5,-1560,1405,-5871
alpha 0.001,3,406,-5,-1565,1406,-5876
alpha 0.001,3,407,-5,-1570,1407,-5881
alpha 0.001,3,408,-5,-1575,1408,-5886
alpha 0.001,3,409,-5,-1580,1409,-5891
alpha 0.001,3,410,-5,-1585,1410,-5896
alpha 0.001,3,411,-5,-1590,1411,-5901
alpha 0.001,3,412,-5,-1595,1412,-5906
alpha 0.001,3,413,-5,-1600,1413,-5911
alpha 0.001,3,414,-5,-1605,1414,-5916
alpha 0.001,3,415,-5,-1610,1415,-5921
alpha 0.001,3,416,-5,-1615,1416,-5926
alpha 0.001,3,417,-5,-1620,1417,-5931
alpha 0.001,3,418,-5,-1625,1418,-5936
alpha 0.001,3,419,-5,-1630,1419,-5941
alpha 0.001,3,420,-5,-1635,1420,-5946
alpha 0.001,3,421,-5,-1640,1421,-5951
alpha 0.001,3,422,-5,-1645,1422,-5956
alpha 0.001,3,423,-5,-1650,1423,-5961
alpha 0.001,3,424,-5,-1655,1424,-5966
alpha 0.001,3,425,-5,-1660,1425,-5971
alpha 0.001,3,426,-5,-1665,1426,-5976
alpha 0.001,3,427,-5,-1670,1427,-5981
alpha 0.001,3,428,-5,-1675,1428,-5986
alpha 0.001,3,429,-5,-1680,1429,-5991
alpha 0.001,3,430,-5,-1685,1430,-5996
alpha 0.001,3,431,-5,-1690,1431,-6001
alpha 0.001,3,432,-5,-1695,1432,-6006
alpha 0.001,3,433,-5,-1700,1433,-6011
alpha 0.001,3,434,-5,-1705,1434,-6016
alpha 0.001,3,435,-5,-1710,1435,-6021
alpha 0.001,3,436,-5,-1715,1436,-6026
alpha 0.001,3,437,-5,-1720,1437,-6031
alpha 0.001,3,438,-5,-1725,1438,-6036
alpha 0.001,3,439,-5,-1730,1439,-6041
alpha 0.001,3,440,-5,-1735,1440,-6046
alpha 0.001,3,441,-5,-1740,1441,-6051
alpha 0.001,3,442,-5,-1745,1442,-6056
alpha 0.001,3,443,-5,-1750,1443,-6061
alpha 0.001,3,444,-5,-1755,1444,-6066
alpha 0.001,3,445,-5,-1760,1445,-6071
alpha 0.001,3,446,-5,-1765,1446,-6076
alpha 0.001,3,447,-5,-1770,1447,-6081
alpha 0.001,3,448,-5,-1775,1448,-6086
alpha 0.001,3,449,-5,-1780,1449,-6091
alpha 0.001,3,450,-5,-1785,1450,-6096
alpha 0.001,3,451,-5,-1790,1451,-6101
alpha 0.001,3,452,-5,-1795,1452,-6106
alpha 0.001,3,453,-5,-1800,1453,-6111
alpha 0.001,3,454,-5,-1805,1454,-6116
alpha 0.001,3,455,-5,-1810,1455,-6121
alpha 0.001,3,456,-5,-1815,1456,-6126
alpha 0.001,3,457,-5,-1820,1457,-6131
alpha 0.001,3,458,-5,-1825,1458,-6136
alpha 0.001,3,459,-5,-1830,1459,-6141
alpha 0.001,3,460,-5,-1835,1460,-6146
alpha 0.001,3,461,-5,-1840,1461,-6151
alpha 0.001,3,462,-5,-1845,1462,-6156
alpha 0.001,3,463,-5,-1850,1463,-6161
alpha 0.001,3,464,-5,-1855,1464,-6166
alpha 0.001,3,465,-5,-1860,1465,-6171
alpha 0.001,3,466,-5,-1865,1466,-6176
alpha 0.001,3,467,-5,-1870,1467,-6181
alpha 0.001,3,468,-5,-1875,1468,-6186
alpha 0.001,3,469,-5,-1880,1469,-6191
alpha 0.001,3,470,-5,-1885,1470,-6196
alpha 0.001,3,471,-5,-1890,1471,-6201
alpha 0.001,3,472,-5,-1895,1472,-6206
alpha 0.001,3,473,-5,-1900,1473,-6211
alpha 0.001,3,474,-5,-1905,1474,-6216
alpha 0.001,3,475,-5,-1910,1475,-6221
alpha 0.001,3,476,-6,-1916,1476,-6227
alpha 0.001,3,477,-6,-1922,1477,-6233
alpha 0.001,3,478,-6,-1928,1478,-6239
alpha 0.001,3,479,-5,-1933,1479,-6244
alpha 0.001,3,480,-5,-1938,1480,-6249
alpha 0.001,3,481,-5,-1943,1481,-6254
alpha 0.001,3,482,-3,-1946,1482,-6257
alpha 0.001,3,483,-3,-1949,1483,-6260
alpha 0.001,3,484,-5,-1954,1484,-6265
alpha 0.001,3,485,-5,-1959,1485,-6270
alpha 0.001,3,486,-5,-1964,1486,-6275
alpha 0.001,3,487,-5,-1969,1487,-6280
alpha 0.001,3,488,-5,-1974,1488,-6285
alpha 0.001,3,489,-5,-1979,1489,-6290
alpha 0.001,3,490,-5,-1984,1490,-6295
alpha 0.001,3,491,-2,-1986,1491,-6297
alpha 0.001,3,492,-2,-1988,1492,-6299
alpha 0.001,3,493,-2,-1990,1493,-6301
alpha 0.001,3,494,-3,-1993,1494,-6304
alpha 0.001,3,495,-2,-1995,1495,-6306
alpha 0.001,3,496,-2,-1997,1496,-6308
alpha 0.001,3,497,-2,-1999,1497,-6310
alpha 0.001,3,498,-2,-2001,1498,-6312
alpha 0.001,3,499,-2,-2003,1499,-6314
alpha 0.001,3,500,-2,-2005,1500,-6316
alpha 0.001,1,1,2,2,1,2
alpha 0.001,1,2,-1,1,2,1
alpha 0.001,1,3,-3,-2,3,-2
alpha 0.001,1,4,-7,-9,4,-9
alpha 0.001,1,5,-10,-19,5,-19
alpha 0.001,1,6,-10,-29,6,-29
alpha 0.001,1,7,-10,-39,7,-39
alpha 0.001,1,8,-10,-49,8,-49
alpha 0.001,1,9,-8,-57,9,-57
alpha 0.001,1,10,-8,-65,10,-65
alpha 0.001,1,11,-7,-72,11,-72
alpha 0.001,1,12,-7,-79,12,-79
alpha 0.001,1,13,-7,-86,13,-86
alpha 0.001,1,14,-7,-93,14,-93
alpha 0.001,1,15,-7,-100,15,-100
alpha 0.001,1,16,-7,-107,16,-107
alpha 0.001,1,17,-7,-114,17,-114
alpha 0.001,1,18,-8,-122,18,-122
alpha 0.001,1,19,-8,-130,19,-130
alpha 0.001,1,20,-10,-140,20,-140
alpha 0.001,1,21,-10,-150,21,-150
alpha 0.001,1,22,-10,-160,22,-160
alpha 0.001,1,23,-10,-170,23,-170
alpha 0.001,1,24,-10,-180,24,-180
alpha 0.001,1,25,-10,-190,25,-190
alpha 0.001,1,26,-10,-200,26,-200
alpha 0.001,1,27,-10,-210,27,-210
alpha 0.001,1,28,-10,-220,28,-220
alpha 0.001,1,29,-8,-228,29,-228
alpha 0.001,1,30,-8,-236,30,-236
alpha 0.001,1,31,-7,-243,31,-243
alpha 0.001,1,32,-7,-250,32,-250
alpha 0.001,1,33,-7,-257,33,-257
alpha 0.001,1,34,-7,-264,34,-264
alpha 0.001,1,35,-7,-271,35,-271
alpha 0.001,1,36,-7,-278,36,-278
alpha 0.001,1,37,-7,-285,37,-285
alpha 0.001,1,38,-7,-292,38,-292
alpha 0.001,1,39,-7,-299,39,-299
alpha 0.001,1,40,-7,-306,40,-306
alpha 0.001,1,41,-6,-312,41,-312
alpha 0.001,1,42,-6,-318,42,-318
alpha 0.001,1,43,-6,-324,43,-324
alpha 0.001,1,44,-5,-329,44,-329
alpha 0.001,1,45,-5,-334,45,-334
alpha 0.001,1,46,-5,-339,46,-339
alpha 0.001,1,47,-5,-344,47,-344
alpha 0.001,1,48,-5,-349,48,-349
alpha 0.001,1,49,-5,-354,49,-354
alpha 0.001,1,50,-5,-359,50,-359
alpha 0.001,1,51,-5,-364,51,-364
alpha 0.001,1,52,-5,-369,52,-369
alpha 0.001,1,53,-5,-374,53,-374
alpha 0.001,1,54,-6,-380,54,-380
alpha 0.001,1,55,-6,-386,55,-386
alpha 0.001,1,56,-7,-393,56,-393
alpha 0.001,1,57,-7,-400,57,-400
alpha 0.001,1,58,-7,-407,58,-407
alpha 0.001,1,59,-7,-414,59,-414
alpha 0.001,1,60,-7,-421,60,-421
alpha 0.001,1,61,-7,-428,61,-428
alpha 0.001,1,62,-7,-435,62,-435
alpha 0.001,1,63,-8,-443,63,-443
alpha 0.001,1,64,-8,-451,64,-451
alpha 0.001,1,65,-8,-459,65,-459
alpha 0.001,1,66,-8,-467,66,-467
alpha 0.001,1,67,-8,-475,67,-475
alpha 0.001,1,68,-10,-485,68,-485
alpha 0.001,1,69,-10,-495,69,-495
alpha 0.001,1,70,-10,-505,70,-505
alpha 0.001,1,71,-10,-515,71,-515
alpha 0.001,1,72,-10,-525,72,-525
alpha 0.001,1,73,-10,-535,73,-535
alpha 0.001,1,74,-10,-545,74,-545
alpha 0.001,1,75,-10,-555,75,-555
alpha 0.001,1,76,-10,-565,76,-565
alpha 0.001,1,77,-10,-575,77,-575
alpha 0.001,1,78,-10,-585,78,-585
alpha 0.001,1,79,-10,-595,79,-595
alpha 0.001,1,80,-10,-605,80,-605
alpha 0.001,1,81,-10,-615,81,-615
alpha 0.001,1,82,-10,-625,82,-625
alpha 0.001,1,83,-10,-635,83,-635
alpha 0.001,1,84,-10,-645,84,-645
alpha 0.001,1,85,-10,-655,85,-655
alpha 0.001,1,86,-10,-665,86,-665
alpha 0.001,1,87,-10,-675,87,-675
alpha 0.001,1,88,-10,-685,88,-685
alpha 0.001,1,89,-10,-695,89,-695
alpha 0.001,1,90,-10,-705,90,-705
alpha 0.001,1,91,-10,-715,91,-715
alpha 0.001,1,92,-10,-725,92,-725
alpha 0.001,1,93,-10,-735,93,-735
alpha 0.001,1,94,-10,-745,94,-745
alpha 0.001,1,95,-10,-755,95,-755
alpha 0.001,1,96,-10,-765,96,-765
alpha 0.001,1,97,-10,-775,97,-775
alpha 0.001,1,98,-10,-785,98,-785
alpha 0.001,1,99,-10,-795,99,-795
alpha 0.001,1,100,-10,-805,100,-805
alpha 0.001,1,101,-10,-815,101,-815
alpha 0.001,1,102,-10,-825,102,-825
alpha 0.001,1,103,-10,-835,103,-835
alpha 0.001,1,104,-10,-845,104,-845
alpha 0.001,1,105,-10,-855,105,-855
alpha 0.001,1,106,-10,-865,106,-865
alpha 0.001,1,107,-10,-875,107,-875
alpha 0.001,1,108,-10,-885,108,-885
alpha 0.001,1,109,-10,-895,109,-895
alpha 0.001,1,110,-10,-905,110,-905
alpha 0.001,1,111,-10,-915,111,-915
alpha 0.001,1,112,-10,-925,112,-925
alpha 0.001,1,113,-10,-935,113,-935
alpha 0.001,1,114,-10,-945,114,-945
alpha 0.001,1,115,-10,-955,115,-955
alpha 0.001,1,116,-10,-965,116,-965
alpha 0.001,1,117,-10,-975,117,-975
alpha 0.001,1,118,-10,-985,118,-985
alpha 0.001,1,119,-8,-993,119,-993
alpha 0.001,1,120,-10,-1003,120,-1003
alpha 0.001,1,121,-10,-1013,121,-1013
alpha 0.001,1,122,-8,-1021,122,-1021
alpha 0.001,1,123,-8,-1029,123,-1029
alpha 0.001,1,124,-8,-1037,124,-1037
alpha 0.001,1,125,-8,-1045,125,-1045
alpha 0.001,1,126,-8,-1053,126,-1053
alpha 0.001,1,127,-7,-1060,127,-1060
alpha 0.001,1,128,-7,-1067,128,-1067
alpha 0.001,1,129,-7,-1074,129,-1074
alpha 0.001,1,130,-5,-1079,130,-1079
alpha 0.001,1,131,-5,-1084,131,-1084
alpha 0.001,1,132,-7,-1091,132,-1091
alpha 0.001,1,133,-7,-1098,133,-1098
alpha 0.001,1,134,-7,-1105,134,-1105
alpha 0.001,1,135,-6,-1111,135,-1111
alpha 0.001,1,136,-4,-1115,136,-1115
alpha 0.001,1,137,-4,-1119,137,-1119
alpha 0.001,1,138,-5,-1124,138,-1124
alpha 0.001,1,139,-5,-1129,139,-1129
alpha 0.001,1,140,-5,-1134,140,-1134
alpha 0.001,1,141,-3,-1137,141,-1137
alpha 0.001,1,142,-3,-1140,142,-1140
alpha 0.001,1,143,-2,-1142,143,-1142
alpha 0.001,1,144,-2,-1144,144,-1144
alpha 0.001,1,145,-2,-1146,145,-1146
alpha 0.001,1,146,-2,-1148,146,-1148
alpha 0.001,1,147,-2,-1150,147,-1150
alpha 0.001,1,148,-2,-1152,148,-1152
alpha 0.001,1,149,-2,-1154,149,-1154
alpha 0.001,1,150,-2,-1156,150,-1156
alpha 0.001,1,151,-2,-1158,151,-1158
alpha 0.001,1,152,-2,-1160,152,-1160
alpha 0.001,1,153,-3,-1163,153,-1163
alpha 0.001,1,154,-4,-1167,154,-1167
alpha 0.001,1,155,-2,-1169,155,-1169
alpha 0.001,1,156,-2,-1171,156,-1171
alpha 0.001,1,157,-2,-1173,157,-1173
alpha 0.001,1,158,-2,-1175,158,-1175
alpha 0.001,1,159,-2,-1177,159,-1177
alpha 0.001,1,160,1,-1176,160,-1176
alpha 0.001,1,161,1,-1175,161,-1175
alpha 0.001,1,162,2,-1173,162,-1173
alpha 0.001,1,163,2,-1171,163,-1171
alpha 0.001,1,164,-3,-1174,164,-1174
alpha 0.001,1,165,-5,-1179,165,-1179
alpha 0.001,1,166,-5,-1184,166,-1184
alpha 0.001,1,167,-5,-1189,167,-1189
alpha 0.001,1,168,-5,-1194,168,-1194
alpha 0.001,1,169,-4,-1198,169,-1198
alpha 0.001,1,170,-4,-1202,170,-1202
alpha 0.001,1,171,-4,-1206,171,-1206
alpha 0.001,1,172,-4,-1210,172,-1210
alpha 0.001,1,173,-4,-1214,173,-1214
alpha 0.001,1,174,-4,-1218,174,-1218
alpha 0.001,1,175,-4,-1222,175,-1222
alpha 0.001,1,176,-4,-1226,176,-1226
alpha 0.001,1,177,-4,-1230,177,-1230
alpha 0.001,1,178,-4,-1234,178,-1234
alpha 0.001,1,179,-4,-1238,179,-1238
alpha 0.001,1,180,-4,-1242,180,-1242
alpha 0.001,1,181,-4,-1246,181,-1246
alpha 0.001,1,182,-4,-1250,182,-1250
alpha 0.001,1,183,-5,-1255,183,-1255
alpha 0.001,1,184,-5,-1260,184,-1260
alpha 0.001,1,185,-5,-1265,185,-1265
alpha 0.001,1,186,-5,-1270,186,-1270
alpha 0.001,1,187,-5,-1275,187,-1275
alpha 0.001,1,188,-5,-1280,188,-1280
alpha 0.001,1,189,-6,-1286,189,-1286
alpha 0.001,1,190,-6,-1292,190,-1292
alpha 0.001,1,191,-6,-1298,191,-1298
alpha 0.001,1,192,-6,-1304,192,-1304
alpha 0.001,1,193,-6,-1310,193,-1310
alpha 0.001,1,194,-6,-1316,194,-1316
alpha 0.001,1,195,-6,-1322,195,-1322
alpha 0.001,1,196,-8,-1330,196,-1330
alpha 0.001,1,197,-8,-1338,197,-1338
alpha 0.001,1,198,-8,-1346,198,-1346
alpha 0.001,1,199,-8,-1354,199,-1354
alpha 0.001,1,200,-8,-1362,200,-1362
alpha 0.001,1,201,-8,-1370,201,-1370
alpha 0.001,1,202,-8,-1378,202,-1378
alpha 0.001,1,203,-10,-1388,203,-1388
alpha 0.001,1,204,-10,-1398,204,-1398
alpha 0.001,1,205,-10,-1408,205,-1408
alpha 0.001,1,206,-10,-1418,206,-1418
alpha 0.001,1,207,-10,-1428,207,-1428
alpha 0.001,1,208,-10,-1438,208,-1438
alpha 0.001,1,209,-10,-1448,209,-1448
alpha 0.001,1,210,-10,-1458,210,-1458
alpha 0.001,1,211,-10,-1468,211,-1468
alpha 0.001,1,212,-10,-1478,212,-1478
alpha 0.001,1,213,-10,-1488,213,-1488
alpha 0.001,1,214,-10,-1498,214,-1498
alpha 0.001,1,215,-10,-1508,215,-1508
alpha 0.001,1,216,-10,-1518,216,-1518
alpha 0.001,1,217,-10,-1528,217,-1528
alpha 0.001,1,218,-10,-1538,218,-1538
alpha 0.001,1,219,-10,-1548,219,-1548
alpha 0.001,1,220,-10,-1558,220,-1558
alpha 0.001,1,221,-10,-1568,221,-1568
alpha 0.001,1,222,-10,-1578,222,-1578
alpha 0.001,1,223,-10,-1588,223,-1588
alpha 0.001,1,224,-10,-1598,224,-1598
alpha 0.001,1,225,-10,-1608,225,-1608
alpha 0.001,1,226,-10,-1618,226,-1618
alpha 0.001,1,227,-10,-1628,227,-1628
alpha 0.001,1,228,-10,-1638,228,-1638
alpha 0.001,1,229,-10,-1648,229,-1648
alpha 0.001,1,230,-10,-1658,230,-1658
alpha 0.001,1,231,-10,-1668,231,-1668
alpha 0.001,1,232,-10,-1678,232,-1678
alpha 0.001,1,233,-10,-1688,233,-1688
alpha 0.001,1,234,-10,-1698,234,-1698
alpha 0.001,1,235,-10,-1708,235,-1708
alpha 0.001,1,236,-10,-1718,236,-1718
alpha 0.001,1,237,-10,-1728,237,-1728
alpha 0.001,1,238,-10,-1738,238,-1738
alpha 0.001,1,239,-10,-1748,239,-1748
alpha 0.001,1,240,-10,-1758,240,-1758
alpha 0.001,1,241,-10,-1768,241,-1768
alpha 0.001,1,242,-10,-1778,242,-1778
alpha 0.001,1,243,-10,-1788,243,-1788
alpha 0.001,1,244,-10,-1798,244,-1798
alpha 0.001,1,245,-10,-1808,245,-1808
alpha 0.001,1,246,-8,-1816,246,-1816
alpha 0.001,1,247,-8,-1824,247,-1824
alpha 0.001,1,248,-8,-1832,248,-1832
alpha 0.001,1,249,-8,-1840,249,-1840
alpha 0.001,1,250,-8,-1848,250,-1848
alpha 0.001,1,251,-8,-1856,251,-1856
alpha 0.001,1,252,-8,-1864,252,-1864
alpha 0.001,1,253,-8,-1872,253,-1872
alpha 0.001,1,254,-8,-1880,254,-1880
alpha 0.001,1,255,-8,-1888,255,-1888
alpha 0.001,1,256,-8,-1896,256,-1896
alpha 0.001,1,257,-7,-1903,257,-1903
alpha 0.001,1,258,-7,-1910,258,-1910
alpha 0.001,1,259,-7,-1917,259,-1917
alpha 0.001,1,260,-7,-1924,260,-1924
alpha 0.001,1,261,-7,-1931,261,-1931
alpha 0.001,1,262,-7,-1938,262,-1938
alpha 0.001,1,263,-7,-1945,263,-1945
alpha 0.001,1,264,-7,-1952,264,-1952
alpha 0.001,1,265,-7,-1959,265,-1959
alpha 0.001,1,266,-7,-1966,266,-1966
alpha 0.001,1,267,-6,-1972,267,-1972
alpha 0.001,1,268,-6,-1978,268,-1978
alpha 0.001,1,269,-6,-1984,269,-1984
alpha 0.001,1,270,-5,-1989,270,-1989
alpha 0.001,1,271,-5,-1994,271,-1994
alpha 0.001,1,272,-5,-1999,272,-1999
alpha 0.001,1,273,-5,-2004,273,-2004
alpha 0.001,1,274,-5,-2009,274,-2009
alpha 0.001,1,275,-5,-2014,275,-2014
alpha 0.001,1,276,-5,-2019,276,-2019
alpha 0.001,1,277,-5,-2024,277,-2024
alpha 0.001,1,278,-5,-2029,278,-2029
alpha 0.001,1,279,-5,-2034,279,-2034
alpha 0.001,1,280,-5,-2039,280,-2039
alpha 0.001,1,281,-5,-2044,281,-2044
alpha 0.001,1,282,-6,-2050,282,-2050
alpha 0.001,1,283,-6,-2056,283,-2056
alpha 0.001,1,284,-6,-2062,284,-2062
alpha 0.001,1,285,-6,-2068,285,-2068
alpha 0.001,1,286,-7,-2075,286,-2075
alpha 0.001,1,287,-7,-2082,287,-2082
alpha 0.001,1,288,-7,-2089,288,-2089
alpha 0.001,1,289,-7,-2096,289,-2096
alpha 0.001,1,290,-7,-2103,290,-2103
alpha 0.001,1,291,-7,-2110,291,-2110
alpha 0.001,1,292,-7,-2117,292,-2117
alpha 0.001,1,293,-7,-2124,293,-2124
alpha 0.001,1,294,-7,-2131,294,-2131
alpha 0.001,1,295,-7,-2138,295,-2138
alpha 0.001,1,296,-7,-2145,296,-2145
alpha 0.001,1,297,-7,-2152,297,-2152
alpha 0.001,1,298,-7,-2159,298,-2159
alpha 0.001,1,299,-7,-2166,299,-2166
alpha 0.001,1,300,-7,-2173,300,-2173
alpha 0.001,1,301,-8,-2181,301,-2181
alpha 0.001,1,302,-8,-2189,302,-2189
alpha 0.001,1,303,-8,-2197,303,-2197
alpha 0.001,1,304,-8,-2205,304,-2205
alpha 0.001,1,305,-8,-2213,305,-2213
alpha 0.001,1,306,-8,-2221,306,-2221
alpha 0.001,1,307,-8,-2229,307,-2229
alpha 0.001,1,308,-8,-2237,308,-2237
alpha 0.001,1,309,-8,-2245,309,-2245
alpha 0.001,1,310,-8,-2253,310,-2253
alpha 0.001,1,311,-8,-2261,311,-2261
alpha 0.001,1,312,-10,-2271,312,-2271
alpha 0.001,1,313,-10,-2281,313,-2281
alpha 0.001,1,314,-10,-2291,314,-2291
alpha 0.001,1,315,-10,-2301,315,-2301
alpha 0.001,1,316,-10,-2311,316,-2311
alpha 0.001,1,317,-10,-2321,317,-2321
alpha 0.001,1,318,-10,-2331,318,-2331
alpha 0.001,1,319,-10,-2341,319,-2341
alpha 0.001,1,320,-10,-2351,320,-2351
alpha 0.001,1,321,-10,-2361,321,-2361
alpha 0.001,1,322,-10,-2371,322,-2371
alpha 0.001,1,323,-10,-2381,323,-2381
alpha 0.001,1,324,-10,-2391,324,-2391
alpha 0.001,1,325,-10,-2401,325,-2401
alpha 0.001,1,326,-10,-2411,326,-2411
alpha 0.001,1,327,-10,-2421,327,-2421
alpha 0.001,1,328,-10,-2431,328,-2431
alpha 0.001,1,329,-10,-2441,329,-2441
alpha 0.001,1,330,-10,-2451,330,-2451
alpha 0.001,1,331,-10,-2461,331,-2461
alpha 0.001,1,332,-10,-2471,332,-2471
alpha 0.001,1,333,-10,-2481,333,-2481
alpha 0.001,1,334,-10,-2491,334,-2491
alpha 0.001,1,335,-10,-2501,335,-2501
alpha 0.001,1,336,-10,-2511,336,-2511
alpha 0.001,1,337,-10,-2521,337,-2521
alpha 0.001,1,338,-10,-2531,338,-2531
alpha 0.001,1,339,-10,-2541,339,-2541
alpha 0.001,1,340,-10,-2551,340,-2551
alpha 0.001,1,341,-10,-2561,341,-2561
alpha 0.001,1,342,-10,-2571,342,-2571
alpha 0.001,1,343,-10,-2581,343,-2581
alpha 0.001,1,344,-10,-2591,344,-2591
alpha 0.001,1,345,-10,-2601,345,-2601
alpha 0.001,1,346,-10,-2611,346,-2611
alpha 0.001,1,347,-10,-2621,347,-2621
alpha 0.001,1,348,-10,-2631,348,-2631
alpha 0.001,1,349,-10,-2641,349,-2641
alpha 0.001,1,350,-8,-2649,350,-2649
alpha 0.001,1,351,-8,-2657,351,-2657
alpha 0.001,1,352,-8,-2665,352,-2665
alpha 0.001,1,353,-8,-2673,353,-2673
alpha 0.001,1,354,-8,-2681,354,-2681
alpha 0.001,1,355,-8,-2689,355,-2689
alpha 0.001,1,356,-6,-2695,356,-2695
alpha 0.001,1,357,-6,-2701,357,-2701
alpha 0.001,1,358,-6,-2707,358,-2707
alpha 0.001,1,359,-6,-2713,359,-2713
alpha 0.001,1,360,-6,-2719,360,-2719
alpha 0.001,1,361,-6,-2725,361,-2725
alpha 0.001,1,362,-6,-2731,362,-2731
alpha 0.001,1,363,-6,-2737,363,-2737
alpha 0.001,1,364,-6,-2743,364,-2743
alpha 0.001,1,365,-6,-2749,365,-2749
alpha 0.001,1,366,-5,-2754,366,-2754
alpha 0.001,1,367,-5,-2759,367,-2759
alpha 0.001,1,368,-5,-2764,368,-2764
alpha 0.001,1,369,-5,-2769,369,-2769
alpha 0.001,1,370,-5,-2774,370,-2774
alpha 0.001,1,371,-5,-2779,371,-2779
alpha 0.001,1,372,-5,-2784,372,-2784
alpha 0.001,1,373,-5,-2789,373,-2789
alpha 0.001,1,374,-5,-2794,374,-2794
alpha 0.001,1,375,-5,-2799,375,-2799
alpha 0.001,1,376,-5,-2804,376,-2804
alpha 0.001,1,377,-5,-2809,377,-2809
alpha 0.001,1,378,-5,-2814,378,-2814
alpha 0.001,1,379,-3,-2817,379,-2817
alpha 0.001,1,380,-3,-2820,380,-2820
alpha 0.001,1,381,-3,-2823,381,-2823
alpha 0.001,1,382,-3,-2826,382,-2826
alpha 0.001,1,383,-3,-2829,383,-2829
alpha 0.001,1,384,-3,-2832,384,-2832
alpha 0.001,1,385,-2,-2834,385,-2834
alpha 0.001,1,386,-2,-2836,386,-2836
alpha 0.001,1,387,-2,-2838,387,-2838
alpha 0.001,1,388,-2,-2840,388,-2840
alpha 0.001,1,389,-3,-2843,389,-2843
alpha 0.001,1,390,-3,-2846,390,-2846
alpha 0.001,1,391,-3,-2849,391,-2849
alpha 0.001,1,392,-3,-2852,392,-2852
alpha 0.001,1,393,-3,-2855,393,-2855
alpha 0.001,1,394,-3,-2858,394,-2858
alpha 0.001,1,395,-3,-2861,395,-2861
alpha 0.001,1,396,-2,-2863,396,-2863
alpha 0.001,1,397,-2,-2865,397,-2865
alpha 0.001,1,398,-2,-2867,398,-2867
alpha 0.001,1,399,-2,-2869,399,-2869
alpha 0.001,1,400,-2,-2871,400,-2871
alpha 0.001,1,401,-3,-2874,401,-2874
alpha 0.001,1,402,-3,-2877,402,-2877
alpha 0.001,1,403,-2,-2879,403,-2879
alpha 0.001,1,404,-2,-2881,404,-2881
alpha 0.001,1,405,-2,-2883,405,-2883
alpha 0.001,1,406,-2,-2885,406,-2885
alpha 0.001,1,407,-2,-2887,407,-2887
alpha 0.001,1,408,-2,-2889,408,-2889
alpha 0.001,1,409,-2,-2891,409,-2891
alpha 0.001,1,410,-2,-2893,410,-2893
alpha 0.001,1,411,-3,-2896,411,-2896
alpha 0.001,1,412,-3,-2899,412,-2899
alpha 0.001,1,413,-3,-2902,413,-2902
alpha 0.001,1,414,-3,-2905,414,-2905
alpha 0.001,1,415,-1,-2906,415,-2906
alpha 0.001,1,416,1,-2905,416,-2905
alpha 0.001,1,417,1,-2904,417,-2904
alpha 0.001,1,418,-1,-2905,418,-2905
alpha 0.001,1,419,1,-2904,419,-2904
alpha 0.001,1,420,1,-2903,420,-2903
alpha 0.001,1,421,-2,-2905,421,-2905
alpha 0.001,1,422,-1,-2906,422,-2906
alpha 0.001,1,423,1,-2905,423,-2905
alpha 0.001,1,424,1,-2904,424,-2904
alpha 0.001,1,425,2,-2902,425,-2902
alpha 0.001,1,426,1,-2901,426,-2901
alpha 0.001,1,427,-2,-2903,427,-2903
alpha 0.001,1,428,-2,-2905,428,-2905
alpha 0.001,1,429,-2,-2907,429,-2907
alpha 0.001,1,430,-2,-2909,430,-2909
alpha 0.001,1,431,-3,-2912,431,-2912
alpha 0.001,1,432,-5,-2917,432,-2917
alpha 0.001,1,433,-3,-2920,433,-2920
alpha 0.001,1,434,-2,-2922,434,-2922
alpha 0.001,1,435,-2,-2924,435,-2924
alpha 0.001,1,436,-2,-2926,436,-2926
alpha 0.001,1,437,-2,-2928,437,-2928
alpha 0.001,1,438,-2,-2930,438,-2930
alpha 0.001,1,439,-3,-2933,439,-2933
alpha 0.001,1,440,-3,-2936,440,-2936
alpha 0.001,1,441,-4,-2940,441,-2940
alpha 0.001,1,442,-4,-2944,442,-2944
alpha 0.001,1,443,-3,-2947,443,-2947
alpha 0.001,1,444,2,-2945,444,-2945
alpha 0.001,1,445,1,-2944,445,-2944
alpha 0.001,1,446,1,-2943,446,-2943
alpha 0.001,1,447,-1,-2944,447,-2944
alpha 0.001,1,448,-2,-2946,448,-2946
alpha 0.001,1,449,-2,-2948,449,-2948
alpha 0.001,1,450,-3,-2951,450,-2951
alpha 0.001,1,451,-3,-2954,451,-2954
alpha 0.001,1,452,-3,-2957,452,-2957
alpha 0.001,1,453,-3,-2960,453,-2960
alpha 0.001,1,454,-3,-2963,454,-2963
alpha 0.001,1,455,-3,-2966,455,-2966
alpha 0.001,1,456,-3,-2969,456,-2969
alpha 0.001,1,457,-2,-2971,457,-2971
alpha 0.001,1,458,-3,-2974,458,-2974
alpha 0.001,1,459,-3,-2977,459,-2977
alpha 0.001,1,460,-3,-2980,460,-2980
alpha 0.001,1,461,-4,-2984,461,-2984
alpha 0.001,1,462,-5,-2989,462,-2989
alpha 0.001,1,463,-5,-2994,463,-2994
alpha 0.001,1,464,-5,-2999,464,-2999
alpha 0.001,1,465,-5,-3004,465,-3004
alpha 0.001,1,466,-5,-3009,466,-3009
alpha 0.001,1,467,-5,-3014,467,-3014
alpha 0.001,1,468,-5,-3019,468,-3019
alpha 0.001,1,469,-5,-3024,469,-3024
alpha 0.001,1,470,-5,-3029,470,-3029
alpha 0.001,1,471,-5,-3034,471,-3034
alpha 0.001,1,472,-5,-3039,472,-3039
alpha 0.001,1,473,-5,-3044,473,-3044
alpha 0.001,1,474,-5,-3049,474,-3049
alpha 0.001,1,475,-5,-3054,475,-3054
alpha 0.001,1,476,-5,-3059,476,-3059
alpha 0.001,1,477,-5,-3064,477,-3064
alpha 0.001,1,478,-5,-3069,478,-3069
alpha 0.001,1,479,-5,-3074,479,-3074
alpha 0.001,1,480,-5,-3079,480,-3079
alpha 0.001,1,481,-5,-3084,481,-3084
alpha 0.001,1,482,-5,-3089,482,-3089
alpha 0.001,1,483,-5,-3094,483,-3094
alpha 0.001,1,484,-5,-3099,484,-3099
alpha 0.001,1,485,-5,-3104,485,-3104
alpha 0.001,1,486,-5,-3109,486,-3109
alpha 0.001,1,487,-5,-3114,487,-3114
alpha 0.001,1,488,-5,-3119,488,-3119
alpha 0.001,1,489,-5,-3124,489,-3124
alpha 0.001,1,490,-7,-3131,490,-3131
alpha 0.001,1,491,-7,-3138,491,-3138
alpha 0.001,1,492,-7,-3145,492,-3145
alpha 0.001,1,493,-7,-3152,493,-3152
alpha 0.001,1,494,-7,-3159,494,-3159
alpha 0.001,1,495,-7,-3166,495,-3166
alpha 0.001,1,496,-7,-3173,496,-3173
alpha 0.001,1,497,-7,-3180,497,-3180
alpha 0.001,1,498,-7,-3187,498,-3187
alpha 0.001,1,499,-7,-3194,499,-3194
alpha 0.001,1,500,-7,-3201,500,-3201
alpha 0.001,2,1,2,2,501,-3199
alpha 0.001,2,2,1,3,502,-3198
alpha 0.001,2,3,-2,1,503,-3200
alpha 0.001,2,4,-2,-1,504,-3202
alpha 0.001,2,5,-2,-3,505,-3204
alpha 0.001,2,6,-2,-5,506,-3206
alpha 0.001,2,7,-2,-7,507,-3208
alpha 0.001,2,8,-2,-9,508,-3210
alpha 0.001,2,9,-3,-12,509,-3213
alpha 0.001,2,10,-3,-15,510,-3216
alpha 0.001,2,11,-3,-18,511,-3219
alpha 0.001,2,12,-3,-21,512,-3222
alpha 0.001,2,13,-3,-24,513,-3225
alpha 0.001,2,14,-3,-27,514,-3228
alpha 0.001,2,15,-2,-29,515,-3230
alpha 0.001,2,16,-2,-31,516,-3232
alpha 0.001,2,17,-2,-33,517,-3234
alpha 0.001,2,18,-2,-35,518,-3236
alpha 0.001,2,19,-2,-37,519,-3238
alpha 0.001,2,20,-2,-39,520,-3240
alpha 0.001,2,21,-2,-41,521,-3242
alpha 0.001,2,22,-2,-43,522,-3244
alpha 0.001,2,23,-3,-46,523,-3247
alpha 0.001,2,24,-3,-49,524,-3250
alpha 0.001,2,25,-3,-52,525,-3253
alpha 0.001,2,26,-3,-55,526,-3256
alpha 0.001,2,27,-3,-58,527,-3259
alpha 0.001,2,28,-3,-61,528,-3262
alpha 0.001,2,29,-3,-64,529,-3265
alpha 0.001,2,30,-3,-67,530,-3268
alpha 0.001,2,31,-3,-70,531,-3271
alpha 0.001,2,32,-4,-74,532,-3275
alpha 0.001,2,33,-4,-78,533,-3279
alpha 0.001,2,34,-3,-81,534,-3282
alpha 0.001,2,35,-4,-85,535,-3286
alpha 0.001,2,36,-4,-89,536,-3290
alpha 0.001,2,37,-4,-93,537,-3294
alpha 0.001,2,38,-4,-97,538,-3298
alpha 0.001,2,39,-4,-101,539,-3302
alpha 0.001,2,40,-4,-105,540,-3306
alpha 0.001,2,41,-5,-110,541,-3311
alpha 0.001,2,42,-5,-115,542,-3316
alpha 0.001,2,43,-5,-120,543,-3321
alpha 0.001,2,44,-5,-125,544,-3326
alpha 0.001,2,45,-5,-130,545,-3331
alpha 0.001,2,46,-5,-135,546,-3336
alpha 0.001,2,47,-5,-140,547,-3341
alpha 0.001,2,48,-5,-145,548,-3346
alpha 0.001,2,49,-5,-150,549,-3351
alpha 0.001,2,50,-5,-155,550,-3356
alpha 0.001,2,51,-5,-160,551,-3361
alpha 0.001,2,52,-5,-165,552,-3366
alpha 0.001,2,53,-5,-170,553,-3371
alpha 0.001,2,54,-5,-175,554,-3376
alpha 0.001,2,55,-5,-180,555,-3381
alpha 0.001,2,56,-5,-185,556,-3386
alpha 0.001,2,57,-4,-189,557,-3390
alpha 0.001,2,58,-4,-193,558,-3394
alpha 0.001,2,59,-4,-197,559,-3398
alpha 0.001,2,60,-4,-201,560,-3402
alpha 0.001,2,61,-4,-205,561,-3406
alpha 0.001,2,62,-4,-209,562,-3410
alpha 0.001,2,63,-4,-213,563,-3414
alpha 0.001,2,64,-4,-217,564,-3418
alpha 0.001,2,65,-4,-221,565,-3422
alpha 0.001,2,66,-4,-225,566,-3426
alpha 0.001,2,67,-4,-229,567,-3430
alpha 0.001,2,68,-4,-233,568,-3434
alpha 0.001,2,69,-4,-237,569,-3438
alpha 0.001,2,70,-4,-241,570,-3442
alpha 0.001,2,71,-4,-245,571,-3446
alpha 0.001,2,72,-4,-249,572,-3450
alpha 0.001,2,73,-4,-253,573,-3454
alpha 0.001,2,74,-4,-257,574,-3458
alpha 0.001,2,75,-4,-261,575,-3462
alpha 0.001,2,76,-4,-265,576,-3466
alpha 0.001,2,77,-4,-269,577,-3470
alpha 0.001,2,78,-4,-273,578,-3474
alpha 0.001,2,79,-4,-277,579,-3478
alpha 0.001,2,80,-4,-281,580,-3482
alpha 0.001,2,81,-4,-285,581,-3486
alpha 0.001,2,82,-4,-289,582,-3490
alpha 0.001,2,83,-4,-293,583,-3494
alpha 0.001,2,84,-4,-297,584,-3498
alpha 0.001,2,85,-4,-301,585,-3502
alpha 0.001,2,86,-4,-305,586,-3506
alpha 0.001,2,87,-4,-309,587,-3510
alpha 0.001,2,88,-4,-313,588,-3514
alpha 0.001,2,89,-4,-317,589,-3518
alpha 0.001,2,90,-4,-321,590,-3522
alpha 0.001,2,91,-5,-326,591,-3527
alpha 0.001,2,92,-4,-330,592,-3531
alpha 0.001,2,93,-3,-333,593,-3534
alpha 0.001,2,94,-3,-336,594,-3537
alpha 0.001,2,95,-3,-339,595,-3540
alpha 0.001,2,96,-3,-342,596,-3543
alpha 0.001,2,97,-3,-345,597,-3546
alpha 0.001,2,98,-2,-347,598,-3548
alpha 0.001,2,99,-2,-349,599,-3550
alpha 0.001,2,100,-2,-351,600,-3552
alpha 0.001,2,101,-2,-353,601,-3554
alpha 0.001,2,102,-2,-355,602,-3556
alpha 0.001,2,103,-2,-357,603,-3558
alpha 0.001,2,104,-2,-359,604,-3560
alpha 0.001,2,105,-2,-361,605,-3562
alpha 0.001,2,106,-2,-363,606,-3564
alpha 0.001,2,107,-2,-365,607,-3566
alpha 0.001,2,108,-2,-367,608,-3568
alpha 0.001,2,109,-2,-369,609,-3570
alpha 0.001,2,110,-2,-371,610,-3572
alpha 0.001,2,111,-2,-373,611,-3574
alpha 0.001,2,112,-2,-375,612,-3576
alpha 0.001,2,113,-2,-377,613,-3578
alpha 0.001,2,114,-2,-379,614,-3580
alpha 0.001,2,115,-2,-381,615,-3582
alpha 0.001,2,116,-2,-383,616,-3584
alpha 0.001,2,117,-2,-385,617,-3586
alpha 0.001,2,118,-2,-387,618,-3588
alpha 0.001,2,119,-2,-389,619,-3590
alpha 0.001,2,120,-1,-390,620,-3591
alpha 0.001,2,121,-1,-391,621,-3592
alpha 0.001,2,122,-1,-392,622,-3593
alpha 0.001,2,123,-2,-394,623,-3595
alpha 0.001,2,124,-2,-396,624,-3597
alpha 0.001,2,125,-2,-398,625,-3599
alpha 0.001,2,126,-2,-400,626,-3601
alpha 0.001,2,127,-2,-402,627,-3603
alpha 0.001,2,128,-2,-404,628,-3605
alpha 0.001,2,129,-2,-406,629,-3607
alpha 0.001,2,130,-2,-408,630,-3609
alpha 0.001,2,131,-2,-410,631,-3611
alpha 0.001,2,132,-2,-412,632,-3613
alpha 0.001,2,133,-2,-414,633,-3615
alpha 0.001,2,134,-2,-416,634,-3617
alpha 0.001,2,135,-2,-418,635,-3619
alpha 0.001,2,136,-2,-420,636,-3621
alpha 0.001,2,137,-2,-422,637,-3623
alpha 0.001,2,138,-3,-425,638,-3626
alpha 0.001,2,139,-3,-428,639,-3629
alpha 0.001,2,140,-3,-431,640,-3632
alpha 0.001,2,141,-3,-434,641,-3635
alpha 0.001,2,142,-3,-437,642,-3638
alpha 0.001,2,143,-3,-440,643,-3641
alpha 0.001,2,144,-3,-443,644,-3644
alpha 0.001,2,145,-3,-446,645,-3647
alpha 0.001,2,146,-3,-449,646,-3650
alpha 0.001,2,147,-3,-452,647,-3653
alpha 0.001,2,148,-3,-455,648,-3656
alpha 0.001,2,149,-3,-458,649,-3659
alpha 0.001,2,150,-3,-461,650,-3662
alpha 0.001,2,151,-2,-463,651,-3664
alpha 0.001,2,152,-2,-465,652,-3666
alpha 0.001,2,153,-2,-467,653,-3668
alpha 0.001,2,154,-3,-470,654,-3671
alpha 0.001,2,155,-3,-473,655,-3674
alpha 0.001,2,156,-3,-476,656,-3677
alpha 0.001,2,157,-3,-479,657,-3680
alpha 0.001,2,158,-3,-482,658,-3683
alpha 0.001,2,159,-3,-485,659,-3686
alpha 0.001,2,160,-3,-488,660,-3689
alpha 0.001,2,161,-3,-491,661,-3692
alpha 0.001,2,162,-3,-494,662,-3695
alpha 0.001,2,163,-3,-497,663,-3698
alpha 0.001,2,164,-3,-500,664,-3701
alpha 0.001,2,165,-3,-503,665,-3704
alpha 0.001,2,166,-3,-506,666,-3707
alpha 0.001,2,167,-3,-509,667,-3710
alpha 0.001,2,168,-3,-512,668,-3713
alpha 0.001,2,169,-2,-514,669,-3715
alpha 0.001,2,170,-2,-516,670,-3717
alpha 0.001,2,171,-2,-518,671,-3719
alpha 0.001,2,172,-2,-520,672,-3721
alpha 0.001,2,173,-3,-523,673,-3724
alpha 0.001,2,174,-3,-526,674,-3727
alpha 0.001,2,175,-2,-528,675,-3729
alpha 0.001,2,176,-2,-530,676,-3731
alpha 0.001,2,177,-2,-532,677,-3733
alpha 0.001,2,178,-2,-534,678,-3735
alpha 0.001,2,179,-2,-536,679,-3737
alpha 0.001,2,180,-2,-538,680,-3739
alpha 0.001,2,181,-1,-539,681,-3740
alpha 0.001,2,182,-1,-540,682,-3741
alpha 0.001,2,183,-1,-541,683,-3742
alpha 0.001,2,184,-1,-542,684,-3743
alpha 0.001,2,185,-1,-543,685,-3744
alpha 0.001,2,186,-1,-544,686,-3745
alpha 0.001,2,187,-1,-545,687,-3746
alpha 0.001,2,188,-1,-546,688,-3747
alpha 0.001,2,189,1,-545,689,-3746
alpha 0.001,2,190,1,-544,690,-3745
alpha 0.001,2,191,1,-543,691,-3744
alpha 0.001,2,192,-1,-544,692,-3745
alpha 0.001,2,193,-1,-545,693,-3746
alpha 0.001,2,194,1,-544,694,-3745
alpha 0.001,2,195,4,-540,695,-3741
alpha 0.001,2,196,2,-538,696,-3739
alpha 0.001,2,197,-1,-539,697,-3740
alpha 0.001,2,198,-2,-541,698,-3742
alpha 0.001,2,199,-3,-544,699,-3745
alpha 0.001,2,200,1,-543,700,-3744
alpha 0.001,2,201,1,-542,701,-3743
alpha 0.001,2,202,1,-541,702,-3742
alpha 0.001,2,203,1,-540,703,-3741
alpha 0.001,2,204,1,-539,704,-3740
alpha 0.001,2,205,1,-538,705,-3739
alpha 0.001,2,206,1,-537,706,-3738
alpha 0.001,2,207,1,-536,707,-3737
alpha 0.001,2,208,1,-535,708,-3736
alpha 0.001,2,209,1,-534,709,-3735
alpha 0.001,2,210,1,-533,710,-3734
alpha 0.001,2,211,-2,-535,711,-3736
alpha 0.001,2,212,-2,-537,712,-3738
alpha 0.001,2,213,-2,-539,713,-3740
alpha 0.001,2,214,-2,-541,714,-3742
alpha 0.001,2,215,-2,-543,715,-3744
alpha 0.001,2,216,-2,-545,716,-3746
alpha 0.001,2,217,-2,-547,717,-3748
alpha 0.001,2,218,-2,-549,718,-3750
alpha 0.001,2,219,-2,-551,719,-3752
alpha 0.001,2,220,-2,-553,720,-3754
alpha 0.001,2,221,1,-552,721,-3753
alpha 0.001,2,222,1,-551,722,-3752
alpha 0.001,2,223,1,-550,723,-3751
alpha 0.001,2,224,1,-549,724,-3750
alpha 0.001,2,225,1,-548,725,-3749
alpha 0.001,2,226,1,-547,726,-3748
alpha 0.001,2,227,1,-546,727,-3747
alpha 0.001,2,228,1,-545,728,-3746
alpha 0.001,2,229,1,-544,729,-3745
alpha 0.001,2,230,1,-543,730,-3744
alpha 0.001,2,231,1,-542,731,-3743
alpha 0.001,2,232,-2,-544,732,-3745
alpha 0.001,2,233,-2,-546,733,-3747
alpha 0.001,2,234,-2,-548,734,-3749
alpha 0.001,2,235,-2,-550,735,-3751
alpha 0.001,2,236,-2,-552,736,-3753
alpha 0.001,2,237,-2,-554,737,-3755
alpha 0.001,2,238,-2,-556,738,-3757
alpha 0.001,2,239,-2,-558,739,-3759
alpha 0.001,2,240,-2,-560,740,-3761
alpha 0.001,2,241,-2,-562,741,-3763
alpha 0.001,2,242,-2,-564,742,-3765
alpha 0.001,2,243,-2,-566,743,-3767
alpha 0.001,2,244,-2,-568,744,-3769
alpha 0.001,2,245,-2,-570,745,-3771
alpha 0.001,2,246,-2,-572,746,-3773
alpha 0.001,2,247,-2,-574,747,-3775
alpha 0.001,2,248,-2,-576,748,-3777
alpha 0.001,2,249,-2,-578,749,-3779
alpha 0.001,2,250,-2,-580,750,-3781
alpha 0.001,2,251,-2,-582,751,-3783
alpha 0.001,2,252,-2,-584,752,-3785
alpha 0.001,2,253,-2,-586,753,-3787
alpha 0.001,2,254,-2,-588,754,-3789
alpha 0.001,2,255,-2,-590,755,-3791
alpha 0.001,2,256,-2,-592,756,-3793
alpha 0.001,2,257,-2,-594,757,-3795
alpha 0.001,2,258,-2,-596,758,-3797
alpha 0.001,2,259,-2,-598,759,-3799
alpha 0.001,2,260,-2,-600,760,-3801
alpha 0.001,2,261,-2,-602,761,-3803
alpha 0.001,2,262,-2,-604,762,-3805
alpha 0.001,2,263,-2,-606,763,-3807
alpha 0.001,2,264,-2,-608,764,-3809
alpha 0.001,2,265,-2,-610,765,-3811
alpha 0.001,2,266,-2,-612,766,-3813
alpha 0.001,2,267,-2,-614,767,-3815
alpha 0.001,2,268,-2,-616,768,-3817
alpha 0.001,2,269,-2,-618,769,-3819
alpha 0.001,2,270,-2,-620,770,-3821
alpha 0.001,2,271,-2,-622,771,-3823
alpha 0.001,2,272,-2,-624,772,-3825
alpha 0.001,2,273,-2,-626,773,-3827
alpha 0.001,2,274,-2,-628,774,-3829
alpha 0.001,2,275,-2,-630,775,-3831
alpha 0.001,2,276,-2,-632,776,-3833
alpha 0.001,2,277,-3,-635,777,-3836
alpha 0.001,2,278,-3,-638,778,-3839
alpha 0.001,2,279,-3,-641,779,-3842
alpha 0.001,2,280,-3,-644,780,-3845
alpha 0.001,2,281,-3,-647,781,-3848
alpha 0.001,2,282,-3,-650,782,-3851
alpha 0.001,2,283,-3,-653,783,-3854
alpha 0.001,2,284,-3,-656,784,-3857
alpha 0.001,2,285,-2,-658,785,-3859
alpha 0.001,2,286,-2,-660,786,-3861
alpha 0.001,2,287,-2,-662,787,-3863
alpha 0.001,2,288,-2,-664,788,-3865
alpha 0.001,2,289,-2,-666,789,-3867
alpha 0.001,2,290,-2,-668,790,-3869
alpha 0.001,2,291,-2,-670,791,-3871
alpha 0.001,2,292,-2,-672,792,-3873
alpha 0.001,2,293,-2,-674,793,-3875
alpha 0.001,2,294,-3,-677,794,-3878
alpha 0.001,2,295,-3,-680,795,-3881
alpha 0.001,2,296,-3,-683,796,-3884
alpha 0.001,2,297,-3,-686,797,-3887
alpha 0.001,2,298,-3,-689,798,-3890
alpha 0.001,2,299,-3,-692,799,-3893
alpha 0.001,2,300,-3,-695,800,-3896
alpha 0.001,2,301,-3,-698,801,-3899
alpha 0.001,2,302,-3,-701,802,-3902
alpha 0.001,2,303,-3,-704,803,-3905
alpha 0.001,2,304,-3,-707,804,-3908
alpha 0.001,2,305,-3,-710,805,-3911
alpha 0.001,2,306,-3,-713,806,-3914
alpha 0.001,2,307,-3,-716,807,-3917
alpha 0.001,2,308,-3,-719,808,-3920
alpha 0.001,2,309,-3,-722,809,-3923
alpha 0.001,2,310,-3,-725,810,-3926
alpha 0.001,2,311,-3,-728,811,-3929
alpha 0.001,2,312,-3,-731,812,-3932
alpha 0.001,2,313,-3,-734,813,-3935
alpha 0.001,2,314,-3,-737,814,-3938
alpha 0.001,2,315,-3,-740,815,-3941
alpha 0.001,2,316,-3,-743,816,-3944
alpha 0.001,2,317,-3,-746,817,-3947
alpha 0.001,2,318,-3,-749,818,-3950
alpha 0.001,2,319,-3,-752,819,-3953
alpha 0.001,2,320,-3,-755,820,-3956
alpha 0.001,2,321,-3,-758,821,-3959
alpha 0.001,2,322,-3,-761,822,-3962
alpha 0.001,2,323,-2,-763,823,-3964
alpha 0.001,2,324,-2,-765,824,-3966
alpha 0.001,2,325,-3,-768,825,-3969
alpha 0.001,2,326,-3,-771,826,-3972
alpha 0.001,2,327,-3,-774,827,-3975
alpha 0.001,2,328,-3,-777,828,-3978
alpha 0.001,2,329,-3,-780,829,-3981
alpha 0.001,2,330,-3,-783,830,-3984
alpha 0.001,2,331,-3,-786,831,-3987
alpha 0.001,2,332,-2,-788,832,-3989
alpha 0.001,2,333,-2,-790,833,-3991
alpha 0.001,2,334,-2,-792,834,-3993
alpha 0.001,2,335,-2,-794,835,-3995
alpha 0.001,2,336,-2,-796,836,-3997
alpha 0.001,2,337,-2,-798,837,-3999
alpha 0.001,2,338,-2,-800,838,-4001
alpha 0.001,2,339,-2,-802,839,-4003
alpha 0.001,2,340,-2,-804,840,-4005
alpha 0.001,2,341,-2,-806,841,-4007
alpha 0.001,2,342,-2,-808,842,-4009
alpha 0.001,2,343,-2,-810,843,-4011
alpha 0.001,2,344,-2,-812,844,-4013
alpha 0.001,2,345,-2,-814,845,-4015
alpha 0.001,2,346,-2,-816,846,-4017
alpha 0.001,2,347,-2,-818,847,-4019
alpha 0.001,2,348,-2,-820,848,-4021
alpha 0.001,2,349,-2,-822,849,-4023
alpha 0.001,2,350,-2,-824,850,-4025
alpha 0.001,2,351,-2,-826,851,-4027
alpha 0.001,2,352,-2,-828,852,-4029
alpha 0.001,2,353,-2,-830,853,-4031
alpha 0.001,2,354,-2,-832,854,-4033
alpha 0.001,2,355,-2,-834,855,-4035
alpha 0.001,2,356,-2,-836,856,-4037
alpha 0.001,2,357,-2,-838,857,-4039
alpha 0.001,2,358,-2,-840,858,-4041
alpha 0.001,2,359,-2,-842,859,-4043
alpha 0.001,2,360,-2,-844,860,-4045
alpha 0.001,2,361,-2,-846,861,-4047
alpha 0.001,2,362,-2,-848,862,-4049
alpha 0.001,2,363,-2,-850,863,-4051
alpha 0.001,2,364,-2,-852,864,-4053
alpha 0.001,2,365,-2,-854,865,-4055
alpha 0.001,2,366,-2,-856,866,-4057
alpha 0.001,2,367,-2,-858,867,-4059
alpha 0.001,2,368,-2,-860,868,-4061
alpha 0.001,2,369,-2,-862,869,-4063
alpha 0.001,2,370,-2,-864,870,-4065
alpha 0.001,2,371,-2,-866,871,-4067
alpha 0.001,2,372,-2,-868,872,-4069
alpha 0.001,2,373,-2,-870,873,-4071
alpha 0.001,2,374,-3,-873,874,-4074
alpha 0.001,2,375,-3,-876,875,-4077
alpha 0.001,2,376,-3,-879,876,-4080
alpha 0.001,2,377,-3,-882,877,-4083
alpha 0.001,2,378,-3,-885,878,-4086
alpha 0.001,2,379,-3,-888,879,-4089
alpha 0.001,2,380,-3,-891,880,-4092
alpha 0.001,2,381,-3,-894,881,-4095
alpha 0.001,2,382,-3,-897,882,-4098
alpha 0.001,2,383,-3,-900,883,-4101
alpha 0.001,2,384,-3,-903,884,-4104
alpha 0.001,2,385,-3,-906,885,-4107
alpha 0.001,2,386,-3,-909,886,-4110
alpha 0.001,2,387,-3,-912,887,-4113
alpha 0.001,2,388,-3,-915,888,-4116
alpha 0.001,2,389,-3,-918,889,-4119
alpha 0.001,2,390,-3,-921,890,-4122
alpha 0.001,2,391,-3,-924,891,-4125
alpha 0.001,2,392,-3,-927,892,-4128
alpha 0.001,2,393,-3,-930,893,-4131
alpha 0.001,2,394,-3,-933,894,-4134
alpha 0.001,2,395,-3,-936,895,-4137
alpha 0.001,2,396,-3,-939,896,-4140
alpha 0.001,2,397,-3,-942,897,-4143
alpha 0.001,2,398,-3,-945,898,-4146
alpha 0.001,2,399,-3,-948,899,-4149
alpha 0.001,2,400,-3,-951,900,-4152
alpha 0.001,2,401,-3,-954,901,-4155
alpha 0.001,2,402,-3,-957,902,-4158
alpha 0.001,2,403,-3,-960,903,-4161
alpha 0.001,2,404,-3,-963,904,-4164
alpha 0.001,2,405,-3,-966,905,-4167
alpha 0.001,2,406,-3,-969,906,-4170
alpha 0.001,2,407,-3,-972,907,-4173
alpha 0.001,2,408,-3,-975,908,-4176
alpha 0.001,2,409,-3,-978,909,-4179
alpha 0.001,2,410,-3,-981,910,-4182
alpha 0.001,2,411,-3,-984,911,-4185
alpha 0.001,2,412,-3,-987,912,-4188
alpha 0.001,2,413,-3,-990,913,-4191
alpha 0.001,2,414,-3,-993,914,-4194
alpha 0.001,2,415,-3,-996,915,-4197
alpha 0.001,2,416,-3,-999,916,-4200
alpha 0.001,2,417,-3,-1002,917,-4203
alpha 0.001,2,418,-3,-1005,918,-4206
alpha 0.001,2,419,-3,-1008,919,-4209
alpha 0.001,2,420,-3,-1011,920,-4212
alpha 0.001,2,421,-3,-1014,921,-4215
alpha 0.001,2,422,-2,-1016,922,-4217
alpha 0.001,2,423,-2,-1018,923,-4219
alpha 0.001,2,424,-2,-1020,924,-4221
alpha 0.001,2,425,-2,-1022,925,-4223
alpha 0.001,2,426,-2,-1024,926,-4225
alpha 0.001,2,427,-2,-1026,927,-4227
alpha 0.001,2,428,-2,-1028,928,-4229
alpha 0.001,2,429,-2,-1030,929,-4231
alpha 0.001,2,430,-2,-1032,930,-4233
alpha 0.001,2,431,-2,-1034,931,-4235
alpha 0.001,2,432,-2,-1036,932,-4237
alpha 0.001,2,433,-2,-1038,933,-4239
alpha 0.001,2,434,-2,-1040,934,-4241
alpha 0.001,2,435,-2,-1042,935,-4243
alpha 0.001,2,436,-2,-1044,936,-4245
alpha 0.001,2,437,-2,-1046,937,-4247
alpha 0.001,2,438,1,-1045,938,-4246
alpha 0.001,2,439,1,-1044,939,-4245
alpha 0.001,2,440,1,-1043,940,-4244
alpha 0.001,2,441,2,-1041,941,-4242
alpha 0.001,2,442,2,-1039,942,-4240
alpha 0.001,2,443,1,-1038,943,-4239
alpha 0.001,2,444,1,-1037,944,-4238
alpha 0.001,2,445,-2,-1039,945,-4240
alpha 0.001,2,446,-2,-1041,946,-4242
alpha 0.001,2,447,-2,-1043,947,-4244
alpha 0.001,2,448,-1,-1044,948,-4245
alpha 0.001,2,449,1,-1043,949,-4244
alpha 0.001,2,450,1,-1042,950,-4243
alpha 0.001,2,451,1,-1041,951,-4242
alpha 0.001,2,452,-2,-1043,952,-4244
alpha 0.001,2,453,-2,-1045,953,-4246
alpha 0.001,2,454,-2,-1047,954,-4248
alpha 0.001,2,455,-2,-1049,955,-4250
alpha 0.001,2,456,-1,-1050,956,-4251
alpha 0.001,2,457,-1,-1051,957,-4252
alpha 0.001,2,458,-1,-1052,958,-4253
alpha 0.001,2,459,-1,-1053,959,-4254
alpha 0.001,2,460,-1,-1054,960,-4255
alpha 0.001,2,461,-1,-1055,961,-4256
alpha 0.001,2,462,1,-1054,962,-4255
alpha 0.001,2,463,1,-1053,963,-4254
alpha 0.001,2,464,1,-1052,964,-4253
alpha 0.001,2,465,1,-1051,965,-4252
alpha 0.001,2,466,1,-1050,966,-4251
alpha 0.001,2,467,1,-1049,967,-4250
alpha 0.001,2,468,1,-1048,968,-4249
alpha 0.001,2,469,1,-1047,969,-4248
alpha 0.001,2,470,1,-1046,970,-4247
alpha 0.001,2,471,1,-1045,971,-4246
alpha 0.001,2,472,1,-1044,972,-4245
alpha 0.001,2,473,2,-1042,973,-4243
alpha 0.001,2,474,2,-1040,974,-4241
alpha 0.001,2,475,2,-1038,975,-4239
alpha 0.001,2,476,2,-1036,976,-4237
alpha 0.001,2,477,2,-1034,977,-4235
alpha 0.001,2,478,2,-1032,978,-4233
alpha 0.001,2,479,1,-1031,979,-4232
alpha 0.001,2,480,-2,-1033,980,-4234
alpha 0.001,2,481,-2,-1035,981,-4236
alpha 0.001,2,482,-3,-1038,982,-4239
alpha 0.001,2,483,-3,-1041,983,-4242
alpha 0.001,2,484,-5,-1046,984,-4247
alpha 0.001,2,485,-5,-1051,985,-4252
alpha 0.001,2,486,-5,-1056,986,-4257
alpha 0.001,2,487,-5,-1061,987,-4262
alpha 0.001,2,488,-3,-1064,988,-4265
alpha 0.001,2,489,-5,-1069,989,-4270
alpha 0.001,2,490,-5,-1074,990,-4275
alpha 0.001,2,491,-5,-1079,991,-4280
alpha 0.001,2,492,-3,-1082,992,-4283
alpha 0.001,2,493,-3,-1085,993,-4286
alpha 0.001,2,494,-3,-1088,994,-4289
alpha 0.001,2,495,-3,-1091,995,-4292
alpha 0.001,2,496,-3,-1094,996,-4295
alpha 0.001,2,497,-3,-1097,997,-4298
alpha 0.001,2,498,-3,-1100,998,-4301
alpha 0.001,2,499,-5,-1105,999,-4306
alpha 0.001,2,500,-5,-1110,1000,-4311
alpha 0.001,3,1,4,4,1001,-4307
alpha 0.001,3,2,2,6,1002,-4305
alpha 0.001,3,3,1,7,1003,-4304
alpha 0.001,3,4,-1,6,1004,-4305
alpha 0.001,3,5,-2,4,1005,-4307
alpha 0.001,3,6,-2,2,1006,-4309
alpha 0.001,3,7,-2,0,1007,-4311
alpha 0.001,3,8,-3,-3,1008,-4314
alpha 0.001,3,9,-3,-6,1009,-4317
alpha 0.001,3,10,-2,-8,1010,-4319
alpha 0.001,3,11,-2,-10,1011,-4321
alpha 0.001,3,12,-2,-12,1012,-4323
alpha 0.001,3,13,-2,-14,1013,-4325
alpha 0.001,3,14,-2,-16,1014,-4327
alpha 0.001,3,15,-2,-18,1015,-4329
alpha 0.001,3,16,-2,-20,1016,-4331
alpha 0.001,3,17,-2,-22,1017,-4333
alpha 0.001,3,18,-2,-24,1018,-4335
alpha 0.001,3,19,-2,-26,1019,-4337
alpha 0.001,3,20,-2,-28,1020,-4339
alpha 0.001,3,21,-2,-30,1021,-4341
alpha 0.001,3,22,-2,-32,1022,-4343
alpha 0.001,3,23,-2,-34,1023,-4345
alpha 0.001,3,24,-3,-37,1024,-4348
alpha 0.001,3,25,-3,-40,1025,-4351
alpha 0.001,3,26,-3,-43,1026,-4354
alpha 0.001,3,27,-3,-46,1027,-4357
alpha 0.001,3,28,-3,-49,1028,-4360
alpha 0.001,3,29,-3,-52,1029,-4363
alpha 0.001,3,30,-3,-55,1030,-4366
alpha 0.001,3,31,-3,-58,1031,-4369
alpha 0.001,3,32,-3,-61,1032,-4372
alpha 0.001,3,33,-3,-64,1033,-4375
alpha 0.001,3,34,-3,-67,1034,-4378
alpha 0.001,3,35,-3,-70,1035,-4381
alpha 0.001,3,36,-3,-73,1036,-4384
alpha 0.001,3,37,-3,-76,1037,-4387
alpha 0.001,3,38,-3,-79,1038,-4390
alpha 0.001,3,39,-3,-82,1039,-4393
alpha 0.001,3,40,-3,-85,1040,-4396
alpha 0.001,3,41,-3,-88,1041,-4399
alpha 0.001,3,42,-3,-91,1042,-4402
alpha 0.001,3,43,-3,-94,1043,-4405
alpha 0.001,3,44,-3,-97,1044,-4408
alpha 0.001,3,45,-3,-100,1045,-4411
alpha 0.001,3,46,-3,-103,1046,-4414
alpha 0.001,3,47,-3,-106,1047,-4417
alpha 0.001,3,48,-3,-109,1048,-4420
alpha 0.001,3,49,-3,-112,1049,-4423
alpha 0.001,3,50,-3,-115,1050,-4426
alpha 0.001,3,51,-3,-118,1051,-4429
alpha 0.001,3,52,-3,-121,1052,-4432
alpha 0.001,3,53,-3,-124,1053,-4435
alpha 0.001,3,54,-3,-127,1054,-4438
alpha 0.001,3,55,-3,-130,1055,-4441
alpha 0.001,3,56,-3,-133,1056,-4444
alpha 0.001,3,57,-3,-136,1057,-4447
alpha 0.001,3,58,-3,-139,1058,-4450
alpha 0.001,3,59,-3,-142,1059,-4453
alpha 0.001,3,60,-3,-145,1060,-4456
alpha 0.001,3,61,-3,-148,1061,-4459
alpha 0.001,3,62,-3,-151,1062,-4462
alpha 0.001,3,63,-3,-154,1063,-4465
alpha 0.001,3,64,-3,-157,1064,-4468
alpha 0.001,3,65,-3,-160,1065,-4471
alpha 0.001,3,66,-3,-163,1066,-4474
alpha 0.001,3,67,-3,-166,1067,-4477
alpha 0.001,3,68,-3,-169,1068,-4480
alpha 0.001,3,69,-3,-172,1069,-4483
alpha 0.001,3,70,-3,-175,1070,-4486
alpha 0.001,3,71,-3,-178,1071,-4489
alpha 0.001,3,72,-3,-181,1072,-4492
alpha 0.001,3,73,-3,-184,1073,-4495
alpha 0.001,3,74,-3,-187,1074,-4498
alpha 0.001,3,75,-4,-191,1075,-4502
alpha 0.001,3,76,-4,-195,1076,-4506
alpha 0.001,3,77,-4,-199,1077,-4510
alpha 0.001,3,78,-4,-203,1078,-4514
alpha 0.001,3,79,-4,-207,1079,-4518
alpha 0.001,3,80,-4,-211,1080,-4522
alpha 0.001,3,81,-4,-215,1081,-4526
alpha 0.001,3,82,-4,-219,1082,-4530
alpha 0.001,3,83,-4,-223,1083,-4534
alpha 0.001,3,84,-4,-227,1084,-4538
alpha 0.001,3,85,-4,-231,1085,-4542
alpha 0.001,3,86,-5,-236,1086,-4547
alpha 0.001,3,87,-5,-241,1087,-4552
alpha 0.001,3,88,-4,-245,1088,-4556
alpha 0.001,3,89,-4,-249,1089,-4560
alpha 0.001,3,90,-4,-253,1090,-4564
alpha 0.001,3,91,-4,-257,1091,-4568
alpha 0.001,3,92,-4,-261,1092,-4572
alpha 0.001,3,93,-4,-265,1093,-4576
alpha 0.001,3,94,-4,-269,1094,-4580
alpha 0.001,3,95,-4,-273,1095,-4584
alpha 0.001,3,96,-4,-277,1096,-4588
alpha 0.001,3,97,-4,-281,1097,-4592
alpha 0.001,3,98,-4,-285,1098,-4596
alpha 0.001,3,99,-4,-289,1099,-4600
alpha 0.001,3,100,-4,-293,1100,-4604
alpha 0.001,3,101,-4,-297,1101,-4608
alpha 0.001,3,102,-2,-299,1102,-4610
alpha 0.001,3,103,-2,-301,1103,-4612
alpha 0.001,3,104,-2,-303,1104,-4614
alpha 0.001,3,105,-3,-306,1105,-4617
alpha 0.001,3,106,-3,-309,1106,-4620
alpha 0.001,3,107,-3,-312,1107,-4623
alpha 0.001,3,108,-3,-315,1108,-4626
alpha 0.001,3,109,-3,-318,1109,-4629
alpha 0.001,3,110,-2,-320,1110,-4631
alpha 0.001,3,111,-2,-322,1111,-4633
alpha 0.001,3,112,-2,-324,1112,-4635
alpha 0.001,3,113,-2,-326,1113,-4637
alpha 0.001,3,114,-1,-327,1114,-4638
alpha 0.001,3,115,-1,-328,1115,-4639
alpha 0.001,3,116,1,-327,1116,-4638
alpha 0.001,3,117,1,-326,1117,-4637
alpha 0.001,3,118,1,-325,1118,-4636
alpha 0.001,3,119,2,-323,1119,-4634
alpha 0.001,3,120,2,-321,1120,-4632
alpha 0.001,3,121,4,-317,1121,-4628
alpha 0.001,3,122,-2,-319,1122,-4630
alpha 0.001,3,123,-3,-322,1123,-4633
alpha 0.001,3,124,-3,-325,1124,-4636
alpha 0.001,3,125,-3,-328,1125,-4639
alpha 0.001,3,126,-2,-330,1126,-4641
alpha 0.001,3,127,-2,-332,1127,-4643
alpha 0.001,3,128,-2,-334,1128,-4645
alpha 0.001,3,129,-3,-337,1129,-4648
alpha 0.001,3,130,-4,-341,1130,-4652
alpha 0.001,3,131,-6,-347,1131,-4658
alpha 0.001,3,132,-6,-353,1132,-4664
alpha 0.001,3,133,-6,-359,1133,-4670
alpha 0.001,3,134,-6,-365,1134,-4676
alpha 0.001,3,135,-7,-372,1135,-4683
alpha 0.001,3,136,-7,-379,1136,-4690
alpha 0.001,3,137,-7,-386,1137,-4697
alpha 0.001,3,138,-7,-393,1138,-4704
alpha 0.001,3,139,-7,-400,1139,-4711
alpha 0.001,3,140,-7,-407,1140,-4718
alpha 0.001,3,141,-7,-414,1141,-4725
alpha 0.001,3,142,-7,-421,1142,-4732
alpha 0.001,3,143,-7,-428,1143,-4739
alpha 0.001,3,144,-7,-435,1144,-4746
alpha 0.001,3,145,-5,-440,1145,-4751
alpha 0.001,3,146,-5,-445,1146,-4756
alpha 0.001,3,147,-5,-450,1147,-4761
alpha 0.001,3,148,-5,-455,1148,-4766
alpha 0.001,3,149,-5,-460,1149,-4771
alpha 0.001,3,150,-5,-465,1150,-4776
alpha 0.001,3,151,-5,-470,1151,-4781
alpha 0.001,3,152,-5,-475,1152,-4786
alpha 0.001,3,153,-6,-481,1153,-4792
alpha 0.001,3,154,-6,-487,1154,-4798
alpha 0.001,3,155,-6,-493,1155,-4804
alpha 0.001,3,156,-6,-499,1156,-4810
alpha 0.001,3,157,-6,-505,1157,-4816
alpha 0.001,3,158,-6,-511,1158,-4822
alpha 0.001,3,159,-6,-517,1159,-4828
alpha 0.001,3,160,-6,-523,1160,-4834
alpha 0.001,3,161,-6,-529,1161,-4840
alpha 0.001,3,162,-6,-535,1162,-4846
alpha 0.001,3,163,-6,-541,1163,-4852
alpha 0.001,3,164,-6,-547,1164,-4858
alpha 0.001,3,165,-8,-555,1165,-4866
alpha 0.001,3,166,-8,-563,1166,-4874
alpha 0.001,3,167,-8,-571,1167,-4882
alpha 0.001,3,168,-8,-579,1168,-4890
alpha 0.001,3,169,-8,-587,1169,-4898
alpha 0.001,3,170,-6,-593,1170,-4904
alpha 0.001,3,171,-6,-599,1171,-4910
alpha 0.001,3,172,-6,-605,1172,-4916
alpha 0.001,3,173,-6,-611,1173,-4922
alpha 0.001,3,174,-6,-617,1174,-4928
alpha 0.001,3,175,-8,-625,1175,-4936
alpha 0.001,3,176,-8,-633,1176,-4944
alpha 0.001,3,177,-8,-641,1177,-4952
alpha 0.001,3,178,-8,-649,1178,-4960
alpha 0.001,3,179,-8,-657,1179,-4968
alpha 0.001,3,180,-8,-665,1180,-4976
alpha 0.001,3,181,-8,-673,1181,-4984
alpha 0.001,3,182,-8,-681,1182,-4992
alpha 0.001,3,183,-6,-687,1183,-4998
alpha 0.001,3,184,-6,-693,1184,-5004
alpha 0.001,3,185,-6,-699,1185,-5010
alpha 0.001,3,186,-6,-705,1186,-5016
alpha 0.001,3,187,-6,-711,1187,-5022
alpha 0.001,3,188,-6,-717,1188,-5028
alpha 0.001,3,189,-6,-723,1189,-5034
alpha 0.001,3,190,-6,-729,1190,-5040
alpha 0.001,3,191,-5,-734,1191,-5045
alpha 0.001,3,192,-5,-739,1192,-5050
alpha 0.001,3,193,-5,-744,1193,-5055
alpha 0.001,3,194,-5,-749,1194,-5060
alpha 0.001,3,195,-5,-754,1195,-5065
alpha 0.001,3,196,-5,-759,1196,-5070
alpha 0.001,3,197,-5,-764,1197,-5075
alpha 0.001,3,198,-5,-769,1198,-5080
alpha 0.001,3,199,-5,-774,1199,-5085
alpha 0.001,3,200,-5,-779,1200,-5090
alpha 0.001,3,201,-5,-784,1201,-5095
alpha 0.001,3,202,-5,-789,1202,-5100
alpha 0.001,3,203,-4,-793,1203,-5104
alpha 0.001,3,204,-4,-797,1204,-5108
alpha 0.001,3,205,-4,-801,1205,-5112
alpha 0.001,3,206,-4,-805,1206,-5116
alpha 0.001,3,207,-4,-809,1207,-5120
alpha 0.001,3,208,-4,-813,1208,-5124
alpha 0.001,3,209,-3,-816,1209,-5127
alpha 0.001,3,210,-2,-818,1210,-5129
alpha 0.001,3,211,-2,-820,1211,-5131
alpha 0.001,3,212,1,-819,1212,-5130
alpha 0.001,3,213,1,-818,1213,-5129
alpha 0.001,3,214,-2,-820,1214,-5131
alpha 0.001,3,215,-2,-822,1215,-5133
alpha 0.001,3,216,-2,-824,1216,-5135
alpha 0.001,3,217,-2,-826,1217,-5137
alpha 0.001,3,218,-2,-828,1218,-5139
alpha 0.001,3,219,-2,-830,1219,-5141
alpha 0.001,3,220,-2,-832,1220,-5143
alpha 0.001,3,221,-2,-834,1221,-5145
alpha 0.001,3,222,-2,-836,1222,-5147
alpha 0.001,3,223,-2,-838,1223,-5149
alpha 0.001,3,224,-2,-840,1224,-5151
alpha 0.001,3,225,-2,-842,1225,-5153
alpha 0.001,3,226,-2,-844,1226,-5155
alpha 0.001,3,227,-2,-846,1227,-5157
alpha 0.001,3,228,-2,-848,1228,-5159
alpha 0.001,3,229,-2,-850,1229,-5161
alpha 0.001,3,230,-2,-852,1230,-5163
alpha 0.001,3,231,-2,-854,1231,-5165
alpha 0.001,3,232,-3,-857,1232,-5168
alpha 0.001,3,233,-3,-860,1233,-5171
alpha 0.001,3,234,-3,-863,1234,-5174
alpha 0.001,3,235,-3,-866,1235,-5177
alpha 0.001,3,236,-3,-869,1236,-5180
alpha 0.001,3,237,-3,-872,1237,-5183
alpha 0.001,3,238,-3,-875,1238,-5186
alpha 0.001,3,239,-3,-878,1239,-5189
alpha 0.001,3,240,-3,-881,1240,-5192
alpha 0.001,3,241,-3,-884,1241,-5195
alpha 0.001,3,242,-4,-888,1242,-5199
alpha 0.001,3,243,-4,-892,1243,-5203
alpha 0.001,3,244,-4,-896,1244,-5207
alpha 0.001,3,245,-3,-899,1245,-5210
alpha 0.001,3,246,-3,-902,1246,-5213
alpha 0.001,3,247,-5,-907,1247,-5218
alpha 0.001,3,248,-5,-912,1248,-5223
alpha 0.001,3,249,-5,-917,1249,-5228
alpha 0.001,3,250,-5,-922,1250,-5233
alpha 0.001,3,251,-5,-927,1251,-5238
alpha 0.001,3,252,-5,-932,1252,-5243
alpha 0.001,3,253,-5,-937,1253,-5248
alpha 0.001,3,254,-5,-942,1254,-5253
alpha 0.001,3,255,-5,-947,1255,-5258
alpha 0.001,3,256,-5,-952,1256,-5263
alpha 0.001,3,257,-5,-957,1257,-5268
alpha 0.001,3,258,-5,-962,1258,-5273
alpha 0.001,3,259,-5,-967,1259,-5278
alpha 0.001,3,260,-5,-972,1260,-5283
alpha 0.001,3,261,-5,-977,1261,-5288
alpha 0.001,3,262,-5,-982,1262,-5293
alpha 0.001,3,263,-5,-987,1263,-5298
alpha 0.001,3,264,-5,-992,1264,-5303
alpha 0.001,3,265,-5,-997,1265,-5308
alpha 0.001,3,266,-5,-1002,1266,-5313
alpha 0.001,3,267,-5,-1007,1267,-5318
alpha 0.001,3,268,-5,-1012,1268,-5323
alpha 0.001,3,269,-5,-1017,1269,-5328
alpha 0.001,3,270,-5,-1022,1270,-5333
alpha 0.001,3,271,-6,-1028,1271,-5339
alpha 0.001,3,272,-6,-1034,1272,-5345
alpha 0.001,3,273,-6,-1040,1273,-5351
alpha 0.001,3,274,-6,-1046,1274,-5357
alpha 0.001,3,275,-6,-1052,1275,-5363
alpha 0.001,3,276,-6,-1058,1276,-5369
alpha 0.001,3,277,-6,-1064,1277,-5375
alpha 0.001,3,278,-6,-1070,1278,-5381
alpha 0.001,3,279,-6,-1076,1279,-5387
alpha 0.001,3,280,-6,-1082,1280,-5393
alpha 0.001,3,281,-6,-1088,1281,-5399
alpha 0.001,3,282,-6,-1094,1282,-5405
alpha 0.001,3,283,-6,-1100,1283,-5411
alpha 0.001,3,284,-6,-1106,1284,-5417
alpha 0.001,3,285,-6,-1112,1285,-5423
alpha 0.001,3,286,-6,-1118,1286,-5429
alpha 0.001,3,287,-6,-1124,1287,-5435
alpha 0.001,3,288,-6,-1130,1288,-5441
alpha 0.001,3,289,-6,-1136,1289,-5447
alpha 0.001,3,290,-6,-1142,1290,-5453
alpha 0.001,3,291,-4,-1146,1291,-5457
alpha 0.001,3,292,-4,-1150,1292,-5461
alpha 0.001,3,293,-4,-1154,1293,-5465
alpha 0.001,3,294,-4,-1158,1294,-5469
alpha 0.001,3,295,-4,-1162,1295,-5473
alpha 0.001,3,296,-4,-1166,1296,-5477
alpha 0.001,3,297,-4,-1170,1297,-5481
alpha 0.001,3,298,-4,-1174,1298,-5485
alpha 0.001,3,299,-4,-1178,1299,-5489
alpha 0.001,3,300,-3,-1181,1300,-5492
alpha 0.001,3,301,-3,-1184,1301,-5495
alpha 0.001,3,302,-3,-1187,1302,-5498
alpha 0.001,3,303,-3,-1190,1303,-5501
alpha 0.001,3,304,-3,-1193,1304,-5504
alpha 0.001,3,305,-3,-1196,1305,-5507
alpha 0.001,3,306,-3,-1199,1306,-5510
alpha 0.001,3,307,-3,-1202,1307,-5513
alpha 0.001,3,308,-3,-1205,1308,-5516
alpha 0.001,3,309,-3,-1208,1309,-5519
alpha 0.001,3,310,-3,-1211,1310,-5522
alpha 0.001,3,311,-2,-1213,1311,-5524
alpha 0.001,3,312,1,-1212,1312,-5523
alpha 0.001,3,313,1,-1211,1313,-5522
alpha 0.001,3,314,1,-1210,1314,-5521
alpha 0.001,3,315,1,-1209,1315,-5520
alpha 0.001,3,316,1,-1208,1316,-5519
alpha 0.001,3,317,1,-1207,1317,-5518
alpha 0.001,3,318,1,-1206,1318,-5517
alpha 0.001,3,319,-1,-1207,1319,-5518
alpha 0.001,3,320,-2,-1209,1320,-5520
alpha 0.001,3,321,-2,-1211,1321,-5522
alpha 0.001,3,322,-2,-1213,1322,-5524
alpha 0.001,3,323,-2,-1215,1323,-5526
alpha 0.001,3,324,-3,-1218,1324,-5529
alpha 0.001,3,325,-3,-1221,1325,-5532
alpha 0.001,3,326,-4,-1225,1326,-5536
alpha 0.001,3,327,-4,-1229,1327,-5540
alpha 0.001,3,328,-4,-1233,1328,-5544
alpha 0.001,3,329,-4,-1237,1329,-5548
alpha 0.001,3,330,-4,-1241,1330,-5552
alpha 0.001,3,331,-4,-1245,1331,-5556
alpha 0.001,3,332,-4,-1249,1332,-5560
alpha 0.001,3,333,-4,-1253,1333,-5564
alpha 0.001,3,334,-4,-1257,1334,-5568
alpha 0.001,3,335,-4,-1261,1335,-5572
alpha 0.001,3,336,-4,-1265,1336,-5576
alpha 0.001,3,337,-4,-1269,1337,-5580
alpha 0.001,3,338,-4,-1273,1338,-5584
alpha 0.001,3,339,-4,-1277,1339,-5588
alpha 0.001,3,340,-5,-1282,1340,-5593
alpha 0.001,3,341,-5,-1287,1341,-5598
alpha 0.001,3,342,-5,-1292,1342,-5603
alpha 0.001,3,343,-5,-1297,1343,-5608
alpha 0.001,3,344,-5,-1302,1344,-5613
alpha 0.001,3,345,-5,-1307,1345,-5618
alpha 0.001,3,346,-5,-1312,1346,-5623
alpha 0.001,3,347,-5,-1317,1347,-5628
alpha 0.001,3,348,-5,-1322,1348,-5633
alpha 0.001,3,349,-5,-1327,1349,-5638
alpha 0.001,3,350,-5,-1332,1350,-5643
alpha 0.001,3,351,-5,-1337,1351,-5648
alpha 0.001,3,352,-5,-1342,1352,-5653
alpha 0.001,3,353,-5,-1347,1353,-5658
alpha 0.001,3,354,-5,-1352,1354,-5663
alpha 0.001,3,355,-5,-1357,1355,-5668
alpha 0.001,3,356,-5,-1362,1356,-5673
alpha 0.001,3,357,-5,-1367,1357,-5678
alpha 0.001,3,358,-5,-1372,1358,-5683
alpha 0.001,3,359,-5,-1377,1359,-5688
alpha 0.001,3,360,-5,-1382,1360,-5693
alpha 0.001,3,361,-5,-1387,1361,-5698
alpha 0.001,3,362,-5,-1392,1362,-5703
alpha 0.001,3,363,-5,-1397,1363,-5708
alpha 0.001,3,364,-5,-1402,1364,-5713
alpha 0.001,3,365,-5,-1407,1365,-5718
alpha 0.001,3,366,-5,-1412,1366,-5723
alpha 0.001,3,367,-5,-1417,1367,-5728
alpha 0.001,3,368,-5,-1422,1368,-5733
alpha 0.001,3,369,-5,-1427,1369,-5738
alpha 0.001,3,370,-5,-1432,1370,-5743
alpha 0.001,3,371,-5,-1437,1371,-5748
alpha 0.001,3,372,-5,-1442,1372,-5753
alpha 0.001,3,373,-5,-1447,1373,-5758
alpha 0.001,3,374,-5,-1452,1374,-5763
alpha 0.001,3,375,-5,-1457,1375,-5768
alpha 0.001,3,376,-5,-1462,1376,-5773
alpha 0.001,3,377,-5,-1467,1377,-5778
alpha 0.001,3,378,-5,-1472,1378,-5783
alpha 0.001,3,379,-5,-1477,1379,-5788
alpha 0.001,3,380,-4,-1481,1380,-5792
alpha 0.001,3,381,-4,-1485,1381,-5796
alpha 0.001,3,382,-4,-1489,1382,-5800
alpha 0.001,3,383,-4,-1493,1383,-5804
alpha 0.001,3,384,-4,-1497,1384,-5808
alpha 0.001,3,385,-4,-1501,1385,-5812
alpha 0.001,3,386,-3,-1504,1386,-5815
alpha 0.001,3,387,-3,-1507,1387,-5818
alpha 0.001,3,388,-3,-1510,1388,-5821
alpha 0.001,3,389,-4,-1514,1389,-5825
alpha 0.001,3,390,-5,-1519,1390,-5830
alpha 0.001,3,391,-4,-1523,1391,-5834
alpha 0.001,3,392,-4,-1527,1392,-5838
alpha 0.001,3,393,-3,-1530,1393,-5841
alpha 0.001,3,394,-3,-1533,1394,-5844
alpha 0.001,3,395,-1,-1534,1395,-5845
alpha 0.001,3,396,-1,-1535,1396,-5846
alpha 0.001,3,397,-1,-1536,1397,-5847
alpha 0.001,3,398,2,-1534,1398,-5845
alpha 0.001,3,399,2,-1532,1399,-5843
alpha 0.001,3,400,-1,-1533,1400,-5844
alpha 0.001,3,401,-2,-1535,1401,-5846
alpha 0.001,3,402,-7,-1542,1402,-5853
alpha 0.001,3,403,-7,-1549,1403,-5860
alpha 0.001,3,404,-6,-1555,1404,-5866
alpha 0.001,3,405,-5,-1560,1405,-5871
alpha 0.001,3,406,-5,-1565,1406,-5876
alpha 0.001,3,407,-5,-1570,1407,-5881
alpha 0.001,3,408,-5,-1575,1408,-5886
alpha 0.001,3,409,-5,-1580,1409,-5891
alpha 0.001,3,410,-5,-1585,1410,-5896
alpha 0.001,3,411,-5,-1590,1411,-5901
alpha 0.001,3,412,-5,-1595,1412,-5906
alpha 0.001,3,413,-5,-1600,1413,-5911
alpha 0.001,3,414,-5,-1605,1414,-5916
alpha 0.001,3,415,-5,-1610,1415,-5921
alpha 0.001,3,416,-5,-1615,1416,-5926
alpha 0.001,3,417,-5,-1620,1417,-5931
alpha 0.001,3,418,-5,-1625,1418,-5936
alpha 0.001,3,419,-5,-1630,1419,-5941
alpha 0.001,3,420,-5,-1635,1420,-5946
alpha 0.001,3,421,-5,-1640,1421,-5951
alpha 0.001,3,422,-5,-1645,1422,-5956
alpha 0.001,3,423,-5,-1650,1423,-5961
alpha 0.001,3,424,-5,-1655,1424,-5966
alpha 0.001,3,425,-5,-1660,1425,-5971
alpha 0.001,3,426,-5,-1665,1426,-5976
alpha 0.001,3,427,-5,-1670,1427,-5981
alpha 0.001,3,428,-5,-1675,1428,-5986
alpha 0.001,3,429,-5,-1680,1429,-5991
alpha 0.001,3,430,-5,-1685,1430,-5996
alpha 0.001,3,431,-5,-1690,1431,-6001
alpha 0.001,3,432,-5,-1695,1432,-6006
alpha 0.001,3,433,-5,-1700,1433,-6011
alpha 0.001,3,434,-5,-1705,1434,-6016
alpha 0.001,3,435,-5,-1710,1435,-6021
alpha 0.001,3,436,-5,-1715,1436,-6026
alpha 0.001,3,437,-5,-1720,1437,-6031
alpha 0.001,3,438,-5,-1725,1438,-6036
alpha 0.001,3,439,-5,-1730,1439,-6041
alpha 0.001,3,440,-5,-1735,1440,-6046
alpha 0.001,3,441,-5,-1740,1441,-6051
alpha 0.001,3,442,-5,-1745,1442,-6056
alpha 0.001,3,443,-5,-1750,1443,-6061
alpha 0.001,3,444,-5,-1755,1444,-6066
alpha 0.001,3,445,-5,-1760,1445,-6071
alpha 0.001,3,446,-5,-1765,1446,-6076
alpha 0.001,3,447,-5,-1770,1447,-6081
alpha 0.001,3,448,-5,-1775,1448,-6086
alpha 0.001,3,449,-5,-1780,1449,-6091
alpha 0.001,3,450,-5,-1785,1450,-6096
alpha 0.001,3,451,-5,-1790,1451,-6101
alpha 0.001,3,452,-5,-1795,1452,-6106
alpha 0.001,3,453,-5,-1800,1453,-6111
alpha 0.001,3,454,-5,-1805,1454,-6116
alpha 0.001,3,455,-5,-1810,1455,-6121
alpha 0.001,3,456,-5,-1815,1456,-6126
alpha 0.001,3,457,-5,-1820,1457,-6131
alpha 0.001,3,458,-5,-1825,1458,-6136
alpha 0.001,3,459,-5,-1830,1459,-6141
alpha 0.001,3,460,-5,-1835,1460,-6146
alpha 0.001,3,461,-5,-1840,1461,-6151
alpha 0.001,3,462,-5,-1845,1462,-6156
alpha 0.001,3,463,-5,-1850,1463,-6161
alpha 0.001,3,464,-5,-1855,1464,-6166
alpha 0.001,3,465,-5,-1860,1465,-6171
alpha 0.001,3,466,-5,-1865,1466,-6176
alpha 0.001,3,467,-5,-1870,1467,-6181
alpha 0.001,3,468,-5,-1875,1468,-6186
alpha 0.001,3,469,-5,-1880,1469,-6191
alpha 0.001,3,470,-5,-1885,1470,-6196
alpha 0.001,3,471,-5,-1890,1471,-6201
alpha 0.001,3,472,-5,-1895,1472,-6206
alpha 0.001,3,473,-5,-1900,1473,-6211
alpha 0.001,3,474,-5,-1905,1474,-6216
alpha 0.001,3,475,-5,-1910,1475,-6221
alpha 0.001,3,476,-6,-1916,1476,-6227
alpha 0.001,3,477,-6,-1922,1477,-6233
alpha 0.001,3,478,-6,-1928,1478,-6239
alpha 0.001,3,479,-5,-1933,1479,-6244
alpha 0.001,3,480,-5,-1938,1480,-6249
alpha 0.001,3,481,-5,-1943,1481,-6254
alpha 0.001,3,482,-3,-1946,1482,-6257
alpha 0.001,3,483,-3,-1949,1483,-6260
alpha 0.001,3,484,-5,-1954,1484,-6265
alpha 0.001,3,485,-5,-1959,1485,-6270
alpha 0.001,3,486,-5,-1964,1486,-6275
alpha 0.001,3,487,-5,-1969,1487,-6280
alpha 0.001,3,488,-5,-1974,1488,-6285
alpha 0.001,3,489,-5,-1979,1489,-6290
alpha 0.001,3,490,-5,-1984,1490,-6295
alpha 0.001,3,491,-2,-1986,1491,-6297
alpha 0.001,3,492,-2,-1988,1492,-6299
alpha 0.001,3,493,-2,-1990,1493,-6301
alpha 0.001,3,494,-3,-1993,1494,-6304
alpha 0.001,3,495,-2,-1995,1495,-6306
alpha 0.001,3,496,-2,-1997,1496,-6308
alpha 0.001,3,497,-2,-1999,1497,-6310
alpha 0.001,3,498,-2,-2001,1498,-6312
alpha 0.001,3,499,-2,-2003,1499,-6314
alpha 0.001,3,500,-2,-2005,1500,-6316
alpha 0.001,4,1,4,4,1501,-6312
alpha 0.001,4,2,2,6,1502,-6310
alpha 0.001,4,3,1,7,1503,-6309
alpha 0.001,4,4,-2,5,1504,-6311
alpha 0.001,4,5,-4,1,1505,-6315
alpha 0.001,4,6,-7,-6,1506,-6322
alpha 0.001,4,7,-8,-14,1507,-6330
alpha 0.001,4,8,-8,-22,1508,-6338
alpha 0.001,4,9,-7,-29,1509,-6345
alpha 0.001,4,10,-6,-35,1510,-6351
alpha 0.001,4,11,-5,-40,1511,-6356
alpha 0.001,4,12,-5,-45,1512,-6361
alpha 0.001,4,13,-7,-52,1513,-6368
alpha 0.001,4,14,-7,-59,1514,-6375
alpha 0.001,4,15,-7,-66,1515,-6382
alpha 0.001,4,16,-7,-73,1516,-6389
alpha 0.001,4,17,-1,-74,1517,-6390
alpha 0.001,4,18,-1,-75,1518,-6391
alpha 0.001,4,19,-2,-77,1519,-6393
alpha 0.001,4,20,-3,-80,1520,-6396
alpha 0.001,4,21,-5,-85,1521,-6401
alpha 0.001,4,22,-5,-90,1522,-6406
alpha 0.001,4,23,-5,-95,1523,-6411
alpha 0.001,4,24,-5,-100,1524,-6416
alpha 0.001,4,25,-5,-105,1525,-6421
alpha 0.001,4,26,-3,-108,1526,-6424
alpha 0.001,4,27,-3,-111,1527,-6427
alpha 0.001,4,28,-5,-116,1528,-6432
alpha 0.001,4,29,-5,-121,1529,-6437
alpha 0.001,4,30,-5,-126,1530,-6442
alpha 0.001,4,31,-5,-131,1531,-6447
alpha 0.001,4,32,-3,-134,1532,-6450
alpha 0.001,4,33,-3,-137,1533,-6453
alpha 0.001,4,34,-3,-140,1534,-6456
alpha 0.001,4,35,-5,-145,1535,-6461
alpha 0.001,4,36,-5,-150,1536,-6466
alpha 0.001,4,37,-5,-155,1537,-6471
alpha 0.001,4,38,-5,-160,1538,-6476
alpha 0.001,4,39,-3,-163,1539,-6479
alpha 0.001,4,40,-3,-166,1540,-6482
alpha 0.001,4,41,-5,-171,1541,-6487
alpha 0.001,4,42,-5,-176,1542,-6492
alpha 0.001,4,43,-5,-181,1543,-6497
alpha 0.001,4,44,-5,-186,1544,-6502
alpha 0.001,4,45,-3,-189,1545,-6505
alpha 0.001,4,46,-3,-192,1546,-6508
alpha 0.001,4,47,-5,-197,1547,-6513
alpha 0.001,4,48,-5,-202,1548,-6518
alpha 0.001,4,49,-5,-207,1549,-6523
alpha 0.001,4,50,-5,-212,1550,-6528
alpha 0.001,4,51,-5,-217,1551,-6533
alpha 0.001,4,52,-3,-220,1552,-6536
alpha 0.001,4,53,-3,-223,1553,-6539
alpha 0.001,4,54,-5,-228,1554,-6544
alpha 0.001,4,55,-5,-233,1555,-6549
alpha 0.001,4,56,-5,-238,1556,-6554
alpha 0.001,4,57,-5,-243,1557,-6559
alpha 0.001,4,58,-5,-248,1558,-6564
alpha 0.001,4,59,-5,-253,1559,-6569
alpha 0.001,4,60,-5,-258,1560,-6574
alpha 0.001,4,61,-5,-263,1561,-6579
alpha 0.001,4,62,-5,-268,1562,-6584
alpha 0.001,4,63,-5,-273,1563,-6589
alpha 0.001,4,64,-5,-278,1564,-6594
alpha 0.001,4,65,-5,-283,1565,-6599
alpha 0.001,4,66,-5,-288,1566,-6604
alpha 0.001,4,67,-5,-293,1567,-6609
alpha 0.001,4,68,-5,-298,1568,-6614
alpha 0.001,4,69,-5,-303,1569,-6619
alpha 0.001,4,70,-5,-308,1570,-6624
alpha 0.001,4,71,-5,-313,1571,-6629
alpha 0.001,4,72,-5,-318,1572,-6634
alpha 0.001,4,73,-5,-323,1573,-6639
alpha 0.001,4,74,-5,-328,1574,-6644
alpha 0.001,4,75,-5,-333,1575,-6649
alpha 0.001,4,76,-5,-338,1576,-6654
alpha 0.001,4,77,-5,-343,1577,-6659
alpha 0.001,4,78,-5,-348,1578,-6664
alpha 0.001,4,79,-5,-353,1579,-6669
alpha 0.001,4,80,-5,-358,1580,-6674
alpha 0.001,4,81,-5,-363,1581,-6679
alpha 0.001,4,82,-5,-368,1582,-6684
alpha 0.001,4,83,-5,-373,1583,-6689
alpha 0.001,4,84,-5,-378,1584,-6694
alpha 0.001,4,85,-5,-383,1585,-6699
alpha 0.001,4,86,-5,-388,1586,-6704
alpha 0.001,4,87,-5,-393,1587,-6709
alpha 0.001,4,88,-5,-398,1588,-6714
alpha 0.001,4,89,-5,-403,1589,-6719
alpha 0.001,4,90,-5,-408,1590,-6724
alpha 0.001,4,91,-5,-413,1591,-6729
alpha 0.001,4,92,-6,-419,1592,-6735
alpha 0.001,4,93,-6,-425,1593,-6741
alpha 0.001,4,94,-6,-431,1594,-6747
alpha 0.001,4,95,-6,-437,1595,-6753
alpha 0.001,4,96,-6,-443,1596,-6759
alpha 0.001,4,97,-6,-449,1597,-6765
alpha 0.001,4,98,-6,-455,1598,-6771
alpha 0.001,4,99,-6,-461,1599,-6777
alpha 0.001,4,100,-6,-467,1600,-6783
alpha 0.001,4,101,-7,-474,1601,-6790
alpha 0.001,4,102,-7,-481,1602,-6797
alpha 0.001,4,103,-7,-488,1603,-6804
alpha 0.001,4,104,-7,-495,1604,-6811
alpha 0.001,4,105,-7,-502,1605,-6818
alpha 0.001,4,106,-7,-509,1606,-6825
alpha 0.001,4,107,-7,-516,1607,-6832
alpha 0.001,4,108,-7,-523,1608,-6839
alpha 0.001,4,109,-7,-530,1609,-6846
alpha 0.001,4,110,-7,-537,1610,-6853
alpha 0.001,4,111,-7,-544,1611,-6860
alpha 0.001,4,112,-7,-551,1612,-6867
alpha 0.001,4,113,-7,-558,1613,-6874
alpha 0.001,4,114,-7,-565,1614,-6881
alpha 0.001,4,115,-7,-572,1615,-6888
alpha 0.001,4,116,-7,-579,1616,-6895
alpha 0.001,4,117,-7,-586,1617,-6902
alpha 0.001,4,118,-7,-593,1618,-6909
alpha 0.001,4,119,-7,-600,1619,-6916
alpha 0.001,4,120,-7,-607,1620,-6923
alpha 0.001,4,121,-7,-614,1621,-6930
alpha 0.001,4,122,-7,-621,1622,-6937
alpha 0.001,4,123,-7,-628,1623,-6944
alpha 0.001,4,124,-7,-635,1624,-6951
alpha 0.001,4,125,-7,-642,1625,-6958
alpha 0.001,4,126,-7,-649,1626,-6965
alpha 0.001,4,127,-7,-656,1627,-6972
alpha 0.001,4,128,-7,-663,1628,-6979
alpha 0.001,4,129,-7,-670,1629,-6986
alpha 0.001,4,130,-7,-677,1630,-6993
alpha 0.001,4,131,-7,-684,1631,-7000
alpha 0.001,4,132,-7,-691,1632,-7007
alpha 0.001,4,133,-7,-698,1633,-7014
alpha 0.001,4,134,-7,-705,1634,-7021
alpha 0.001,4,135,-7,-712,1635,-7028
alpha 0.001,4,136,-7,-719,1636,-7035
alpha 0.001,4,137,-7,-726,1637,-7042
alpha 0.001,4,138,-6,-732,1638,-7048
alpha 0.001,4,139,-6,-738,1639,-7054
alpha 0.001,4,140,-6,-744,1640,-7060
alpha 0.001,4,141,-6,-750,1641,-7066
alpha 0.001,4,142,-6,-756,1642,-7072
alpha 0.001,4,143,-6,-762,1643,-7078
alpha 0.001,4,144,-6,-768,1644,-7084
alpha 0.001,4,145,-6,-774,1645,-7090
alpha 0.001,4,146,-6,-780,1646,-7096
alpha 0.001,4,147,-6,-786,1647,-7102
alpha 0.001,4,148,-5,-791,1648,-7107
alpha 0.001,4,149,-5,-796,1649,-7112
alpha 0.001,4,150,-5,-801,1650,-7117
alpha 0.001,4,151,-5,-806,1651,-7122
alpha 0.001,4,152,-5,-811,1652,-7127
alpha 0.001,4,153,-5,-816,1653,-7132
alpha 0.001,4,154,-5,-821,1654,-7137
alpha 0.001,4,155,-5,-826,1655,-7142
alpha 0.001,4,156,-5,-831,1656,-7147
alpha 0.001,4,157,-5,-836,1657,-7152
alpha 0.001,4,158,-5,-841,1658,-7157
alpha 0.001,4,159,-5,-846,1659,-7162
alpha 0.001,4,160,-5,-851,1660,-7167
alpha 0.001,4,161,-3,-854,1661,-7170
alpha 0.001,4,162,-3,-857,1662,-7173
alpha 0.001,4,163,-3,-860,1663,-7176
alpha 0.001,4,164,-5,-865,1664,-7181
alpha 0.001,4,165,-5,-870,1665,-7186
alpha 0.001,4,166,-5,-875,1666,-7191
alpha 0.001,4,167,-5,-880,1667,-7196
alpha 0.001,4,168,-3,-883,1668,-7199
alpha 0.001,4,169,-3,-886,1669,-7202
alpha 0.001,4,170,-3,-889,1670,-7205
alpha 0.001,4,171,-5,-894,1671,-7210
alpha 0.001,4,172,-5,-899,1672,-7215
alpha 0.001,4,173,-5,-904,1673,-7220
alpha 0.001,4,174,-5,-909,1674,-7225
alpha 0.001,4,175,-3,-912,1675,-7228
alpha 0.001,4,176,-3,-915,1676,-7231
alpha 0.001,4,177,-3,-918,1677,-7234
alpha 0.001,4,178,-3,-921,1678,-7237
alpha 0.001,4,179,-5,-926,1679,-7242
alpha 0.001,4,180,-5,-931,1680,-7247
alpha 0.001,4,181,-5,-936,1681,-7252
alpha 0.001,4,182,-5,-941,1682,-7257
alpha 0.001,4,183,-5,-946,1683,-7262
alpha 0.001,4,184,-5,-951,1684,-7267
alpha 0.001,4,185,-5,-956,1685,-7272
alpha 0.001,4,186,-5,-961,1686,-7277
alpha 0.001,4,187,-5,-966,1687,-7282
alpha 0.001,4,188,-6,-972,1688,-7288
alpha 0.001,4,189,-6,-978,1689,-7294
alpha 0.001,4,190,-6,-984,1690,-7300
alpha 0.001,4,191,-6,-990,1691,-7306
alpha 0.001,4,192,-6,-996,1692,-7312
alpha 0.001,4,193,-6,-1002,1693,-7318
alpha 0.001,4,194,-6,-1008,1694,-7324
alpha 0.001,4,195,-6,-1014,1695,-7330
alpha 0.001,4,196,-6,-1020,1696,-7336
alpha 0.001,4,197,-6,-1026,1697,-7342
alpha 0.001,4,198,-6,-1032,1698,-7348
alpha 0.001,4,199,-6,-1038,1699,-7354
alpha 0.001,4,200,-6,-1044,1700,-7360
alpha 0.001,4,201,-6,-1050,1701,-7366
alpha 0.001,4,202,-7,-1057,1702,-7373
alpha 0.001,4,203,-7,-1064,1703,-7380
alpha 0.001,4,204,-7,-1071,1704,-7387
alpha 0.001,4,205,-7,-1078,1705,-7394
alpha 0.001,4,206,-7,-1085,1706,-7401
alpha 0.001,4,207,-7,-1092,1707,-7408
alpha 0.001,4,208,-7,-1099,1708,-7415
alpha 0.001,4,209,-7,-1106,1709,-7422
alpha 0.001,4,210,-6,-1112,1710,-7428
alpha 0.001,4,211,-6,-1118,1711,-7434
alpha 0.001,4,212,-6,-1124,1712,-7440
alpha 0.001,4,213,-7,-1131,1713,-7447
alpha 0.001,4,214,-7,-1138,1714,-7454
alpha 0.001,4,215,-7,-1145,1715,-7461
alpha 0.001,4,216,-7,-1152,1716,-7468
alpha 0.001,4,217,-7,-1159,1717,-7475
alpha 0.001,4,218,-7,-1166,1718,-7482
alpha 0.001,4,219,-7,-1173,1719,-7489
alpha 0.001,4,220,-7,-1180,1720,-7496
alpha 0.001,4,221,-7,-1187,1721,-7503
alpha 0.001,4,222,-7,-1194,1722,-7510
alpha 0.001,4,223,-7,-1201,1723,-7517
alpha 0.001,4,224,-7,-1208,1724,-7524
alpha 0.001,4,225,-7,-1215,1725,-7531
alpha 0.001,4,226,-7,-1222,1726,-7538
alpha 0.001,4,227,-7,-1229,1727,-7545
alpha 0.001,4,228,-7,-1236,1728,-7552
alpha 0.001,4,229,-7,-1243,1729,-7559
alpha 0.001,4,230,-7,-1250,1730,-7566
alpha 0.001,4,231,-7,-1257,1731,-7573
alpha 0.001,4,232,-7,-1264,1732,-7580
alpha 0.001,4,233,-7,-1271,1733,-7587
alpha 0.001,4,234,-7,-1278,1734,-7594
alpha 0.001,4,235,-7,-1285,1735,-7601
alpha 0.001,4,236,-7,-1292,1736,-7608
alpha 0.001,4,237,-7,-1299,1737,-7615
alpha 0.001,4,238,-7,-1306,1738,-7622
alpha 0.001,4,239,-7,-1313,1739,-7629
alpha 0.001,4,240,-7,-1320,1740,-7636
alpha 0.001,4,241,-7,-1327,1741,-7643
alpha 0.001,4,242,-7,-1334,1742,-7650
alpha 0.001,4,243,-7,-1341,1743,-7657
alpha 0.001,4,244,-7,-1348,1744,-7664
alpha 0.001,4,245,-7,-1355,1745,-7671
alpha 0.001,4,246,-7,-1362,1746,-7678
alpha 0.001,4,247,-7,-1369,1747,-7685
alpha 0.001,4,248,-7,-1376,1748,-7692
alpha 0.001,4,249,-7,-1383,1749,-7699
alpha 0.001,4,250,-7,-1390,1750,-7706
alpha 0.001,4,251,-7,-1397,1751,-7713
alpha 0.001,4,252,-7,-1404,1752,-7720
alpha 0.001,4,253,-7,-1411,1753,-7727
alpha 0.001,4,254,-7,-1418,1754,-7734
alpha 0.001,4,255,-7,-1425,1755,-7741
alpha 0.001,4,256,-7,-1432,1756,-7748
alpha 0.001,4,257,-7,-1439,1757,-7755
alpha 0.001,4,258,-7,-1446,1758,-7762
alpha 0.001,4,259,-7,-1453,1759,-7769
alpha 0.001,4,260,-7,-1460,1760,-7776
alpha 0.001,4,261,-7,-1467,1761,-7783
alpha 0.001,4,262,-7,-1474,1762,-7790
alpha 0.001,4,263,-7,-1481,1763,-7797
alpha 0.001,4,264,-7,-1488,1764,-7804
alpha 0.001,4,265,-6,-1494,1765,-7810
alpha 0.001,4,266,-6,-1500,1766,-7816
alpha 0.001,4,267,-6,-1506,1767,-7822
alpha 0.001,4,268,-6,-1512,1768,-7828
alpha 0.001,4,269,-6,-1518,1769,-7834
alpha 0.001,4,270,-7,-1525,1770,-7841
alpha 0.001,4,271,-7,-1532,1771,-7848
alpha 0.001,4,272,-6,-1538,1772,-7854
alpha 0.001,4,273,-6,-1544,1773,-7860
alpha 0.001,4,274,-6,-1550,1774,-7866
alpha 0.001,4,275,-5,-1555,1775,-7871
alpha 0.001,4,276,-5,-1560,1776,-7876
alpha 0.001,4,277,-5,-1565,1777,-7881
alpha 0.001,4,278,-5,-1570,1778,-7886
alpha 0.001,4,279,-5,-1575,1779,-7891
alpha 0.001,4,280,-5,-1580,1780,-7896
alpha 0.001,4,281,-5,-1585,1781,-7901
alpha 0.001,4,282,-5,-1590,1782,-7906
alpha 0.001,4,283,-5,-1595,1783,-7911
alpha 0.001,4,284,-5,-1600,1784,-7916
alpha 0.001,4,285,-5,-1605,1785,-7921
alpha 0.001,4,286,-5,-1610,1786,-7926
alpha 0.001,4,287,-5,-1615,1787,-7931
alpha 0.001,4,288,-5,-1620,1788,-7936
alpha 0.001,4,289,-5,-1625,1789,-7941
alpha 0.001,4,290,-5,-1630,1790,-7946
alpha 0.001,4,291,-5,-1635,1791,-7951
alpha 0.001,4,292,-5,-1640,1792,-7956
alpha 0.001,4,293,-5,-1645,1793,-7961
alpha 0.001,4,294,-5,-1650,1794,-7966
alpha 0.001,4,295,-5,-1655,1795,-7971
alpha 0.001,4,296,-5,-1660,1796,-7976
alpha 0.001,4,297,-5,-1665,1797,-7981
alpha 0.001,4,298,-5,-1670,1798,-7986
alpha 0.001,4,299,-5,-1675,1799,-7991
alpha 0.001,4,300,-5,-1680,1800,-7996
alpha 0.001,4,301,-5,-1685,1801,-8001
alpha 0.001,4,302,-5,-1690,1802,-8006
alpha 0.001,4,303,-5,-1695,1803,-8011
alpha 0.001,4,304,-5,-1700,1804,-8016
alpha 0.001,4,305,-5,-1705,1805,-8021
alpha 0.001,4,306,-5,-1710,1806,-8026
alpha 0.001,4,307,-5,-1715,1807,-8031
alpha 0.001,4,308,-5,-1720,1808,-8036
alpha 0.001,4,309,-5,-1725,1809,-8041
alpha 0.001,4,310,-5,-1730,1810,-8046
alpha 0.001,4,311,-5,-1735,1811,-8051
alpha 0.001,4,312,-6,-1741,1812,-8057
alpha 0.001,4,313,-6,-1747,1813,-8063
alpha 0.001,4,314,-6,-1753,1814,-8069
alpha 0.001,4,315,-6,-1759,1815,-8075
alpha 0.001,4,316,-6,-1765,1816,-8081
alpha 0.001,4,317,-6,-1771,1817,-8087
alpha 0.001,4,318,-6,-1777,1818,-8093
alpha 0.001,4,319,-6,-1783,1819,-8099
alpha 0.001,4,320,-6,-1789,1820,-8105
alpha 0.001,4,321,-6,-1795,1821,-8111
alpha 0.001,4,322,-7,-1802,1822,-8118
alpha 0.001,4,323,-7,-1809,1823,-8125
alpha 0.001,4,324,-7,-1816,1824,-8132
alpha 0.001,4,325,-7,-1823,1825,-8139
alpha 0.001,4,326,-7,-1830,1826,-8146
alpha 0.001,4,327,-7,-1837,1827,-8153
alpha 0.001,4,328,-7,-1844,1828,-8160
alpha 0.001,4,329,-7,-1851,1829,-8167
alpha 0.001,4,330,-7,-1858,1830,-8174
alpha 0.001,4,331,-7,-1865,1831,-8181
alpha 0.001,4,332,-7,-1872,1832,-8188
alpha 0.001,4,333,-7,-1879,1833,-8195
alpha 0.001,4,334,-7,-1886,1834,-8202
alpha 0.001,4,335,-7,-1893,1835,-8209
alpha 0.001,4,336,-7,-1900,1836,-8216
alpha 0.001,4,337,-7,-1907,1837,-8223
alpha 0.001,4,338,-7,-1914,1838,-8230
alpha 0.001,4,339,-7,-1921,1839,-8237
alpha 0.001,4,340,-7,-1928,1840,-8244
alpha 0.001,4,341,-7,-1935,1841,-8251
alpha 0.001,4,342,-7,-1942,1842,-8258
alpha 0.001,4,343,-7,-1949,1843,-8265
alpha 0.001,4,344,-7,-1956,1844,-8272
alpha 0.001,4,345,-7,-1963,1845,-8279
alpha 0.001,4,346,-7,-1970,1846,-8286
alpha 0.001,4,347,-7,-1977,1847,-8293
alpha 0.001,4,348,-7,-1984,1848,-8300
alpha 0.001,4,349,-7,-1991,1849,-8307
alpha 0.001,4,350,-7,-1998,1850,-8314
alpha 0.001,4,351,-7,-2005,1851,-8321
alpha 0.001,4,352,-7,-2012,1852,-8328
alpha 0.001,4,353,-7,-2019,1853,-8335
alpha 0.001,4,354,-7,-2026,1854,-8342
alpha 0.001,4,355,-7,-2033,1855,-8349
alpha 0.001,4,356,-7,-2040,1856,-8356
alpha 0.001,4,357,-7,-2047,1857,-8363
alpha 0.001,4,358,-7,-2054,1858,-8370
alpha 0.001,4,359,-7,-2061,1859,-8377
alpha 0.001,4,360,-7,-2068,1860,-8384
alpha 0.001,4,361,-7,-2075,1861,-8391
alpha 0.001,4,362,-7,-2082,1862,-8398
alpha 0.001,4,363,-7,-2089,1863,-8405
alpha 0.001,4,364,-7,-2096,1864,-8412
alpha 0.001,4,365,-7,-2103,1865,-8419
alpha 0.001,4,366,-7,-2110,1866,-8426
alpha 0.001,4,367,-7,-2117,1867,-8433
alpha 0.001,4,368,-7,-2124,1868,-8440
alpha 0.001,4,369,-7,-2131,1869,-8447
alpha 0.001,4,370,-7,-2138,1870,-8454
alpha 0.001,4,371,-7,-2145,1871,-8461
alpha 0.001,4,372,-7,-2152,1872,-8468
alpha 0.001,4,373,-6,-2158,1873,-8474
alpha 0.001,4,374,-6,-2164,1874,-8480
alpha 0.001,4,375,-6,-2170,1875,-8486
alpha 0.001,4,376,-6,-2176,1876,-8492
alpha 0.001,4,377,-6,-2182,1877,-8498
alpha 0.001,4,378,-6,-2188,1878,-8504
alpha 0.001,4,379,-6,-2194,1879,-8510
alpha 0.001,4,380,-6,-2200,1880,-8516
alpha 0.001,4,381,-6,-2206,1881,-8522
alpha 0.001,4,382,-6,-2212,1882,-8528
alpha 0.001,4,383,-6,-2218,1883,-8534
alpha 0.001,4,384,-6,-2224,1884,-8540
alpha 0.001,4,385,-5,-2229,1885,-8545
alpha 0.001,4,386,-5,-2234,1886,-8550
alpha 0.001,4,387,-5,-2239,1887,-8555
alpha 0.001,4,388,-5,-2244,1888,-8560
alpha 0.001,4,389,-5,-2249,1889,-8565
alpha 0.001,4,390,-5,-2254,1890,-8570
alpha 0.001,4,391,-5,-2259,1891,-8575
alpha 0.001,4,392,-5,-2264,1892,-8580
alpha 0.001,4,393,-5,-2269,1893,-8585
alpha 0.001,4,394,-3,-2272,1894,-8588
alpha 0.001,4,395,-3,-2275,1895,-8591
alpha 0.001,4,396,-3,-2278,1896,-8594
alpha 0.001,4,397,-3,-2281,1897,-8597
alpha 0.001,4,398,-3,-2284,1898,-8600
alpha 0.001,4,399,-3,-2287,1899,-8603
alpha 0.001,4,400,-3,-2290,1900,-8606
alpha 0.001,4,401,-5,-2295,1901,-8611
alpha 0.001,4,402,-3,-2298,1902,-8614
alpha 0.001,4,403,-3,-2301,1903,-8617
alpha 0.001,4,404,-3,-2304,1904,-8620
alpha 0.001,4,405,-3,-2307,1905,-8623
alpha 0.001,4,406,-3,-2310,1906,-8626
alpha 0.001,4,407,-3,-2313,1907,-8629
alpha 0.001,4,408,-3,-2316,1908,-8632
alpha 0.001,4,409,-3,-2319,1909,-8635
alpha 0.001,4,410,-3,-2322,1910,-8638
alpha 0.001,4,411,-3,-2325,1911,-8641
alpha 0.001,4,412,-3,-2328,1912,-8644
alpha 0.001,4,413,-3,-2331,1913,-8647
alpha 0.001,4,414,-3,-2334,1914,-8650
alpha 0.001,4,415,-3,-2337,1915,-8653
alpha 0.001,4,416,-4,-2341,1916,-8657
alpha 0.001,4,417,-4,-2345,1917,-8661
alpha 0.001,4,418,-4,-2349,1918,-8665
alpha 0.001,4,419,-4,-2353,1919,-8669
alpha 0.001,4,420,-4,-2357,1920,-8673
alpha 0.001,4,421,-4,-2361,1921,-8677
alpha 0.001,4,422,-4,-2365,1922,-8681
alpha 0.001,4,423,-4,-2369,1923,-8685
alpha 0.001,4,424,-4,-2373,1924,-8689
alpha 0.001,4,425,-4,-2377,1925,-8693
alpha 0.001,4,426,-4,-2381,1926,-8697
alpha 0.001,4,427,-4,-2385,1927,-8701
alpha 0.001,4,428,-4,-2389,1928,-8705
alpha 0.001,4,429,-4,-2393,1929,-8709
alpha 0.001,4,430,-4,-2397,1930,-8713
alpha 0.001,4,431,-4,-2401,1931,-8717
alpha 0.001,4,432,-5,-2406,1932,-8722
alpha 0.001,4,433,-5,-2411,1933,-8727
alpha 0.001,4,434,-5,-2416,1934,-8732
alpha 0.001,4,435,-5,-2421,1935,-8737
alpha 0.001,4,436,-5,-2426,1936,-8742
alpha 0.001,4,437,-5,-2431,1937,-8747
alpha 0.001,4,438,-5,-2436,1938,-8752
alpha 0.001,4,439,-6,-2442,1939,-8758
alpha 0.001,4,440,-6,-2448,1940,-8764
alpha 0.001,4,441,-6,-2454,1941,-8770
alpha 0.001,4,442,-6,-2460,1942,-8776
alpha 0.001,4,443,-6,-2466,1943,-8782
alpha 0.001,4,444,-6,-2472,1944,-8788
alpha 0.001,4,445,-6,-2478,1945,-8794
alpha 0.001,4,446,-6,-2484,1946,-8800
alpha 0.001,4,447,-6,-2490,1947,-8806
alpha 0.001,4,448,-6,-2496,1948,-8812
alpha 0.001,4,449,-6,-2502,1949,-8818
alpha 0.001,4,450,-6,-2508,1950,-8824
alpha 0.001,4,451,-6,-2514,1951,-8830
alpha 0.001,4,452,-6,-2520,1952,-8836
alpha 0.001,4,453,-6,-2526,1953,-8842
alpha 0.001,4,454,-8,-2534,1954,-8850
alpha 0.001,4,455,-8,-2542,1955,-8858
alpha 0.001,4,456,-8,-2550,1956,-8866
alpha 0.001,4,457,-8,-2558,1957,-8874
alpha 0.001,4,458,-8,-2566,1958,-8882
alpha 0.001,4,459,-8,-2574,1959,-8890
alpha 0.001,4,460,-8,-2582,1960,-8898
alpha 0.001,4,461,-10,-2592,1961,-8908
alpha 0.001,4,462,-10,-2602,1962,-8918
alpha 0.001,4,463,-10,-2612,1963,-8928
alpha 0.001,4,464,-10,-2622,1964,-8938
alpha 0.001,4,465,-10,-2632,1965,-8948
alpha 0.001,4,466,-10,-2642,1966,-8958
alpha 0.001,4,467,-10,-2652,1967,-8968
alpha 0.001,4,468,-10,-2662,1968,-8978
alpha 0.001,4,469,-10,-2672,1969,-8988
alpha 0.001,4,470,-10,-2682,1970,-8998
alpha 0.001,4,471,-10,-2692,1971,-9008
alpha 0.001,4,472,-10,-2702,1972,-9018
alpha 0.001,4,473,-8,-2710,1973,-9026
alpha 0.001,4,474,-8,-2718,1974,-9034
alpha 0.001,4,475,-10,-2728,1975,-9044
alpha 0.001,4,476,-10,-2738,1976,-9054
alpha 0.001,4,477,-10,-2748,1977,-9064
alpha 0.001,4,478,-10,-2758,1978,-9074
alpha 0.001,4,479,-10,-2768,1979,-9084
alpha 0.001,4,480,-10,-2778,1980,-9094
alpha 0.001,4,481,-10,-2788,1981,-9104
alpha 0.001,4,482,-10,-2798,1982,-9114
alpha 0.001,4,483,-10,-2808,1983,-9124
alpha 0.001,4,484,-10,-2818,1984,-9134
alpha 0.001,4,485,-10,-2828,1985,-9144
alpha 0.001,4,486,-10,-2838,1986,-9154
alpha 0.001,4,487,-10,-2848,1987,-9164
alpha 0.001,4,488,-10,-2858,1988,-9174
alpha 0.001,4,489,-10,-2868,1989,-9184
alpha 0.001,4,490,-8,-2876,1990,-9192
alpha 0.001,4,491,-8,-2884,1991,-9200
alpha 0.001,4,492,-8,-2892,1992,-9208
alpha 0.001,4,493,-8,-2900,1993,-9216
alpha 0.001,4,494,-8,-2908,1994,-9224
alpha 0.001,4,495,-8,-2916,1995,-9232
alpha 0.001,4,496,-8,-2924,1996,-9240
alpha 0.001,4,497,-8,-2932,1997,-9248
alpha 0.001,4,498,-8,-2940,1998,-9256
alpha 0.001,4,499,-8,-2948,1999,-9264
alpha 0.001,4,500,-8,-2956,2000,-9272
alpha 0.001,1,1,2,2,1,2
alpha 0.001,1,2,-1,1,2,1
alpha 0.001,1,3,-3,-2,3,-2
alpha 0.001,1,4,-7,-9,4,-9
alpha 0.001,1,5,-10,-19,5,-19
alpha 0.001,1,6,-10,-29,6,-29
alpha 0.001,1,7,-10,-39,7,-39
alpha 0.001,1,8,-10,-49,8,-49
alpha 0.001,1,9,-8,-57,9,-57
alpha 0.001,1,10,-8,-65,10,-65
alpha 0.001,1,11,-7,-72,11,-72
alpha 0.001,1,12,-7,-79,12,-79
alpha 0.001,1,13,-7,-86,13,-86
alpha 0.001,1,14,-7,-93,14,-93
alpha 0.001,1,15,-7,-100,15,-100
alpha 0.001,1,16,-7,-107,16,-107
alpha 0.001,1,17,-7,-114,17,-114
alpha 0.001,1,18,-8,-122,18,-122
alpha 0.001,1,19,-8,-130,19,-130
alpha 0.001,1,20,-10,-140,20,-140
alpha 0.001,1,21,-10,-150,21,-150
alpha 0.001,1,22,-10,-160,22,-160
alpha 0.001,1,23,-10,-170,23,-170
alpha 0.001,1,24,-10,-180,24,-180
alpha 0.001,1,25,-10,-190,25,-190
alpha 0.001,1,26,-10,-200,26,-200
alpha 0.001,1,27,-10,-210,27,-210
alpha 0.001,1,28,-10,-220,28,-220
alpha 0.001,1,29,-8,-228,29,-228
alpha 0.001,1,30,-8,-236,30,-236
alpha 0.001,1,31,-7,-243,31,-243
alpha 0.001,1,32,-7,-250,32,-250
alpha 0.001,1,33,-7,-257,33,-257
alpha 0.001,1,34,-7,-264,34,-264
alpha 0.001,1,35,-7,-271,35,-271
alpha 0.001,1,36,-7,-278,36,-278
alpha 0.001,1,37,-7,-285,37,-285
alpha 0.001,1,38,-7,-292,38,-292
alpha 0.001,1,39,-7,-299,39,-299
alpha 0.001,1,40,-7,-306,40,-306
alpha 0.001,1,41,-6,-312,41,-312
alpha 0.001,1,42,-6,-318,42,-318
alpha 0.001,1,43,-6,-324,43,-324
alpha 0.001,1,44,-5,-329,44,-329
alpha 0.001,1,45,-5,-334,45,-334
alpha 0.001,1,46,-5,-339,46,-339
alpha 0.001,1,47,-5,-344,47,-344
alpha 0.001,1,48,-5,-349,48,-349
alpha 0.001,1,49,-5,-354,49,-354
alpha 0.001,1,50,-5,-359,50,-359
alpha 0.001,1,51,-5,-364,51,-364
alpha 0.001,1,52,-5,-369,52,-369
alpha 0.001,1,53,-5,-374,53,-374
alpha 0.001,1,54,-6,-380,54,-380
alpha 0.001,1,55,-6,-386,55,-386
alpha 0.001,1,56,-7,-393,56,-393
alpha 0.001,1,57,-7,-400,57,-400
alpha 0.001,1,58,-7,-407,58,-407
alpha 0.001,1,59,-7,-414,59,-414
alpha 0.001,1,60,-7,-421,60,-421
alpha 0.001,1,61,-7,-428,61,-428
alpha 0.001,1,62,-7,-435,62,-435
alpha 0.001,1,63,-8,-443,63,-443
alpha 0.001,1,64,-8,-451,64,-451
alpha 0.001,1,65,-8,-459,65,-459
alpha 0.001,1,66,-8,-467,66,-467
alpha 0.001,1,67,-8,-475,67,-475
alpha 0.001,1,68,-10,-485,68,-485
alpha 0.001,1,69,-10,-495,69,-495
alpha 0.001,1,70,-10,-505,70,-505
alpha 0.001,1,71,-10,-515,71,-515
alpha 0.001,1,72,-10,-525,72,-525
alpha 0.001,1,73,-10,-535,73,-535
alpha 0.001,1,74,-10,-545,74,-545
alpha 0.001,1,75,-10,-555,75,-555
alpha 0.001,1,76,-10,-565,76,-565
alpha 0.001,1,77,-10,-575,77,-575
alpha 0.001,1,78,-10,-585,78,-585
alpha 0.001,1,79,-10,-595,79,-595
alpha 0.001,1,80,-10,-605,80,-605
alpha 0.001,1,81,-10,-615,81,-615
alpha 0.001,1,82,-10,-625,82,-625
alpha 0.001,1,83,-10,-635,83,-635
alpha 0.001,1,84,-10,-645,84,-645
alpha 0.001,1,85,-10,-655,85,-655
alpha 0.001,1,86,-10,-665,86,-665
alpha 0.001,1,87,-10,-675,87,-675
alpha 0.001,1,88,-10,-685,88,-685
alpha 0.001,1,89,-10,-695,89,-695
alpha 0.001,1,90,-10,-705,90,-705
alpha 0.001,1,91,-10,-715,91,-715
alpha 0.001,1,92,-10,-725,92,-725
alpha 0.001,1,93,-10,-735,93,-735
alpha 0.001,1,94,-10,-745,94,-745
alpha 0.001,1,95,-10,-755,95,-755
alpha 0.001,1,96,-10,-765,96,-765
alpha 0.001,1,97,-10,-775,97,-775
alpha 0.001,1,98,-10,-785,98,-785
alpha 0.001,1,99,-10,-795,99,-795
alpha 0.001,1,100,-10,-805,100,-805
alpha 0.001,1,101,-10,-815,101,-815
alpha 0.001,1,102,-10,-825,102,-825
alpha 0.001,1,103,-10,-835,103,-835
alpha 0.001,1,104,-10,-845,104,-845
alpha 0.001,1,105,-10,-855,105,-855
alpha 0.001,1,106,-10,-865,106,-865
alpha 0.001,1,107,-10,-875,107,-875
alpha 0.001,1,108,-10,-885,108,-885
alpha 0.001,1,109,-10,-895,109,-895
alpha 0.001,1,110,-10,-905,110,-905
alpha 0.001,1,111,-10,-915,111,-915
alpha 0.001,1,112,-10,-925,112,-925
alpha 0.001,1,113,-10,-935,113,-935
alpha 0.001,1,114,-10,-945,114,-945
alpha 0.001,1,115,-10,-955,115,-955
alpha 0.001,1,116,-10,-965,116,-965
alpha 0.001,1,117,-10,-975,117,-975
alpha 0.001,1,118,-10,-985,118,-985
alpha 0.001,1,119,-8,-993,119,-993
alpha 0.001,1,120,-10,-1003,120,-1003
alpha 0.001,1,121,-10,-1013,121,-1013
alpha 0.001,1,122,-8,-1021,122,-1021
alpha 0.001,1,123,-8,-1029,123,-1029
alpha 0.001,1,124,-8,-1037,124,-1037
alpha 0.001,1,125,-8,-1045,125,-1045
alpha 0.001,1,126,-8,-1053,126,-1053
alpha 0.001,1,127,-7,-1060,127,-1060
alpha 0.001,1,128,-7,-1067,128,-1067
alpha 0.001,1,129,-7,-1074,129,-1074
alpha 0.001,1,130,-5,-1079,130,-1079
alpha 0.001,1,131,-5,-1084,131,-1084
alpha 0.001,1,132,-7,-1091,132,-1091
alpha 0.001,1,133,-7,-1098,133,-1098
alpha 0.001,1,134,-7,-1105,134,-1105
alpha 0.001,1,135,-6,-1111,135,-1111
alpha 0.001,1,136,-4,-1115,136,-1115
alpha 0.001,1,137,-4,-1119,137,-1119
alpha 0.001,1,138,-5,-1124,138,-1124
alpha 0.001,1,139,-5,-1129,139,-1129
alpha 0.001,1,140,-5,-1134,140,-1134
alpha 0.001,1,141,-3,-1137,141,-1137
alpha 0.001,1,142,-3,-1140,142,-1140
alpha 0.001,1,143,-2,-1142,143,-1142
alpha 0.001,1,144,-2,-1144,144,-1144
alpha 0.001,1,145,-2,-1146,145,-1146
alpha 0.001,1,146,-2,-1148,146,-1148
alpha 0.001,1,147,-2,-1150,147,-1150
alpha 0.001,1,148,-2,-1152,148,-1152
alpha 0.001,1,149,-2,-1154,149,-1154
alpha 0.001,1,150,-2,-1156,150,-1156
alpha 0.001,1,151,-2,-1158,151,-1158
alpha 0.001,1,152,-2,-1160,152,-1160
alpha 0.001,1,153,-3,-1163,153,-1163
alpha 0.001,1,154,-4,-1167,154,-1167
alpha 0.001,1,155,-2,-1169,155,-1169
alpha 0.001,1,156,-2,-1171,156,-1171
alpha 0.001,1,157,-2,-1173,157,-1173
alpha 0.001,1,158,-2,-1175,158,-1175
alpha 0.001,1,159,-2,-1177,159,-1177
alpha 0.001,1,160,1,-1176,160,-1176
alpha 0.001,1,161,1,-1175,161,-1175
alpha 0.001,1,162,2,-1173,162,-1173
alpha 0.001,1,163,2,-1171,163,-1171
alpha 0.001,1,164,-3,-1174,164,-1174
alpha 0.001,1,165,-5,-1179,165,-1179
alpha 0.001,1,166,-5,-1184,166,-1184
alpha 0.001,1,167,-5,-1189,167,-1189
alpha 0.001,1,168,-5,-1194,168,-1194
alpha 0.001,1,169,-4,-1198,169,-1198
alpha 0.001,1,170,-4,-1202,170,-1202
alpha 0.001,1,171,-4,-1206,171,-1206
alpha 0.001,1,172,-4,-1210,172,-1210
alpha 0.001,1,173,-4,-1214,173,-1214
alpha 0.001,1,174,-4,-1218,174,-1218
alpha 0.001,1,175,-4,-1222,175,-1222
alpha 0.001,1,176,-4,-1226,176,-1226
alpha 0.001,1,177,-4,-1230,177,-1230
alpha 0.001,1,178,-4,-1234,178,-1234
alpha 0.001,1,179,-4,-1238,179,-1238
alpha 0.001,1,180,-4,-1242,180,-1242
alpha 0.001,1,181,-4,-1246,181,-1246
alpha 0.001,1,182,-4,-1250,182,-1250
alpha 0.001,1,183,-5,-1255,183,-1255
alpha 0.001,1,184,-5,-1260,184,-1260
alpha 0.001,1,185,-5,-1265,185,-1265
alpha 0.001,1,186,-5,-1270,186,-1270
alpha 0.001,1,187,-5,-1275,187,-1275
alpha 0.001,1,188,-5,-1280,188,-1280
alpha 0.001,1,189,-6,-1286,189,-1286
alpha 0.001,1,190,-6,-1292,190,-1292
alpha 0.001,1,191,-6,-1298,191,-1298
alpha 0.001,1,192,-6,-1304,192,-1304
alpha 0.001,1,193,-6,-1310,193,-1310
alpha 0.001,1,194,-6,-1316,194,-1316
alpha 0.001,1,195,-6,-1322,195,-1322
alpha 0.001,1,196,-8,-1330,196,-1330
alpha 0.001,1,197,-8,-1338,197,-1338
alpha 0.001,1,198,-8,-1346,198,-1346
alpha 0.001,1,199,-8,-1354,199,-1354
alpha 0.001,1,200,-8,-1362,200,-1362
alpha 0.001,1,201,-8,-1370,201,-1370
alpha 0.001,1,202,-8,-1378,202,-1378
alpha 0.001,1,203,-10,-1388,203,-1388
alpha 0.001,1,204,-10,-1398,204,-1398
alpha 0.001,1,205,-10,-1408,205,-1408
alpha 0.001,1,206,-10,-1418,206,-1418
alpha 0.001,1,207,-10,-1428,207,-1428
alpha 0.001,1,208,-10,-1438,208,-1438
alpha 0.001,1,209,-10,-1448,209,-1448
alpha 0.001,1,210,-10,-1458,210,-1458
alpha 0.001,1,211,-10,-1468,211,-1468
alpha 0.001,1,212,-10,-1478,212,-1478
alpha 0.001,1,213,-10,-1488,213,-1488
alpha 0.001,1,214,-10,-1498,214,-1498
alpha 0.001,1,215,-10,-1508,215,-1508
alpha 0.001,1,216,-10,-1518,216,-1518
alpha 0.001,1,217,-10,-1528,217,-1528
alpha 0.001,1,218,-10,-1538,218,-1538
alpha 0.001,1,219,-10,-1548,219,-1548
alpha 0.001,1,220,-10,-1558,220,-1558
alpha 0.001,1,221,-10,-1568,221,-1568
alpha 0.001,1,222,-10,-1578,222,-1578
alpha 0.001,1,223,-10,-1588,223,-1588
alpha 0.001,1,224,-10,-1598,224,-1598
alpha 0.001,1,225,-10,-1608,225,-1608
alpha 0.001,1,226,-10,-1618,226,-1618
alpha 0.001,1,227,-10,-1628,227,-1628
alpha 0.001,1,228,-10,-1638,228,-1638
alpha 0.001,1,229,-10,-1648,229,-1648
alpha 0.001,1,230,-10,-1658,230,-1658
alpha 0.001,1,231,-10,-1668,231,-1668
alpha 0.001,1,232,-10,-1678,232,-1678
alpha 0.001,1,233,-10,-1688,233,-1688
alpha 0.001,1,234,-10,-1698,234,-1698
alpha 0.001,1,235,-10,-1708,235,-1708
alpha 0.001,1,236,-10,-1718,236,-1718
alpha 0.001,1,237,-10,-1728,237,-1728
alpha 0.001,1,238,-10,-1738,238,-1738
alpha 0.001,1,239,-10,-1748,239,-1748
alpha 0.001,1,240,-10,-1758,240,-1758
alpha 0.001,1,241,-10,-1768,241,-1768
alpha 0.001,1,242,-10,-1778,242,-1778
alpha 0.001,1,243,-10,-1788,243,-1788
alpha 0.001,1,244,-10,-1798,244,-1798
alpha 0.001,1,245,-10,-1808,245,-1808
alpha 0.001,1,246,-8,-1816,246,-1816
alpha 0.001,1,247,-8,-1824,247,-1824
alpha 0.001,1,248,-8,-1832,248,-1832
alpha 0.001,1,249,-8,-1840,249,-1840
alpha 0.001,1,250,-8,-1848,250,-1848
alpha 0.001,1,251,-8,-1856,251,-1856
alpha 0.001,1,252,-8,-1864,252,-1864
alpha 0.001,1,253,-8,-1872,253,-1872
alpha 0.001,1,254,-8,-1880,254,-1880
alpha 0.001,1,255,-8,-1888,255,-1888
alpha 0.001,1,256,-8,-1896,256,-1896
alpha 0.001,1,257,-7,-1903,257,-1903
alpha 0.001,1,258,-7,-1910,258,-1910
alpha 0.001,1,259,-7,-1917,259,-1917
alpha 0.001,1,260,-7,-1924,260,-1924
alpha 0.001,1,261,-7,-1931,261,-1931
alpha 0.001,1,262,-7,-1938,262,-1938
alpha 0.001,1,263,-7,-1945,263,-1945
alpha 0.001,1,264,-7,-1952,264,-1952
alpha 0.001,1,265,-7,-1959,265,-1959
alpha 0.001,1,266,-7,-1966,266,-1966
alpha 0.001,1,267,-6,-1972,267,-1972
alpha 0.001,1,268,-6,-1978,268,-1978
alpha 0.001,1,269,-6,-1984,269,-1984
alpha 0.001,1,270,-5,-1989,270,-1989
alpha 0.001,1,271,-5,-1994,271,-1994
alpha 0.001,1,272,-5,-1999,272,-1999
alpha 0.001,1,273,-5,-2004,273,-2004
alpha 0.001,1,274,-5,-2009,274,-2009
alpha 0.001,1,275,-5,-2014,275,-2014
alpha 0.001,1,276,-5,-2019,276,-2019
alpha 0.001,1,277,-5,-2024,277,-2024
alpha 0.001,1,278,-5,-2029,278,-2029
alpha 0.001,1,279,-5,-2034,279,-2034
alpha 0.001,1,280,-5,-2039,280,-2039
alpha 0.001,1,281,-5,-2044,281,-2044
alpha 0.001,1,282,-6,-2050,282,-2050
alpha 0.001,1,283,-6,-2056,283,-2056
alpha 0.001,1,284,-6,-2062,284,-2062
alpha 0.001,1,285,-6,-2068,285,-2068
alpha 0.001,1,286,-7,-2075,286,-2075
alpha 0.001,1,287,-7,-2082,287,-2082
alpha 0.001,1,288,-7,-2089,288,-2089
alpha 0.001,1,289,-7,-2096,289,-2096
alpha 0.001,1,290,-7,-2103,290,-2103
alpha 0.001,1,291,-7,-2110,291,-2110
alpha 0.001,1,292,-7,-2117,292,-2117
alpha 0.001,1,293,-7,-2124,293,-2124
alpha 0.001,1,294,-7,-2131,294,-2131
alpha 0.001,1,295,-7,-2138,295,-2138
alpha 0.001,1,296,-7,-2145,296,-2145
alpha 0.001,1,297,-7,-2152,297,-2152
alpha 0.001,1,298,-7,-2159,298,-2159
alpha 0.001,1,299,-7,-2166,299,-2166
alpha 0.001,1,300,-7,-2173,300,-2173
alpha 0.001,1,301,-8,-2181,301,-2181
alpha 0.001,1,302,-8,-2189,302,-2189
alpha 0.001,1,303,-8,-2197,303,-2197
alpha 0.001,1,304,-8,-2205,304,-2205
alpha 0.001,1,305,-8,-2213,305,-2213
alpha 0.001,1,306,-8,-2221,306,-2221
alpha 0.001,1,307,-8,-2229,307,-2229
alpha 0.001,1,308,-8,-2237,308,-2237
alpha 0.001,1,309,-8,-2245,309,-2245
alpha 0.001,1,310,-8,-2253,310,-2253
alpha 0.001,1,311,-8,-2261,311,-2261
alpha 0.001,1,312,-10,-2271,312,-2271
alpha 0.001,1,313,-10,-2281,313,-2281
alpha 0.001,1,314,-10,-2291,314,-2291
alpha 0.001,1,315,-10,-2301,315,-2301
alpha 0.001,1,316,-10,-2311,316,-2311
alpha 0.001,1,317,-10,-2321,317,-2321
alpha 0.001,1,318,-10,-2331,318,-2331
alpha 0.001,1,319,-10,-2341,319,-2341
alpha 0.001,1,320,-10,-2351,320,-2351
alpha 0.001,1,321,-10,-2361,321,-2361
alpha 0.001,1,322,-10,-2371,322,-2371
alpha 0.001,1,323,-10,-2381,323,-2381
alpha 0.001,1,324,-10,-2391,324,-2391
alpha 0.001,1,325,-10,-2401,325,-2401
alpha 0.001,1,326,-10,-2411,326,-2411
alpha 0.001,1,327,-10,-2421,327,-2421
alpha 0.001,1,328,-10,-2431,328,-2431
alpha 0.001,1,329,-10,-2441,329,-2441
alpha 0.001,1,330,-10,-2451,330,-2451
alpha 0.001,1,331,-10,-2461,331,-2461
alpha 0.001,1,332,-10,-2471,332,-2471
alpha 0.001,1,333,-10,-2481,333,-2481
alpha 0.001,1,334,-10,-2491,334,-2491
alpha 0.001,1,335,-10,-2501,335,-2501
alpha 0.001,1,336,-10,-2511,336,-2511
alpha 0.001,1,337,-10,-2521,337,-2521
alpha 0.001,1,338,-10,-2531,338,-2531
alpha 0.001,1,339,-10,-2541,339,-2541
alpha 0.001,1,340,-10,-2551,340,-2551
alpha 0.001,1,341,-10,-2561,341,-2561
alpha 0.001,1,342,-10,-2571,342,-2571
alpha 0.001,1,343,-10,-2581,343,-2581
alpha 0.001,1,344,-10,-2591,344,-2591
alpha 0.001,1,345,-10,-2601,345,-2601
alpha 0.001,1,346,-10,-2611,346,-2611
alpha 0.001,1,347,-10,-2621,347,-2621
alpha 0.001,1,348,-10,-2631,348,-2631
alpha 0.001,1,349,-10,-2641,349,-2641
alpha 0.001,1,350,-8,-2649,350,-2649
alpha 0.001,1,351,-8,-2657,351,-2657
alpha 0.001,1,352,-8,-2665,352,-2665
alpha 0.001,1,353,-8,-2673,353,-2673
alpha 0.001,1,354,-8,-2681,354,-2681
alpha 0.001,1,355,-8,-2689,355,-2689
alpha 0.001,1,356,-6,-2695,356,-2695
alpha 0.001,1,357,-6,-2701,357,-2701
alpha 0.001,1,358,-6,-2707,358,-2707
alpha 0.001,1,359,-6,-2713,359,-2713
alpha 0.001,1,360,-6,-2719,360,-2719
alpha 0.001,1,361,-6,-2725,361,-2725
alpha 0.001,1,362,-6,-2731,362,-2731
alpha 0.001,1,363,-6,-2737,363,-2737
alpha 0.001,1,364,-6,-2743,364,-2743
alpha 0.001,1,365,-6,-2749,365,-2749
alpha 0.001,1,366,-5,-2754,366,-2754
alpha 0.001,1,367,-5,-2759,367,-2759
alpha 0.001,1,368,-5,-2764,368,-2764
alpha 0.001,1,369,-5,-2769,369,-2769
alpha 0.001,1,370,-5,-2774,370,-2774
alpha 0.001,1,371,-5,-2779,371,-2779
alpha 0.001,1,372,-5,-2784,372,-2784
alpha 0.001,1,373,-5,-2789,373,-2789
alpha 0.001,1,374,-5,-2794,374,-2794
alpha 0.001,1,375,-5,-2799,375,-2799
alpha 0.001,1,376,-5,-2804,376,-2804
alpha 0.001,1,377,-5,-2809,377,-2809
alpha 0.001,1,378,-5,-2814,378,-2814
alpha 0.001,1,379,-3,-2817,379,-2817
alpha 0.001,1,380,-3,-2820,380,-2820
alpha 0.001,1,381,-3,-2823,381,-2823
alpha 0.001,1,382,-3,-2826,382,-2826
alpha 0.001,1,383,-3,-2829,383,-2829
alpha 0.001,1,384,-3,-2832,384,-2832
alpha 0.001,1,385,-2,-2834,385,-2834
alpha 0.001,1,386,-2,-2836,386,-2836
alpha 0.001,1,387,-2,-2838,387,-2838
alpha 0.001,1,388,-2,-2840,388,-2840
alpha 0.001,1,389,-3,-2843,389,-2843
alpha 0.001,1,390,-3,-2846,390,-2846
alpha 0.001,1,391,-3,-2849,391,-2849
alpha 0.001,1,392,-3,-2852,392,-2852
alpha 0.001,1,393,-3,-2855,393,-2855
alpha 0.001,1,394,-3,-2858,394,-2858
alpha 0.001,1,395,-3,-2861,395,-2861
alpha 0.001,1,396,-2,-2863,396,-2863
alpha 0.001,1,397,-2,-2865,397,-2865
alpha 0.001,1,398,-2,-2867,398,-2867
alpha 0.001,1,399,-2,-2869,399,-2869
alpha 0.001,1,400,-2,-2871,400,-2871
alpha 0.001,1,401,-3,-2874,401,-2874
alpha 0.001,1,402,-3,-2877,402,-2877
alpha 0.001,1,403,-2,-2879,403,-2879
alpha 0.001,1,404,-2,-2881,404,-2881
alpha 0.001,1,405,-2,-2883,405,-2883
alpha 0.001,1,406,-2,-2885,406,-2885
alpha 0.001,1,407,-2,-2887,407,-2887
alpha 0.001,1,408,-2,-2889,408,-2889
alpha 0.001,1,409,-2,-2891,409,-2891
alpha 0.001,1,410,-2,-2893,410,-2893
alpha 0.001,1,411,-3,-2896,411,-2896
alpha 0.001,1,412,-3,-2899,412,-2899
alpha 0.001,1,413,-3,-2902,413,-2902
alpha 0.001,1,414,-3,-2905,414,-2905
alpha 0.001,1,415,-1,-2906,415,-2906
alpha 0.001,1,416,1,-2905,416,-2905
alpha 0.001,1,417,1,-2904,417,-2904
alpha 0.001,1,418,-1,-2905,418,-2905
alpha 0.001,1,419,1,-2904,419,-2904
alpha 0.001,1,420,1,-2903,420,-2903
alpha 0.001,1,421,-2,-2905,421,-2905
alpha 0.001,1,422,-1,-2906,422,-2906
alpha 0.001,1,423,1,-2905,423,-2905
alpha 0.001,1,424,1,-2904,424,-2904
alpha 0.001,1,425,2,-2902,425,-2902
alpha 0.001,1,426,1,-2901,426,-2901
alpha 0.001,1,427,-2,-2903,427,-2903
alpha 0.001,1,428,-2,-2905,428,-2905
alpha 0.001,1,429,-2,-2907,429,-2907
alpha 0.001,1,430,-2,-2909,430,-2909
alpha 0.001,1,431,-3,-2912,431,-2912
alpha 0.001,1,432,-5,-2917,432,-2917
alpha 0.001,1,433,-3,-2920,433,-2920
alpha 0.001,1,434,-2,-2922,434,-2922
alpha 0.001,1,435,-2,-2924,435,-2924
alpha 0.001,1,436,-2,-2926,436,-2926
alpha 0.001,1,437,-2,-2928,437,-2928
alpha 0.001,1,438,-2,-2930,438,-2930
alpha 0.001,1,439,-3,-2933,439,-2933
alpha 0.001,1,440,-3,-2936,440,-2936
alpha 0.001,1,441,-4,-2940,441,-2940
alpha 0.001,1,442,-4,-2944,442,-2944
alpha 0.001,1,443,-3,-2947,443,-2947
alpha 0.001,1,444,2,-2945,444,-2945
alpha 0.001,1,445,1,-2944,445,-2944
alpha 0.001,1,446,1,-2943,446,-2943
alpha 0.001,1,447,-1,-2944,447,-2944
alpha 0.001,1,448,-2,-2946,448,-2946
alpha 0.001,1,449,-2,-2948,449,-2948
alpha 0.001,1,450,-3,-2951,450,-2951
alpha 0.001,1,451,-3,-2954,451,-2954
alpha 0.001,1,452,-3,-2957,452,-2957
alpha 0.001,1,453,-3,-2960,453,-2960
alpha 0.001,1,454,-3,-2963,454,-2963
alpha 0.001,1,455,-3,-2966,455,-2966
alpha 0.001,1,456,-3,-2969,456,-2969
alpha 0.001,1,457,-2,-2971,457,-2971
alpha 0.001,1,458,-3,-2974,458,-2974
alpha 0.001,1,459,-3,-2977,459,-2977
alpha 0.001,1,460,-3,-2980,460,-2980
alpha 0.001,1,461,-4,-2984,461,-2984
alpha 0.001,1,462,-5,-2989,462,-2989
alpha 0.001,1,463,-5,-2994,463,-2994
alpha 0.001,1,464,-5,-2999,464,-2999
alpha 0.001,1,465,-5,-3004,465,-3004
alpha 0.001,1,466,-5,-3009,466,-3009
alpha 0.001,1,467,-5,-3014,467,-3014
alpha 0.001,1,468,-5,-3019,468,-3019
alpha 0.001,1,469,-5,-3024,469,-3024
alpha 0.001,1,470,-5,-3029,470,-3029
alpha 0.001,1,471,-5,-3034,471,-3034
alpha 0.001,1,472,-5,-3039,472,-3039
alpha 0.001,1,473,-5,-3044,473,-3044
alpha 0.001,1,474,-5,-3049,474,-3049
alpha 0.001,1,475,-5,-3054,475,-3054
alpha 0.001,1,476,-5,-3059,476,-3059
alpha 0.001,1,477,-5,-3064,477,-3064
alpha 0.001,1,478,-5,-3069,478,-3069
alpha 0.001,1,479,-5,-3074,479,-3074
alpha 0.001,1,480,-5,-3079,480,-3079
alpha 0.001,1,481,-5,-3084,481,-3084
alpha 0.001,1,482,-5,-3089,482,-3089
alpha 0.001,1,483,-5,-3094,483,-3094
alpha 0.001,1,484,-5,-3099,484,-3099
alpha 0.001,1,485,-5,-3104,485,-3104
alpha 0.001,1,486,-5,-3109,486,-3109
alpha 0.001,1,487,-5,-3114,487,-3114
alpha 0.001,1,488,-5,-3119,488,-3119
alpha 0.001,1,489,-5,-3124,489,-3124
alpha 0.001,1,490,-7,-3131,490,-3131
alpha 0.001,1,491,-7,-3138,491,-3138
alpha 0.001,1,492,-7,-3145,492,-3145
alpha 0.001,1,493,-7,-3152,493,-3152
alpha 0.001,1,494,-7,-3159,494,-3159
alpha 0.001,1,495,-7,-3166,495,-3166
alpha 0.001,1,496,-7,-3173,496,-3173
alpha 0.001,1,497,-7,-3180,497,-3180
alpha 0.001,1,498,-7,-3187,498,-3187
alpha 0.001,1,499,-7,-3194,499,-3194
alpha 0.001,1,500,-7,-3201,500,-3201
alpha 0.001,2,1,2,2,501,-3199
alpha 0.001,2,2,1,3,502,-3198
alpha 0.001,2,3,-2,1,503,-3200
alpha 0.001,2,4,-2,-1,504,-3202
alpha 0.001,2,5,-2,-3,505,-3204
alpha 0.001,2,6,-2,-5,506,-3206
alpha 0.001,2,7,-2,-7,507,-3208
alpha 0.001,2,8,-2,-9,508,-3210
alpha 0.001,2,9,-3,-12,509,-3213
alpha 0.001,2,10,-3,-15,510,-3216
alpha 0.001,2,11,-3,-18,511,-3219
alpha 0.001,2,12,-3,-21,512,-3222
alpha 0.001,2,13,-3,-24,513,-3225
alpha 0.001,2,14,-3,-27,514,-3228
alpha 0.001,2,15,-2,-29,515,-3230
alpha 0.001,2,16,-2,-31,516,-3232
alpha 0.001,2,17,-2,-33,517,-3234
alpha 0.001,2,18,-2,-35,518,-3236
alpha 0.001,2,19,-2,-37,519,-3238
alpha 0.001,2,20,-2,-39,520,-3240
alpha 0.001,2,21,-2,-41,521,-3242
alpha 0.001,2,22,-2,-43,522,-3244
alpha 0.001,2,23,-3,-46,523,-3247
alpha 0.001,2,24,-3,-49,524,-3250
alpha 0.001,2,25,-3,-52,525,-3253
alpha 0.001,2,26,-3,-55,526,-3256
alpha 0.001,2,27,-3,-58,527,-3259
alpha 0.001,2,28,-3,-61,528,-3262
alpha 0.001,2,29,-3,-64,529,-3265
alpha 0.001,2,30,-3,-67,530,-3268
alpha 0.001,2,31,-3,-70,531,-3271
alpha 0.001,2,32,-4,-74,532,-3275
alpha 0.001,2,33,-4,-78,533,-3279
alpha 0.001,2,34,-3,-81,534,-3282
alpha 0.001,2,35,-4,-85,535,-3286
alpha 0.001,2,36,-4,-89,536,-3290
alpha 0.001,2,37,-4,-93,537,-3294
alpha 0.001,2,38,-4,-97,538,-3298
alpha 0.001,2,39,-4,-101,539,-3302
alpha 0.001,2,40,-4,-105,540,-3306
alpha 0.001,2,41,-5,-110,541,-3311
alpha 0.001,2,42,-5,-115,542,-3316
alpha 0.001,2,43,-5,-120,543,-3321
alpha 0.001,2,44,-5,-125,544,-3326
alpha 0.001,2,45,-5,-130,545,-3331
alpha 0.001,2,46,-5,-135,546,-3336
alpha 0.001,2,47,-5,-140,547,-3341
alpha 0.001,2,48,-5,-145,548,-3346
alpha 0.001,2,49,-5,-150,549,-3351
alpha 0.001,2,50,-5,-155,550,-3356
alpha 0.001,2,51,-5,-160,551,-3361
alpha 0.001,2,52,-5,-165,552,-3366
alpha 0.001,2,53,-5,-170,553,-3371
alpha 0.001,2,54,-5,-175,554,-3376
alpha 0.001,2,55,-5,-180,555,-3381
alpha 0.001,2,56,-5,-185,556,-3386
alpha 0.001,2,57,-4,-189,557,-3390
alpha 0.001,2,58,-4,-193,558,-3394
alpha 0.001,2,59,-4,-197,559,-3398
alpha 0.001,2,60,-4,-201,560,-3402
alpha 0.001,2,61,-4,-205,561,-3406
alpha 0.001,2,62,-4,-209,562,-3410
alpha 0.001,2,63,-4,-213,563,-3414
alpha 0.001,2,64,-4,-217,564,-3418
alpha 0.001,2,65,-4,-221,565,-3422
alpha 0.001,2,66,-4,-225,566,-3426
alpha 0.001,2,67,-4,-229,567,-3430
alpha 0.001,2,68,-4,-233,568,-3434
alpha 0.001,2,69,-4,-237,569,-3438
alpha 0.001,2,70,-4,-241,570,-3442
alpha 0.001,2,71,-4,-245,571,-3446
alpha 0.001,2,72,-4,-249,572,-3450
alpha 0.001,2,73,-4,-253,573,-3454
alpha 0.001,2,74,-4,-257,574,-3458
alpha 0.001,2,75,-4,-261,575,-3462
alpha 0.001,2,76,-4,-265,576,-3466
alpha 0.001,2,77,-4,-269,577,-3470
alpha 0.001,2,78,-4,-273,578,-3474
alpha 0.001,2,79,-4,-277,579,-3478
alpha 0.001,2,80,-4,-281,580,-3482
alpha 0.001,2,81,-4,-285,581,-3486
alpha 0.001,2,82,-4,-289,582,-3490
alpha 0.001,2,83,-4,-293,583,-3494
alpha 0.001,2,84,-4,-297,584,-3498
alpha 0.001,2,85,-4,-301,585,-3502
alpha 0.001,2,86,-4,-305,586,-3506
alpha 0.001,2,87,-4,-309,587,-3510
alpha 0.001,2,88,-4,-313,588,-3514
alpha 0.001,2,89,-4,-317,589,-3518
alpha 0.001,2,90,-4,-321,590,-3522
alpha 0.001,2,91,-5,-326,591,-3527
alpha 0.001,2,92,-4,-330,592,-3531
alpha 0.001,2,93,-3,-333,593,-3534
alpha 0.001,2,94,-3,-336,594,-3537
alpha 0.001,2,95,-3,-339,595,-3540
alpha 0.001,2,96,-3,-342,596,-3543
alpha 0.001,2,97,-3,-345,597,-3546
alpha 0.001,2,98,-2,-347,598,-3548
alpha 0.001,2,99,-2,-349,599,-3550
alpha 0.001,2,100,-2,-351,600,-3552
alpha 0.001,2,101,-2,-353,601,-3554
alpha 0.001,2,102,-2,-355,602,-3556
alpha 0.001,2,103,-2,-357,603,-3558
alpha 0.001,2,104,-2,-359,604,-3560
alpha 0.001,2,105,-2,-361,605,-3562
alpha 0.001,2,106,-2,-363,606,-3564
alpha 0.001,2,107,-2,-365,607,-3566
alpha 0.001,2,108,-2,-367,608,-3568
alpha 0.001,2,109,-2,-369,609,-3570
alpha 0.001,2,110,-2,-371,610,-3572
alpha 0.001,2,111,-2,-373,611,-3574
alpha 0.001,2,112,-2,-375,612,-3576
alpha 0.001,2,113,-2,-377,613,-3578
alpha 0.001,2,114,-2,-379,614,-3580
alpha 0.001,2,115,-2,-381,615,-3582
alpha 0.001,2,116,-2,-383,616,-3584
alpha 0.001,2,117,-2,-385,617,-3586
alpha 0.001,2,118,-2,-387,618,-3588
alpha 0.001,2,119,-2,-389,619,-3590
alpha 0.001,2,120,-1,-390,620,-3591
alpha 0.001,2,121,-1,-391,621,-3592
alpha 0.001,2,122,-1,-392,622,-3593
alpha 0.001,2,123,-2,-394,623,-3595
alpha 0.001,2,124,-2,-396,624,-3597
alpha 0.001,2,125,-2,-398,625,-3599
alpha 0.001,2,126,-2,-400,626,-3601
alpha 0.001,2,127,-2,-402,627,-3603
alpha 0.001,2,128,-2,-404,628,-3605
alpha 0.001,2,129,-2,-406,629,-3607
alpha 0.001,2,130,-2,-408,630,-3609
alpha 0.001,2,131,-2,-410,631,-3611
alpha 0.001,2,132,-2,-412,632,-3613
alpha 0.001,2,133,-2,-414,633,-3615
alpha 0.001,2,134,-2,-416,634,-3617
alpha 0.001,2,135,-2,-418,635,-3619
alpha 0.001,2,136,-2,-420,636,-3621
alpha 0.001,2,137,-2,-422,637,-3623
alpha 0.001,2,138,-3,-425,638,-3626
alpha 0.001,2,139,-3,-428,639,-3629
alpha 0.001,2,140,-3,-431,640,-3632
alpha 0.001,2,141,-3,-434,641,-3635
alpha 0.001,2,142,-3,-437,642,-3638
alpha 0.001,2,143,-3,-440,643,-3641
alpha 0.001,2,144,-3,-443,644,-3644
alpha 0.001,2,145,-3,-446,645,-3647
alpha 0.001,2,146,-3,-449,646,-3650
alpha 0.001,2,147,-3,-452,647,-3653
alpha 0.001,2,148,-3,-455,648,-3656
alpha 0.001,2,149,-3,-458,649,-3659
alpha 0.001,2,150,-3,-461,650,-3662
alpha 0.001,2,151,-2,-463,651,-3664
alpha 0.001,2,152,-2,-465,652,-3666
alpha 0.001,2,153,-2,-467,653,-3668
alpha 0.001,2,154,-3,-470,654,-3671
alpha 0.001,2,155,-3,-473,655,-3674
alpha 0.001,2,156,-3,-476,656,-3677
alpha 0.001,2,157,-3,-479,657,-3680
alpha 0.001,2,158,-3,-482,658,-3683
alpha 0.001,2,159,-3,-485,659,-3686
alpha 0.001,2,160,-3,-488,660,-3689
alpha 0.001,2,161,-3,-491,661,-3692
alpha 0.001,2,162,-3,-494,662,-3695
alpha 0.001,2,163,-3,-497,663,-3698
alpha 0.001,2,164,-3,-500,664,-3701
alpha 0.001,2,165,-3,-503,665,-3704
alpha 0.001,2,166,-3,-506,666,-3707
alpha 0.001,2,167,-3,-509,667,-3710
alpha 0.001,2,168,-3,-512,668,-3713
alpha 0.001,2,169,-2,-514,669,-3715
alpha 0.001,2,170,-2,-516,670,-3717
alpha 0.001,2,171,-2,-518,671,-3719
alpha 0.001,2,172,-2,-520,672,-3721
alpha 0.001,2,173,-3,-523,673,-3724
alpha 0.001,2,174,-3,-526,674,-3727
alpha 0.001,2,175,-2,-528,675,-3729
alpha 0.001,2,176,-2,-530,676,-3731
alpha 0.001,2,177,-2,-532,677,-3733
alpha 0.001,2,178,-2,-534,678,-3735
alpha 0.001,2,179,-2,-536,679,-3737
alpha 0.001,2,180,-2,-538,680,-3739
alpha 0.001,2,181,-1,-539,681,-3740
alpha 0.001,2,182,-1,-540,682,-3741
alpha 0.001,2,183,-1,-541,683,-3742
alpha 0.001,2,184,-1,-542,684,-3743
alpha 0.001,2,185,-1,-543,685,-3744
alpha 0.001,2,186,-1,-544,686,-3745
alpha 0.001,2,187,-1,-545,687,-3746
alpha 0.001,2,188,-1,-546,688,-3747
alpha 0.001,2,189,1,-545,689,-3746
alpha 0.001,2,190,1,-544,690,-3745
alpha 0.001,2,191,1,-543,691,-3744
alpha 0.001,2,192,-1,-544,692,-3745
alpha 0.001,2,193,-1,-545,693,-3746
alpha 0.001,2,194,1,-544,694,-3745
alpha 0.001,2,195,4,-540,695,-3741
alpha 0.001,2,196,2,-538,696,-3739
alpha 0.001,2,197,-1,-539,697,-3740
alpha 0.001,2,198,-2,-541,698,-3742
alpha 0.001,2,199,-3,-544,699,-3745
alpha 0.001,2,200,1,-543,700,-3744
alpha 0.001,2,201,1,-542,701,-3743
alpha 0.001,2,202,1,-541,702,-3742
alpha 0.001,2,203,1,-540,703,-3741
alpha 0.001,2,204,1,-539,704,-3740
alpha 0.001,2,205,1,-538,705,-3739
alpha 0.001,2,206,1,-537,706,-3738
alpha 0.001,2,207,1,-536,707,-3737
alpha 0.001,2,208,1,-535,708,-3736
alpha 0.001,2,209,1,-534,709,-3735
alpha 0.001,2,210,1,-533,710,-3734
alpha 0.001,2,211,-2,-535,711,-3736
alpha 0.001,2,212,-2,-537,712,-3738
alpha 0.001,2,213,-2,-539,713,-3740
alpha 0.001,2,214,-2,-541,714,-3742
alpha 0.001,2,215,-2,-543,715,-3744
alpha 0.001,2,216,-2,-545,716,-3746
alpha 0.001,2,217,-2,-547,717,-3748
alpha 0.001,2,218,-2,-549,718,-3750
alpha 0.001,2,219,-2,-551,719,-3752
alpha 0.001,2,220,-2,-553,720,-3754
alpha 0.001,2,221,1,-552,721,-3753
alpha 0.001,2,222,1,-551,722,-3752
alpha 0.001,2,223,1,-550,723,-3751
alpha 0.001,2,224,1,-549,724,-3750
alpha 0.001,2,225,1,-548,725,-3749
alpha 0.001,2,226,1,-547,726,-3748
alpha 0.001,2,227,1,-546,727,-3747
alpha 0.001,2,228,1,-545,728,-3746
alpha 0.001,2,229,1,-544,729,-3745
alpha 0.001,2,230,1,-543,730,-3744
alpha 0.001,2,231,1,-542,731,-3743
alpha 0.001,2,232,-2,-544,732,-3745
alpha 0.001,2,233,-2,-546,733,-3747
alpha 0.001,2,234,-2,-548,734,-3749
alpha 0.001,2,235,-2,-550,735,-3751
alpha 0.001,2,236,-2,-552,736,-3753
alpha 0.001,2,237,-2,-554,737,-3755
alpha 0.001,2,238,-2,-556,738,-3757
alpha 0.001,2,239,-2,-558,739,-3759
alpha 0.001,2,240,-2,-560,740,-3761
alpha 0.001,2,241,-2,-562,741,-3763
alpha 0.001,2,242,-2,-564,742,-3765
alpha 0.001,2,243,-2,-566,743,-3767
alpha 0.001,2,244,-2,-568,744,-3769
alpha 0.001,2,245,-2,-570,745,-3771
alpha 0.001,2,246,-2,-572,746,-3773
alpha 0.001,2,247,-2,-574,747,-3775
alpha 0.001,2,248,-2,-576,748,-3777
alpha 0.001,2,249,-2,-578,749,-3779
alpha 0.001,2,250,-2,-580,750,-3781
alpha 0.001,2,251,-2,-582,751,-3783
alpha 0.001,2,252,-2,-584,752,-3785
alpha 0.001,2,253,-2,-586,753,-3787
alpha 0.001,2,254,-2,-588,754,-3789
alpha 0.001,2,255,-2,-590,755,-3791
alpha 0.001,2,256,-2,-592,756,-3793
alpha 0.001,2,257,-2,-594,757,-3795
alpha 0.001,2,258,-2,-596,758,-3797
alpha 0.001,2,259,-2,-598,759,-3799
alpha 0.001,2,260,-2,-600,760,-3801
alpha 0.001,2,261,-2,-602,761,-3803
alpha 0.001,2,262,-2,-604,762,-3805
alpha 0.001,2,263,-2,-606,763,-3807
alpha 0.001,2,264,-2,-608,764,-3809
alpha 0.001,2,265,-2,-610,765,-3811
alpha 0.001,2,266,-2,-612,766,-3813
alpha 0.001,2,267,-2,-614,767,-3815
alpha 0.001,2,268,-2,-616,768,-3817
alpha 0.001,2,269,-2,-618,769,-3819
alpha 0.001,2,270,-2,-620,770,-3821
alpha 0.001,2,271,-2,-622,771,-3823
alpha 0.001,2,272,-2,-624,772,-3825
alpha 0.001,2,273,-2,-626,773,-3827
alpha 0.001,2,274,-2,-628,774,-3829
alpha 0.001,2,275,-2,-630,775,-3831
alpha 0.001,2,276,-2,-632,776,-3833
alpha 0.001,2,277,-3,-635,777,-3836
alpha 0.001,2,278,-3,-638,778,-3839
alpha 0.001,2,279,-3,-641,779,-3842
alpha 0.001,2,280,-3,-644,780,-3845
alpha 0.001,2,281,-3,-647,781,-3848
alpha 0.001,2,282,-3,-650,782,-3851
alpha 0.001,2,283,-3,-653,783,-3854
alpha 0.001,2,284,-3,-656,784,-3857
alpha 0.001,2,285,-2,-658,785,-3859
alpha 0.001,2,286,-2,-660,786,-3861
alpha 0.001,2,287,-2,-662,787,-3863
alpha 0.001,2,288,-2,-664,788,-3865
alpha 0.001,2,289,-2,-666,789,-3867
alpha 0.001,2,290,-2,-668,790,-3869
alpha 0.001,2,291,-2,-670,791,-3871
alpha 0.001,2,292,-2,-672,792,-3873
alpha 0.001,2,293,-2,-674,793,-3875
alpha 0.001,2,294,-3,-677,794,-3878
alpha 0.001,2,295,-3,-680,795,-3881
alpha 0.001,2,296,-3,-683,796,-3884
alpha 0.001,2,297,-3,-686,797,-3887
alpha 0.001,2,298,-3,-689,798,-3890
alpha 0.001,2,299,-3,-692,799,-3893
alpha 0.001,2,300,-3,-695,800,-3896
alpha 0.001,2,301,-3,-698,801,-3899
alpha 0.001,2,302,-3,-701,802,-3902
alpha 0.001,2,303,-3,-704,803,-3905
alpha 0.001,2,304,-3,-707,804,-3908
alpha 0.001,2,305,-3,-710,805,-3911
alpha 0.001,2,306,-3,-713,806,-3914
alpha 0.001,2,307,-3,-716,807,-3917
alpha 0.001,2,308,-3,-719,808,-3920
alpha 0.001,2,309,-3,-722,809,-3923
alpha 0.001,2,310,-3,-725,810,-3926
alpha 0.001,2,311,-3,-728,811,-3929
alpha 0.001,2,312,-3,-731,812,-3932
alpha 0.001,2,313,-3,-734,813,-3935
alpha 0.001,2,314,-3,-737,814,-3938
alpha 0.001,2,315,-3,-740,815,-3941
alpha 0.001,2,316,-3,-743,816,-3944
alpha 0.001,2,317,-3,-746,817,-3947
alpha 0.001,2,318,-3,-749,818,-3950
alpha 0.001,2,319,-3,-752,819,-3953
alpha 0.001,2,320,-3,-755,820,-3956
alpha 0.001,2,321,-3,-758,821,-3959
alpha 0.001,2,322,-3,-761,822,-3962
alpha 0.001,2,323,-2,-763,823,-3964
alpha 0.001,2,324,-2,-765,824,-3966
alpha 0.001,2,325,-3,-768,825,-3969
alpha 0.001,2,326,-3,-771,826,-3972
alpha 0.001,2,327,-3,-774,827,-3975
alpha 0.001,2,328,-3,-777,828,-3978
alpha 0.001,2,329,-3,-780,829,-3981
alpha 0.001,2,330,-3,-783,830,-3984
alpha 0.001,2,331,-3,-786,831,-3987
alpha 0.001,2,332,-2,-788,832,-3989
alpha 0.001,2,333,-2,-790,833,-3991
alpha 0.001,2,334,-2,-792,834,-3993
alpha 0.001,2,335,-2,-794,835,-3995
alpha 0.001,2,336,-2,-796,836,-3997
alpha 0.001,2,337,-2,-798,837,-3999
alpha 0.001,2,338,-2,-800,838,-4001
alpha 0.001,2,339,-2,-802,839,-4003
alpha 0.001,2,340,-2,-804,840,-4005
alpha 0.001,2,341,-2,-806,841,-4007
alpha 0.001,2,342,-2,-808,842,-4009
alpha 0.001,2,343,-2,-810,843,-4011
alpha 0.001,2,344,-2,-812,844,-4013
alpha 0.001,2,345,-2,-814,845,-4015
alpha 0.001,2,346,-2,-816,846,-4017
alpha 0.001,2,347,-2,-818,847,-4019
alpha 0.001,2,348,-2,-820,848,-4021
alpha 0.001,2,349,-2,-822,849,-4023
alpha 0.001,2,350,-2,-824,850,-4025
alpha 0.001,2,351,-2,-826,851,-4027
alpha 0.001,2,352,-2,-828,852,-4029
alpha 0.001,2,353,-2,-830,853,-4031
alpha 0.001,2,354,-2,-832,854,-4033
alpha 0.001,2,355,-2,-834,855,-4035
alpha 0.001,2,356,-2,-836,856,-4037
alpha 0.001,2,357,-2,-838,857,-4039
alpha 0.001,2,358,-2,-840,858,-4041
alpha 0.001,2,359,-2,-842,859,-4043
alpha 0.001,2,360,-2,-844,860,-4045
alpha 0.001,2,361,-2,-846,861,-4047
alpha 0.001,2,362,-2,-848,862,-4049
alpha 0.001,2,363,-2,-850,863,-4051
alpha 0.001,2,364,-2,-852,864,-4053
alpha 0.001,2,365,-2,-854,865,-4055
alpha 0.001,2,366,-2,-856,866,-4057
alpha 0.001,2,367,-2,-858,867,-4059
alpha 0.001,2,368,-2,-860,868,-4061
alpha 0.001,2,369,-2,-862,869,-4063
alpha 0.001,2,370,-2,-864,870,-4065
alpha 0.001,2,371,-2,-866,871,-4067
alpha 0.001,2,372,-2,-868,872,-4069
alpha 0.001,2,373,-2,-870,873,-4071
alpha 0.001,2,374,-3,-873,874,-4074
alpha 0.001,2,375,-3,-876,875,-4077
alpha 0.001,2,376,-3,-879,876,-4080
alpha 0.001,2,377,-3,-882,877,-4083
alpha 0.001,2,378,-3,-885,878,-4086
alpha 0.001,2,379,-3,-888,879,-4089
alpha 0.001,2,380,-3,-891,880,-4092
alpha 0.001,2,381,-3,-894,881,-4095
alpha 0.001,2,382,-3,-897,882,-4098
alpha 0.001,2,383,-3,-900,883,-4101
alpha 0.001,2,384,-3,-903,884,-4104
alpha 0.001,2,385,-3,-906,885,-4107
alpha 0.001,2,386,-3,-909,886,-4110
alpha 0.001,2,387,-3,-912,887,-4113
alpha 0.001,2,388,-3,-915,888,-4116
alpha 0.001,2,389,-3,-918,889,-4119
alpha 0.001,2,390,-3,-921,890,-4122
alpha 0.001,2,391,-3,-924,891,-4125
alpha 0.001,2,392,-3,-927,892,-4128
alpha 0.001,2,393,-3,-930,893,-4131
alpha 0.001,2,394,-3,-933,894,-4134
alpha 0.001,2,395,-3,-936,895,-4137
alpha 0.001,2,396,-3,-939,896,-4140
alpha 0.001,2,397,-3,-942,897,-4143
alpha 0.001,2,398,-3,-945,898,-4146
alpha 0.001,2,399,-3,-948,899,-4149
alpha 0.001,2,400,-3,-951,900,-4152
alpha 0.001,2,401,-3,-954,901,-4155
alpha 0.001,2,402,-3,-957,902,-4158
alpha 0.001,2,403,-3,-960,903,-4161
alpha 0.001,2,404,-3,-963,904,-4164
alpha 0.001,2,405,-3,-966,905,-4167
alpha 0.001,2,406,-3,-969,906,-4170
alpha 0.001,2,407,-3,-972,907,-4173
alpha 0.001,2,408,-3,-975,908,-4176
alpha 0.001,2,409,-3,-978,909,-4179
alpha 0.001,2,410,-3,-981,910,-4182
alpha 0.001,2,411,-3,-984,911,-4185
alpha 0.001,2,412,-3,-987,912,-4188
alpha 0.001,2,413,-3,-990,913,-4191
alpha 0.001,2,414,-3,-993,914,-4194
alpha 0.001,2,415,-3,-996,915,-4197
alpha 0.001,2,416,-3,-999,916,-4200
alpha 0.001,2,417,-3,-1002,917,-4203
alpha 0.001,2,418,-3,-1005,918,-4206
alpha 0.001,2,419,-3,-1008,919,-4209
alpha 0.001,2,420,-3,-1011,920,-4212
alpha 0.001,2,421,-3,-1014,921,-4215
alpha 0.001,2,422,-2,-1016,922,-4217
alpha 0.001,2,423,-2,-1018,923,-4219
alpha 0.001,2,424,-2,-1020,924,-4221
alpha 0.001,2,425,-2,-1022,925,-4223
alpha 0.001,2,426,-2,-1024,926,-4225
alpha 0.001,2,427,-2,-1026,927,-4227
alpha 0.001,2,428,-2,-1028,928,-4229
alpha 0.001,2,429,-2,-1030,929,-4231
alpha 0.001,2,430,-2,-1032,930,-4233
alpha 0.001,2,431,-2,-1034,931,-4235
alpha 0.001,2,432,-2,-1036,932,-4237
alpha 0.001,2,433,-2,-1038,933,-4239
alpha 0.001,2,434,-2,-1040,934,-4241
alpha 0.001,2,435,-2,-1042,935,-4243
alpha 0.001,2,436,-2,-1044,936,-4245
alpha 0.001,2,437,-2,-1046,937,-4247
alpha 0.001,2,438,1,-1045,938,-4246
alpha 0.001,2,439,1,-1044,939,-4245
alpha 0.001,2,440,1,-1043,940,-4244
alpha 0.001,2,441,2,-1041,941,-4242
alpha 0.001,2,442,2,-1039,942,-4240
alpha 0.001,2,443,1,-1038,943,-4239
alpha 0.001,2,444,1,-1037,944,-4238
alpha 0.001,2,445,-2,-1039,945,-4240
alpha 0.001,2,446,-2,-1041,946,-4242
alpha 0.001,2,447,-2,-1043,947,-4244
alpha 0.001,2,448,-1,-1044,948,-4245
alpha 0.001,2,449,1,-1043,949,-4244
alpha 0.001,2,450,1,-1042,950,-4243
alpha 0.001,2,451,1,-1041,951,-4242
alpha 0.001,2,452,-2,-1043,952,-4244
alpha 0.001,2,453,-2,-1045,953,-4246
alpha 0.001,2,454,-2,-1047,954,-4248
alpha 0.001,2,455,-2,-1049,955,-4250
alpha 0.001,2,456,-1,-1050,956,-4251
alpha 0.001,2,457,-1,-1051,957,-4252
alpha 0.001,2,458,-1,-1052,958,-4253
alpha 0.001,2,459,-1,-1053,959,-4254
alpha 0.001,2,460,-1,-1054,960,-4255
alpha 0.001,2,461,-1,-1055,961,-4256
alpha 0.001,2,462,1,-1054,962,-4255
alpha 0.001,2,463,1,-1053,963,-4254
alpha 0.001,2,464,1,-1052,964,-4253
alpha 0.001,2,465,1,-1051,965,-4252
alpha 0.001,2,466,1,-1050,966,-4251
alpha 0.001,2,467,1,-1049,967,-4250
alpha 0.001,2,468,1,-1048,968,-4249
alpha 0.001,2,469,1,-1047,969,-4248
alpha 0.001,2,470,1,-1046,970,-4247
alpha 0.001,2,471,1,-1045,971,-4246
alpha 0.001,2,472,1,-1044,972,-4245
alpha 0.001,2,473,2,-1042,973,-4243
alpha 0.001,2,474,2,-1040,974,-4241
alpha 0.001,2,475,2,-1038,975,-4239
alpha 0.001,2,476,2,-1036,976,-4237
alpha 0.001,2,477,2,-1034,977,-4235
alpha 0.001,2,478,2,-1032,978,-4233
alpha 0.001,2,479,1,-1031,979,-4232
alpha 0.001,2,480,-2,-1033,980,-4234
alpha 0.001,2,481,-2,-1035,981,-4236
alpha 0.001,2,482,-3,-1038,982,-4239
alpha 0.001,2,483,-3,-1041,983,-4242
alpha 0.001,2,484,-5,-1046,984,-4247
alpha 0.001,2,485,-5,-1051,985,-4252
alpha 0.001,2,486,-5,-1056,986,-4257
alpha 0.001,2,487,-5,-1061,987,-4262
alpha 0.001,2,488,-3,-1064,988,-4265
alpha 0.001,2,489,-5,-1069,989,-4270
alpha 0.001,2,490,-5,-1074,990,-4275
alpha 0.001,2,491,-5,-1079,991,-4280
alpha 0.001,2,492,-3,-1082,992,-4283
alpha 0.001,2,493,-3,-1085,993,-4286
alpha 0.001,2,494,-3,-1088,994,-4289
alpha 0.001,2,495,-3,-1091,995,-4292
alpha 0.001,2,496,-3,-1094,996,-4295
alpha 0.001,2,497,-3,-1097,997,-4298
alpha 0.001,2,498,-3,-1100,998,-4301
alpha 0.001,2,499,-5,-1105,999,-4306
alpha 0.001,2,500,-5,-1110,1000,-4311
alpha 0.001,3,1,4,4,1001,-4307
alpha 0.001,3,2,2,6,1002,-4305
alpha 0.001,3,3,1,7,1003,-4304
alpha 0.001,3,4,-1,6,1004,-4305
alpha 0.001,3,5,-2,4,1005,-4307
alpha 0.001,3,6,-2,2,1006,-4309
alpha 0.001,3,7,-2,0,1007,-4311
alpha 0.001,3,8,-3,-3,1008,-4314
alpha 0.001,3,9,-3,-6,1009,-4317
alpha 0.001,3,10,-2,-8,1010,-4319
alpha 0.001,3,11,-2,-10,1011,-4321
alpha 0.001,3,12,-2,-12,1012,-4323
alpha 0.001,3,13,-2,-14,1013,-4325
alpha 0.001,3,14,-2,-16,1014,-4327
alpha 0.001,3,15,-2,-18,1015,-4329
alpha 0.001,3,16,-2,-20,1016,-4331
alpha 0.001,3,17,-2,-22,1017,-4333
alpha 0.001,3,18,-2,-24,1018,-4335
alpha 0.001,3,19,-2,-26,1019,-4337
alpha 0.001,3,20,-2,-28,1020,-4339
alpha 0.001,3,21,-2,-30,1021,-4341
alpha 0.001,3,22,-2,-32,1022,-4343
alpha 0.001,3,23,-2,-34,1023,-4345
alpha 0.001,3,24,-3,-37,1024,-4348
alpha 0.001,3,25,-3,-40,1025,-4351
alpha 0.001,3,26,-3,-43,1026,-4354
alpha 0.001,3,27,-3,-46,1027,-4357
alpha 0.001,3,28,-3,-49,1028,-4360
alpha 0.001,3,29,-3,-52,1029,-4363
alpha 0.001,3,30,-3,-55,1030,-4366
alpha 0.001,3,31,-3,-58,1031,-4369
alpha 0.001,3,32,-3,-61,1032,-4372
alpha 0.001,3,33,-3,-64,1033,-4375
alpha 0.001,3,34,-3,-67,1034,-4378
alpha 0.001,3,35,-3,-70,1035,-4381
alpha 0.001,3,36,-3,-73,1036,-4384
alpha 0.001,3,37,-3,-76,1037,-4387
alpha 0.001,3,38,-3,-79,1038,-4390
alpha 0.001,3,39,-3,-82,1039,-4393
alpha 0.001,3,40,-3,-85,1040,-4396
alpha 0.001,3,41,-3,-88,1041,-4399
alpha 0.001,3,42,-3,-91,1042,-4402
alpha 0.001,3,43,-3,-94,1043,-4405
alpha 0.001,3,44,-3,-97,1044,-4408
alpha 0.001,3,45,-3,-100,1045,-4411
alpha 0.001,3,46,-3,-103,1046,-4414
alpha 0.001,3,47,-3,-106,1047,-4417
alpha 0.001,3,48,-3,-109,1048,-4420
alpha 0.001,3,49,-3,-112,1049,-4423
alpha 0.001,3,50,-3,-115,1050,-4426
alpha 0.001,3,51,-3,-118,1051,-4429
alpha 0.001,3,52,-3,-121,1052,-4432
alpha 0.001,3,53,-3,-124,1053,-4435
alpha 0.001,3,54,-3,-127,1054,-4438
alpha 0.001,3,55,-3,-130,1055,-4441
alpha 0.001,3,56,-3,-133,1056,-4444
alpha 0.001,3,57,-3,-136,1057,-4447
alpha 0.001,3,58,-3,-139,1058,-4450
alpha 0.001,3,59,-3,-142,1059,-4453
alpha 0.001,3,60,-3,-145,1060,-4456
alpha 0.001,3,61,-3,-148,1061,-4459
alpha 0.001,3,62,-3,-151,1062,-4462
alpha 0.001,3,63,-3,-154,1063,-4465
alpha 0.001,3,64,-3,-157,1064,-4468
alpha 0.001,3,65,-3,-160,1065,-4471
alpha 0.001,3,66,-3,-163,1066,-4474
alpha 0.001,3,67,-3,-166,1067,-4477
alpha 0.001,3,68,-3,-169,1068,-4480
alpha 0.001,3,69,-3,-172,1069,-4483
alpha 0.001,3,70,-3,-175,1070,-4486
alpha 0.001,3,71,-3,-178,1071,-4489
alpha 0.001,3,72,-3,-181,1072,-4492
alpha 0.001,3,73,-3,-184,1073,-4495
alpha 0.001,3,74,-3,-187,1074,-4498
alpha 0.001,3,75,-4,-191,1075,-4502
alpha 0.001,3,76,-4,-195,1076,-4506
alpha 0.001,3,77,-4,-199,1077,-4510
alpha 0.001,3,78,-4,-203,1078,-4514
alpha 0.001,3,79,-4,-207,1079,-4518
alpha 0.001,3,80,-4,-211,1080,-4522
alpha 0.001,3,81,-4,-215,1081,-4526
alpha 0.001,3,82,-4,-219,1082,-4530
alpha 0.001,3,83,-4,-223,1083,-4534
alpha 0.001,3,84,-4,-227,1084,-4538
alpha 0.001,3,85,-4,-231,1085,-4542
alpha 0.001,3,86,-5,-236,1086,-4547
alpha 0.001,3,87,-5,-241,1087,-4552
alpha 0.001,3,88,-4,-245,1088,-4556
alpha 0.001,3,89,-4,-249,1089,-4560
alpha 0.001,3,90,-4,-253,1090,-4564
alpha 0.001,3,91,-4,-257,1091,-4568
alpha 0.001,3,92,-4,-261,1092,-4572
alpha 0.001,3,93,-4,-265,1093,-4576
alpha 0.001,3,94,-4,-269,1094,-4580
alpha 0.001,3,95,-4,-273,1095,-4584
alpha 0.001,3,96,-4,-277,1096,-4588
alpha 0.001,3,97,-4,-281,1097,-4592
alpha 0.001,3,98,-4,-285,1098,-4596
alpha 0.001,3,99,-4,-289,1099,-4600
alpha 0.001,3,100,-4,-293,1100,-4604
alpha 0.001,3,101,-4,-297,1101,-4608
alpha 0.001,3,102,-2,-299,1102,-4610
alpha 0.001,3,103,-2,-301,1103,-4612
alpha 0.001,3,104,-2,-303,1104,-4614
alpha 0.001,3,105,-3,-306,1105,-4617
alpha 0.001,3,106,-3,-309,1106,-4620
alpha 0.001,3,107,-3,-312,1107,-4623
alpha 0.001,3,108,-3,-315,1108,-4626
alpha 0.001,3,109,-3,-318,1109,-4629
alpha 0.001,3,110,-2,-320,1110,-4631
alpha 0.001,3,111,-2,-322,1111,-4633
alpha 0.001,3,112,-2,-324,1112,-4635
alpha 0.001,3,113,-2,-326,1113,-4637
alpha 0.001,3,114,-1,-327,1114,-4638
alpha 0.001,3,115,-1,-328,1115,-4639
alpha 0.001,3,116,1,-327,1116,-4638
alpha 0.001,3,117,1,-326,1117,-4637
alpha 0.001,3,118,1,-325,1118,-4636
alpha 0.001,3,119,2,-323,1119,-4634
alpha 0.001,3,120,2,-321,1120,-4632
alpha 0.001,3,121,4,-317,1121,-4628
alpha 0.001,3,122,-2,-319,1122,-4630
alpha 0.001,3,123,-3,-322,1123,-4633
alpha 0.001,3,124,-3,-325,1124,-4636
alpha 0.001,3,125,-3,-328,1125,-4639
alpha 0.001,3,126,-2,-330,1126,-4641
alpha 0.001,3,127,-2,-332,1127,-4643
alpha 0.001,3,128,-2,-334,1128,-4645
alpha 0.001,3,129,-3,-337,1129,-4648
alpha 0.001,3,130,-4,-341,1130,-4652
alpha 0.001,3,131,-6,-347,1131,-4658
alpha 0.001,3,132,-6,-353,1132,-4664
alpha 0.001,3,133,-6,-359,1133,-4670
alpha 0.001,3,134,-6,-365,1134,-4676
alpha 0.001,3,135,-7,-372,1135,-4683
alpha 0.001,3,136,-7,-379,1136,-4690
alpha 0.001,3,137,-7,-386,1137,-4697
alpha 0.001,3,138,-7,-393,1138,-4704
alpha 0.001,3,139,-7,-400,1139,-4711
alpha 0.001,3,140,-7,-407,1140,-4718
alpha 0.001,3,141,-7,-414,1141,-4725
alpha 0.001,3,142,-7,-421,1142,-4732
alpha 0.001,3,143,-7,-428,1143,-4739
alpha 0.001,3,144,-7,-435,1144,-4746
alpha 0.001,3,145,-5,-440,1145,-4751
alpha 0.001,3,146,-5,-445,1146,-4756
alpha 0.001,3,147,-5,-450,1147,-4761
alpha 0.001,3,148,-5,-455,1148,-4766
alpha 0.001,3,149,-5,-460,1149,-4771
alpha 0.001,3,150,-5,-465,1150,-4776
alpha 0.001,3,151,-5,-470,1151,-4781
alpha 0.001,3,152,-5,-475,1152,-4786
alpha 0.001,3,153,-6,-481,1153,-4792
alpha 0.001,3,154,-6,-487,1154,-4798
alpha 0.001,3,155,-6,-493,1155,-4804
alpha 0.001,3,156,-6,-499,1156,-4810
alpha 0.001,3,157,-6,-505,1157,-4816
alpha 0.001,3,158,-6,-511,1158,-4822
alpha 0.001,3,159,-6,-517,1159,-4828
alpha 0.001,3,160,-6,-523,1160,-4834
alpha 0.001,3,161,-6,-529,1161,-4840
alpha 0.001,3,162,-6,-535,1162,-4846
alpha 0.001,3,163,-6,-541,1163,-4852
alpha 0.001,3,164,-6,-547,1164,-4858
alpha 0.001,3,165,-8,-555,1165,-4866
alpha 0.001,3,166,-8,-563,1166,-4874
alpha 0.001,3,167,-8,-571,1167,-4882
alpha 0.001,3,168,-8,-579,1168,-4890
alpha 0.001,3,169,-8,-587,1169,-4898
alpha 0.001,3,170,-6,-593,1170,-4904
alpha 0.001,3,171,-6,-599,1171,-4910
alpha 0.001,3,172,-6,-605,1172,-4916
alpha 0.001,3,173,-6,-611,1173,-4922
alpha 0.001,3,174,-6,-617,1174,-4928
alpha 0.001,3,175,-8,-625,1175,-4936
alpha 0.001,3,176,-8,-633,1176,-4944
alpha 0.001,3,177,-8,-641,1177,-4952
alpha 0.001,3,178,-8,-649,1178,-4960
alpha 0.001,3,179,-8,-657,1179,-4968
alpha 0.001,3,180,-8,-665,1180,-4976
alpha 0.001,3,181,-8,-673,1181,-4984
alpha 0.001,3,182,-8,-681,1182,-4992
alpha 0.001,3,183,-6,-687,1183,-4998
alpha 0.001,3,184,-6,-693,1184,-5004
alpha 0.001,3,185,-6,-699,1185,-5010
alpha 0.001,3,186,-6,-705,1186,-5016
alpha 0.001,3,187,-6,-711,1187,-5022
alpha 0.001,3,188,-6,-717,1188,-5028
alpha 0.001,3,189,-6,-723,1189,-5034
alpha 0.001,3,190,-6,-729,1190,-5040
alpha 0.001,3,191,-5,-734,1191,-5045
alpha 0.001,3,192,-5,-739,1192,-5050
alpha 0.001,3,193,-5,-744,1193,-5055
alpha 0.001,3,194,-5,-749,1194,-5060
alpha 0.001,3,195,-5,-754,1195,-5065
alpha 0.001,3,196,-5,-759,1196,-5070
alpha 0.001,3,197,-5,-764,1197,-5075
alpha 0.001,3,198,-5,-769,1198,-5080
alpha 0.001,3,199,-5,-774,1199,-5085
alpha 0.001,3,200,-5,-779,1200,-5090
alpha 0.001,3,201,-5,-784,1201,-5095
alpha 0.001,3,202,-5,-789,1202,-5100
alpha 0.001,3,203,-4,-793,1203,-5104
alpha 0.001,3,204,-4,-797,1204,-5108
alpha 0.001,3,205,-4,-801,1205,-5112
alpha 0.001,3,206,-4,-805,1206,-5116
alpha 0.001,3,207,-4,-809,1207,-5120
alpha 0.001,3,208,-4,-813,1208,-5124
alpha 0.001,3,209,-3,-816,1209,-5127
alpha 0.001,3,210,-2,-818,1210,-5129
alpha 0.001,3,211,-2,-820,1211,-5131
alpha 0.001,3,212,1,-819,1212,-5130
alpha 0.001,3,213,1,-818,1213,-5129
alpha 0.001,3,214,-2,-820,1214,-5131
alpha 0.001,3,215,-2,-822,1215,-5133
alpha 0.001,3,216,-2,-824,1216,-5135
alpha 0.001,3,217,-2,-826,1217,-5137
alpha 0.001,3,218,-2,-828,1218,-5139
alpha 0.001,3,219,-2,-830,1219,-5141
alpha 0.001,3,220,-2,-832,1220,-5143
alpha 0.001,3,221,-2,-834,1221,-5145
alpha 0.001,3,222,-2,-836,1222,-5147
alpha 0.001,3,223,-2,-838,1223,-5149
alpha 0.001,3,224,-2,-840,1224,-5151
alpha 0.001,3,225,-2,-842,1225,-5153
alpha 0.001,3,226,-2,-844,1226,-5155
alpha 0.001,3,227,-2,-846,1227,-5157
alpha 0.001,3,228,-2,-848,1228,-5159
alpha 0.001,3,229,-2,-850,1229,-5161
alpha 0.001,3,230,-2,-852,1230,-5163
alpha 0.001,3,231,-2,-854,1231,-5165
alpha 0.001,3,232,-3,-857,1232,-5168
alpha 0.001,3,233,-3,-860,1233,-5171
alpha 0.001,3,234,-3,-863,1234,-5174
alpha 0.001,3,235,-3,-866,1235,-5177
alpha 0.001,3,236,-3,-869,1236,-5180
alpha 0.001,3,237,-3,-872,1237,-5183
alpha 0.001,3,238,-3,-875,1238,-5186
alpha 0.001,3,239,-3,-878,1239,-5189
alpha 0.001,3,240,-3,-881,1240,-5192
alpha 0.001,3,241,-3,-884,1241,-5195
alpha 0.001,3,242,-4,-888,1242,-5199
alpha 0.001,3,243,-4,-892,1243,-5203
alpha 0.001,3,244,-4,-896,1244,-5207
alpha 0.001,3,245,-3,-899,1245,-5210
alpha 0.001,3,246,-3,-902,1246,-5213
alpha 0.001,3,247,-5,-907,1247,-5218
alpha 0.001,3,248,-5,-912,1248,-5223
alpha 0.001,3,249,-5,-917,1249,-5228
alpha 0.001,3,250,-5,-922,1250,-5233
alpha 0.001,3,251,-5,-927,1251,-5238
alpha 0.001,3,252,-5,-932,1252,-5243
alpha 0.001,3,253,-5,-937,1253,-5248
alpha 0.001,3,254,-5,-942,1254,-5253
alpha 0.001,3,255,-5,-947,1255,-5258
alpha 0.001,3,256,-5,-952,1256,-5263
alpha 0.001,3,257,-5,-957,1257,-5268
alpha 0.001,3,258,-5,-962,1258,-5273
alpha 0.001,3,259,-5,-967,1259,-5278
alpha 0.001,3,260,-5,-972,1260,-5283
alpha 0.001,3,261,-5,-977,1261,-5288
alpha 0.001,3,262,-5,-982,1262,-5293
alpha 0.001,3,263,-5,-987,1263,-5298
alpha 0.001,3,264,-5,-992,1264,-5303
alpha 0.001,3,265,-5,-997,1265,-5308
alpha 0.001,3,266,-5,-1002,1266,-5313
alpha 0.001,3,267,-5,-1007,1267,-5318
alpha 0.001,3,268,-5,-1012,1268,-5323
alpha 0.001,3,269,-5,-1017,1269,-5328
alpha 0.001,3,270,-5,-1022,1270,-5333
alpha 0.001,3,271,-6,-1028,1271,-5339
alpha 0.001,3,272,-6,-1034,1272,-5345
alpha 0.001,3,273,-6,-1040,1273,-5351
alpha 0.001,3,274,-6,-1046,1274,-5357
alpha 0.001,3,275,-6,-1052,1275,-5363
alpha 0.001,3,276,-6,-1058,1276,-5369
alpha 0.001,3,277,-6,-1064,1277,-5375
alpha 0.001,3,278,-6,-1070,1278,-5381
alpha 0.001,3,279,-6,-1076,1279,-5387
alpha 0.001,3,280,-6,-1082,1280,-5393
alpha 0.001,3,281,-6,-1088,1281,-5399
alpha 0.001,3,282,-6,-1094,1282,-5405
alpha 0.001,3,283,-6,-1100,1283,-5411
alpha 0.001,3,284,-6,-1106,1284,-5417
alpha 0.001,3,285,-6,-1112,1285,-5423
alpha 0.001,3,286,-6,-1118,1286,-5429
alpha 0.001,3,287,-6,-1124,1287,-5435
alpha 0.001,3,288,-6,-1130,1288,-5441
alpha 0.001,3,289,-6,-1136,1289,-5447
alpha 0.001,3,290,-6,-1142,1290,-5453
alpha 0.001,3,291,-4,-1146,1291,-5457
alpha 0.001,3,292,-4,-1150,1292,-5461
alpha 0.001,3,293,-4,-1154,1293,-5465
alpha 0.001,3,294,-4,-1158,1294,-5469
alpha 0.001,3,295,-4,-1162,1295,-5473
alpha 0.001,3,296,-4,-1166,1296,-5477
alpha 0.001,3,297,-4,-1170,1297,-5481
alpha 0.001,3,298,-4,-1174,1298,-5485
alpha 0.001,3,299,-4,-1178,1299,-5489
alpha 0.001,3,300,-3,-1181,1300,-5492
alpha 0.001,3,301,-3,-1184,1301,-5495
alpha 0.001,3,302,-3,-1187,1302,-5498
alpha 0.001,3,303,-3,-1190,1303,-5501
alpha 0.001,3,304,-3,-1193,1304,-5504
alpha 0.001,3,305,-3,-1196,1305,-5507
alpha 0.001,3,306,-3,-1199,1306,-5510
alpha 0.001,3,307,-3,-1202,1307,-5513
alpha 0.001,3,308,-3,-1205,1308,-5516
alpha 0.001,3,309,-3,-1208,1309,-5519
alpha 0.001,3,310,-3,-1211,1310,-5522
alpha 0.001,3,311,-2,-1213,1311,-5524
alpha 0.001,3,312,1,-1212,1312,-5523
alpha 0.001,3,313,1,-1211,1313,-5522
alpha 0.001,3,314,1,-1210,1314,-5521
alpha 0.001,3,315,1,-1209,1315,-5520
alpha 0.001,3,316,1,-1208,1316,-5519
alpha 0.001,3,317,1,-1207,1317,-5518
alpha 0.001,3,318,1,-1206,1318,-5517
alpha 0.001,3,319,-1,-1207,1319,-5518
alpha 0.001,3,320,-2,-1209,1320,-5520
alpha 0.001,3,321,-2,-1211,1321,-5522
alpha 0.001,3,322,-2,-1213,1322,-5524
alpha 0.001,3,323,-2,-1215,1323,-5526
alpha 0.001,3,324,-3,-1218,1324,-5529
alpha 0.001,3,325,-3,-1221,1325,-5532
alpha 0.001,3,326,-4,-1225,1326,-5536
alpha 0.001,3,327,-4,-1229,1327,-5540
alpha 0.001,3,328,-4,-1233,1328,-5544
alpha 0.001,3,329,-4,-1237,1329,-5548
alpha 0.001,3,330,-4,-1241,1330,-5552
alpha 0.001,3,331,-4,-1245,1331,-5556
alpha 0.001,3,332,-4,-1249,1332,-5560
alpha 0.001,3,333,-4,-1253,1333,-5564
alpha 0.001,3,334,-4,-1257,1334,-5568
alpha 0.001,3,335,-4,-1261,1335,-5572
alpha 0.001,3,336,-4,-1265,1336,-5576
alpha 0.001,3,337,-4,-1269,1337,-5580
alpha 0.001,3,338,-4,-1273,1338,-5584
alpha 0.001,3,339,-4,-1277,1339,-5588
alpha 0.001,3,340,-5,-1282,1340,-5593
alpha 0.001,3,341,-5,-1287,1341,-5598
alpha 0.001,3,342,-5,-1292,1342,-5603
alpha 0.001,3,343,-5,-1297,1343,-5608
alpha 0.001,3,344,-5,-1302,1344,-5613
alpha 0.001,3,345,-5,-1307,1345,-5618
alpha 0.001,3,346,-5,-1312,1346,-5623
alpha 0.001,3,347,-5,-1317,1347,-5628
alpha 0.001,3,348,-5,-1322,1348,-5633
alpha 0.001,3,349,-5,-1327,1349,-5638
alpha 0.001,3,350,-5,-1332,1350,-5643
alpha 0.001,3,351,-5,-1337,1351,-5648
alpha 0.001,3,352,-5,-1342,1352,-5653
alpha 0.001,3,353,-5,-1347,1353,-5658
alpha 0.001,3,354,-5,-1352,1354,-5663
alpha 0.001,3,355,-5,-1357,1355,-5668
alpha 0.001,3,356,-5,-1362,1356,-5673
alpha 0.001,3,357,-5,-1367,1357,-5678
alpha 0.001,3,358,-5,-1372,1358,-5683
alpha 0.001,3,359,-5,-1377,1359,-5688
alpha 0.001,3,360,-5,-1382,1360,-5693
alpha 0.001,3,361,-5,-1387,1361,-5698
alpha 0.001,3,362,-5,-1392,1362,-5703
alpha 0.001,3,363,-5,-1397,1363,-5708
alpha 0.001,3,364,-5,-1402,1364,-5713
alpha 0.001,3,365,-5,-1407,1365,-5718
alpha 0.001,3,366,-5,-1412,1366,-5723
alpha 0.001,3,367,-5,-1417,1367,-5728
alpha 0.001,3,368,-5,-1422,1368,-5733
alpha 0.001,3,369,-5,-1427,1369,-5738
alpha 0.001,3,370,-5,-1432,1370,-5743
alpha 0.001,3,371,-5,-1437,1371,-5748
alpha 0.001,3,372,-5,-1442,1372,-5753
alpha 0.001,3,373,-5,-1447,1373,-5758
alpha 0.001,3,374,-5,-1452,1374,-5763
alpha 0.001,3,375,-5,-1457,1375,-5768
alpha 0.001,3,376,-5,-1462,1376,-5773
alpha 0.001,3,377,-5,-1467,1377,-5778
alpha 0.001,3,378,-5,-1472,1378,-5783
alpha 0.001,3,379,-5,-1477,1379,-5788
alpha 0.001,3,380,-4,-1481,1380,-5792
alpha 0.001,3,381,-4,-1485,1381,-5796
alpha 0.001,3,382,-4,-1489,1382,-5800
alpha 0.001,3,383,-4,-1493,1383,-5804
alpha 0.001,3,384,-4,-1497,1384,-5808
alpha 0.001,3,385,-4,-1501,1385,-5812
alpha 0.001,3,386,-3,-1504,1386,-5815
alpha 0.001,3,387,-3,-1507,1387,-5818
alpha 0.001,3,388,-3,-1510,1388,-5821
alpha 0.001,3,389,-4,-1514,1389,-5825
alpha 0.001,3,390,-5,-1519,1390,-5830
alpha 0.001,3,391,-4,-1523,1391,-5834
alpha 0.001,3,392,-4,-1527,1392,-5838
alpha 0.001,3,393,-3,-1530,1393,-5841
alpha 0.001,3,394,-3,-1533,1394,-5844
alpha 0.001,3,395,-1,-1534,1395,-5845
alpha 0.001,3,396,-1,-1535,1396,-5846
alpha 0.001,3,397,-1,-1536,1397,-5847
alpha 0.001,3,398,2,-1534,1398,-5845
alpha 0.001,3,399,2,-1532,1399,-5843
alpha 0.001,3,400,-1,-1533,1400,-5844
alpha 0.001,3,401,-2,-1535,1401,-5846
alpha 0.001,3,402,-7,-1542,1402,-5853
alpha 0.001,3,403,-7,-1549,1403,-5860
alpha 0.001,3,404,-6,-1555,1404,-5866
alpha 0.001,3,405,-5,-1560,1405,-5871
alpha 0.001,3,406,-5,-1565,1406,-5876
alpha 0.001,3,407,-5,-1570,1407,-5881
alpha 0.001,3,408,-5,-1575,1408,-5886
alpha 0.001,3,409,-5,-1580,1409,-5891
alpha 0.001,3,410,-5,-1585,1410,-5896
alpha 0.001,3,411,-5,-1590,1411,-5901
alpha 0.001,3,412,-5,-1595,1412,-5906
alpha 0.001,3,413,-5,-1600,1413,-5911
alpha 0.001,3,414,-5,-1605,1414,-5916
alpha 0.001,3,415,-5,-1610,1415,-5921
alpha 0.001,3,416,-5,-1615,1416,-5926
alpha 0.001,3,417,-5,-1620,1417,-5931
alpha 0.001,3,418,-5,-1625,1418,-5936
alpha 0.001,3,419,-5,-1630,1419,-5941
alpha 0.001,3,420,-5,-1635,1420,-5946
alpha 0.001,3,421,-5,-1640,1421,-5951
alpha 0.001,3,422,-5,-1645,1422,-5956
alpha 0.001,3,423,-5,-1650,1423,-5961
alpha 0.001,3,424,-5,-1655,1424,-5966
alpha 0.001,3,425,-5,-1660,1425,-5971
alpha 0.001,3,426,-5,-1665,1426,-5976
alpha 0.001,3,427,-5,-1670,1427,-5981
alpha 0.001,3,428,-5,-1675,1428,-5986
alpha 0.001,3,429,-5,-1680,1429,-5991
alpha 0.001,3,430,-5,-1685,1430,-5996
alpha 0.001,3,431,-5,-1690,1431,-6001
alpha 0.001,3,432,-5,-1695,1432,-6006
alpha 0.001,3,433,-5,-1700,1433,-6011
alpha 0.001,3,434,-5,-1705,1434,-6016
alpha 0.001,3,435,-5,-1710,1435,-6021
alpha 0.001,3,436,-5,-1715,1436,-6026
alpha 0.001,3,437,-5,-1720,1437,-6031
alpha 0.001,3,438,-5,-1725,1438,-6036
alpha 0.001,3,439,-5,-1730,1439,-6041
alpha 0.001,3,440,-5,-1735,1440,-6046
alpha 0.001,3,441,-5,-1740,1441,-6051
alpha 0.001,3,442,-5,-1745,1442,-6056
alpha 0.001,3,443,-5,-1750,1443,-6061
alpha 0.001,3,444,-5,-1755,1444,-6066
alpha 0.001,3,445,-5,-1760,1445,-6071
alpha 0.001,3,446,-5,-1765,1446,-6076
alpha 0.001,3,447,-5,-1770,1447,-6081
alpha 0.001,3,448,-5,-1775,1448,-6086
alpha 0.001,3,449,-5,-1780,1449,-6091
alpha 0.001,3,450,-5,-1785,1450,-6096
alpha 0.001,3,451,-5,-1790,1451,-6101
alpha 0.001,3,452,-5,-1795,1452,-6106
alpha 0.001,3,453,-5,-1800,1453,-6111
alpha 0.001,3,454,-5,-1805,1454,-6116
alpha 0.001,3,455,-5,-1810,1455,-6121
alpha 0.001,3,456,-5,-1815,1456,-6126
alpha 0.001,3,457,-5,-1820,1457,-6131
alpha 0.001,3,458,-5,-1825,1458,-6136
alpha 0.001,3,459,-5,-1830,1459,-6141
alpha 0.001,3,460,-5,-1835,1460,-6146
alpha 0.001,3,461,-5,-1840,1461,-6151
alpha 0.001,3,462,-5,-1845,1462,-6156
alpha 0.001,3,463,-5,-1850,1463,-6161
alpha 0.001,3,464,-5,-1855,1464,-6166
alpha 0.001,3,465,-5,-1860,1465,-6171
alpha 0.001,3,466,-5,-1865,1466,-6176
alpha 0.001,3,467,-5,-1870,1467,-6181
alpha 0.001,3,468,-5,-1875,1468,-6186
alpha 0.001,3,469,-5,-1880,1469,-6191
alpha 0.001,3,470,-5,-1885,1470,-6196
alpha 0.001,3,471,-5,-1890,1471,-6201
alpha 0.001,3,472,-5,-1895,1472,-6206
alpha 0.001,3,473,-5,-1900,1473,-6211
alpha 0.001,3,474,-5,-1905,1474,-6216
alpha 0.001,3,475,-5,-1910,1475,-6221
alpha 0.001,3,476,-6,-1916,1476,-6227
alpha 0.001,3,477,-6,-1922,1477,-6233
alpha 0.001,3,478,-6,-1928,1478,-6239
alpha 0.001,3,479,-5,-1933,1479,-6244
alpha 0.001,3,480,-5,-1938,1480,-6249
alpha 0.001,3,481,-5,-1943,1481,-6254
alpha 0.001,3,482,-3,-1946,1482,-6257
alpha 0.001,3,483,-3,-1949,1483,-6260
alpha 0.001,3,484,-5,-1954,1484,-6265
alpha 0.001,3,485,-5,-1959,1485,-6270
alpha 0.001,3,486,-5,-1964,1486,-6275
alpha 0.001,3,487,-5,-1969,1487,-6280
alpha 0.001,3,488,-5,-1974,1488,-6285
alpha 0.001,3,489,-5,-1979,1489,-6290
alpha 0.001,3,490,-5,-1984,1490,-6295
alpha 0.001,3,491,-2,-1986,1491,-6297
alpha 0.001,3,492,-2,-1988,1492,-6299
alpha 0.001,3,493,-2,-1990,1493,-6301
alpha 0.001,3,494,-3,-1993,1494,-6304
alpha 0.001,3,495,-2,-1995,1495,-6306
alpha 0.001,3,496,-2,-1997,1496,-6308
alpha 0.001,3,497,-2,-1999,1497,-6310
alpha 0.001,3,498,-2,-2001,1498,-6312
alpha 0.001,3,499,-2,-2003,1499,-6314
alpha 0.001,3,500,-2,-2005,1500,-6316
alpha 0.001,4,1,4,4,1501,-6312
alpha 0.001,4,2,2,6,1502,-6310
alpha 0.001,4,3,1,7,1503,-6309
alpha 0.001,4,4,-2,5,1504,-6311
alpha 0.001,4,5,-4,1,1505,-6315
alpha 0.001,4,6,-7,-6,1506,-6322
alpha 0.001,4,7,-8,-14,1507,-6330
alpha 0.001,4,8,-8,-22,1508,-6338
alpha 0.001,4,9,-7,-29,1509,-6345
alpha 0.001,4,10,-6,-35,1510,-6351
alpha 0.001,4,11,-5,-40,1511,-6356
alpha 0.001,4,12,-5,-45,1512,-6361
alpha 0.001,4,13,-7,-52,1513,-6368
alpha 0.001,4,14,-7,-59,1514,-6375
alpha 0.001,4,15,-7,-66,1515,-6382
alpha 0.001,4,16,-7,-73,1516,-6389
alpha 0.001,4,17,-1,-74,1517,-6390
alpha 0.001,4,18,-1,-75,1518,-6391
alpha 0.001,4,19,-2,-77,1519,-6393
alpha 0.001,4,20,-3,-80,1520,-6396
alpha 0.001,4,21,-5,-85,1521,-6401
alpha 0.001,4,22,-5,-90,1522,-6406
alpha 0.001,4,23,-5,-95,1523,-6411
alpha 0.001,4,24,-5,-100,1524,-6416
alpha 0.001,4,25,-5,-105,1525,-6421
alpha 0.001,4,26,-3,-108,1526,-6424
alpha 0.001,4,27,-3,-111,1527,-6427
alpha 0.001,4,28,-5,-116,1528,-6432
alpha 0.001,4,29,-5,-121,1529,-6437
alpha 0.001,4,30,-5,-126,1530,-6442
alpha 0.001,4,31,-5,-131,1531,-6447
alpha 0.001,4,32,-3,-134,1532,-6450
alpha 0.001,4,33,-3,-137,1533,-6453
alpha 0.001,4,34,-3,-140,1534,-6456
alpha 0.001,4,35,-5,-145,1535,-6461
alpha 0.001,4,36,-5,-150,1536,-6466
alpha 0.001,4,37,-5,-155,1537,-6471
alpha 0.001,4,38,-5,-160,1538,-6476
alpha 0.001,4,39,-3,-163,1539,-6479
alpha 0.001,4,40,-3,-166,1540,-6482
alpha 0.001,4,41,-5,-171,1541,-6487
alpha 0.001,4,42,-5,-176,1542,-6492
alpha 0.001,4,43,-5,-181,1543,-6497
alpha 0.001,4,44,-5,-186,1544,-6502
alpha 0.001,4,45,-3,-189,1545,-6505
alpha 0.001,4,46,-3,-192,1546,-6508
alpha 0.001,4,47,-5,-197,1547,-6513
alpha 0.001,4,48,-5,-202,1548,-6518
alpha 0.001,4,49,-5,-207,1549,-6523
alpha 0.001,4,50,-5,-212,1550,-6528
alpha 0.001,4,51,-5,-217,1551,-6533
alpha 0.001,4,52,-3,-220,1552,-6536
alpha 0.001,4,53,-3,-223,1553,-6539
alpha 0.001,4,54,-5,-228,1554,-6544
alpha 0.001,4,55,-5,-233,1555,-6549
alpha 0.001,4,56,-5,-238,1556,-6554
alpha 0.001,4,57,-5,-243,1557,-6559
alpha 0.001,4,58,-5,-248,1558,-6564
alpha 0.001,4,59,-5,-253,1559,-6569
alpha 0.001,4,60,-5,-258,1560,-6574
alpha 0.001,4,61,-5,-263,1561,-6579
alpha 0.001,4,62,-5,-268,1562,-6584
alpha 0.001,4,63,-5,-273,1563,-6589
alpha 0.001,4,64,-5,-278,1564,-6594
alpha 0.001,4,65,-5,-283,1565,-6599
alpha 0.001,4,66,-5,-288,1566,-6604
alpha 0.001,4,67,-5,-293,1567,-6609
alpha 0.001,4,68,-5,-298,1568,-6614
alpha 0.001,4,69,-5,-303,1569,-6619
alpha 0.001,4,70,-5,-308,1570,-6624
alpha 0.001,4,71,-5,-313,1571,-6629
alpha 0.001,4,72,-5,-318,1572,-6634
alpha 0.001,4,73,-5,-323,1573,-6639
alpha 0.001,4,74,-5,-328,1574,-6644
alpha 0.001,4,75,-5,-333,1575,-6649
alpha 0.001,4,76,-5,-338,1576,-6654
alpha 0.001,4,77,-5,-343,1577,-6659
alpha 0.001,4,78,-5,-348,1578,-6664
alpha 0.001,4,79,-5,-353,1579,-6669
alpha 0.001,4,80,-5,-358,1580,-6674
alpha 0.001,4,81,-5,-363,1581,-6679
alpha 0.001,4,82,-5,-368,1582,-6684
alpha 0.001,4,83,-5,-373,1583,-6689
alpha 0.001,4,84,-5,-378,1584,-6694
alpha 0.001,4,85,-5,-383,1585,-6699
alpha 0.001,4,86,-5,-388,1586,-6704
alpha 0.001,4,87,-5,-393,1587,-6709
alpha 0.001,4,88,-5,-398,1588,-6714
alpha 0.001,4,89,-5,-403,1589,-6719
alpha 0.001,4,90,-5,-408,1590,-6724
alpha 0.001,4,91,-5,-413,1591,-6729
alpha 0.001,4,92,-6,-419,1592,-6735
alpha 0.001,4,93,-6,-425,1593,-6741
alpha 0.001,4,94,-6,-431,1594,-6747
alpha 0.001,4,95,-6,-437,1595,-6753
alpha 0.001,4,96,-6,-443,1596,-6759
alpha 0.001,4,97,-6,-449,1597,-6765
alpha 0.001,4,98,-6,-455,1598,-6771
alpha 0.001,4,99,-6,-461,1599,-6777
alpha 0.001,4,100,-6,-467,1600,-6783
alpha 0.001,4,101,-7,-474,1601,-6790
alpha 0.001,4,102,-7,-481,1602,-6797
alpha 0.001,4,103,-7,-488,1603,-6804
alpha 0.001,4,104,-7,-495,1604,-6811
alpha 0.001,4,105,-7,-502,1605,-6818
alpha 0.001,4,106,-7,-509,1606,-6825
alpha 0.001,4,107,-7,-516,1607,-6832
alpha 0.001,4,108,-7,-523,1608,-6839
alpha 0.001,4,109,-7,-530,1609,-6846
alpha 0.001,4,110,-7,-537,1610,-6853
alpha 0.001,4,111,-7,-544,1611,-6860
alpha 0.001,4,112,-7,-551,1612,-6867
alpha 0.001,4,113,-7,-558,1613,-6874
alpha 0.001,4,114,-7,-565,1614,-6881
alpha 0.001,4,115,-7,-572,1615,-6888
alpha 0.001,4,116,-7,-579,1616,-6895
alpha 0.001,4,117,-7,-586,1617,-6902
alpha 0.001,4,118,-7,-593,1618,-6909
alpha 0.001,4,119,-7,-600,1619,-6916
alpha 0.001,4,120,-7,-607,1620,-6923
alpha 0.001,4,121,-7,-614,1621,-6930
alpha 0.001,4,122,-7,-621,1622,-6937
alpha 0.001,4,123,-7,-628,1623,-6944
alpha 0.001,4,124,-7,-635,1624,-6951
alpha 0.001,4,125,-7,-642,1625,-6958
alpha 0.001,4,126,-7,-649,1626,-6965
alpha 0.001,4,127,-7,-656,1627,-6972
alpha 0.001,4,128,-7,-663,1628,-6979
alpha 0.001,4,129,-7,-670,1629,-6986
alpha 0.001,4,130,-7,-677,1630,-6993
alpha 0.001,4,131,-7,-684,1631,-7000
alpha 0.001,4,132,-7,-691,1632,-7007
alpha 0.001,4,133,-7,-698,1633,-7014
alpha 0.001,4,134,-7,-705,1634,-7021
alpha 0.001,4,135,-7,-712,1635,-7028
alpha 0.001,4,136,-7,-719,1636,-7035
alpha 0.001,4,137,-7,-726,1637,-7042
alpha 0.001,4,138,-6,-732,1638,-7048
alpha 0.001,4,139,-6,-738,1639,-7054
alpha 0.001,4,140,-6,-744,1640,-7060
alpha 0.001,4,141,-6,-750,1641,-7066
alpha 0.001,4,142,-6,-756,1642,-7072
alpha 0.001,4,143,-6,-762,1643,-7078
alpha 0.001,4,144,-6,-768,1644,-7084
alpha 0.001,4,145,-6,-774,1645,-7090
alpha 0.001,4,146,-6,-780,1646,-7096
alpha 0.001,4,147,-6,-786,1647,-7102
alpha 0.001,4,148,-5,-791,1648,-7107
alpha 0.001,4,149,-5,-796,1649,-7112
alpha 0.001,4,150,-5,-801,1650,-7117
alpha 0.001,4,151,-5,-806,1651,-7122
alpha 0.001,4,152,-5,-811,1652,-7127
alpha 0.001,4,153,-5,-816,1653,-7132
alpha 0.001,4,154,-5,-821,1654,-7137
alpha 0.001,4,155,-5,-826,1655,-7142
alpha 0.001,4,156,-5,-831,1656,-7147
alpha 0.001,4,157,-5,-836,1657,-7152
alpha 0.001,4,158,-5,-841,1658,-7157
alpha 0.001,4,159,-5,-846,1659,-7162
alpha 0.001,4,160,-5,-851,1660,-7167
alpha 0.001,4,161,-3,-854,1661,-7170
alpha 0.001,4,162,-3,-857,1662,-7173
alpha 0.001,4,163,-3,-860,1663,-7176
alpha 0.001,4,164,-5,-865,1664,-7181
alpha 0.001,4,165,-5,-870,1665,-7186
alpha 0.001,4,166,-5,-875,1666,-7191
alpha 0.001,4,167,-5,-880,1667,-7196
alpha 0.001,4,168,-3,-883,1668,-7199
alpha 0.001,4,169,-3,-886,1669,-7202
alpha 0.001,4,170,-3,-889,1670,-7205
alpha 0.001,4,171,-5,-894,1671,-7210
alpha 0.001,4,172,-5,-899,1672,-7215
alpha 0.001,4,173,-5,-904,1673,-7220
alpha 0.001,4,174,-5,-909,1674,-7225
alpha 0.001,4,175,-3,-912,1675,-7228
alpha 0.001,4,176,-3,-915,1676,-7231
alpha 0.001,4,177,-3,-918,1677,-7234
alpha 0.001,4,178,-3,-921,1678,-7237
alpha 0.001,4,179,-5,-926,1679,-7242
alpha 0.001,4,180,-5,-931,1680,-7247
alpha 0.001,4,181,-5,-936,1681,-7252
alpha 0.001,4,182,-5,-941,1682,-7257
alpha 0.001,4,183,-5,-946,1683,-7262
alpha 0.001,4,184,-5,-951,1684,-7267
alpha 0.001,4,185,-5,-956,1685,-7272
alpha 0.001,4,186,-5,-961,1686,-7277
alpha 0.001,4,187,-5,-966,1687,-7282
alpha 0.001,4,188,-6,-972,1688,-7288
alpha 0.001,4,189,-6,-978,1689,-7294
alpha 0.001,4,190,-6,-984,1690,-7300
alpha 0.001,4,191,-6,-990,1691,-7306
alpha 0.001,4,192,-6,-996,1692,-7312
alpha 0.001,4,193,-6,-1002,1693,-7318
alpha 0.001,4,194,-6,-1008,1694,-7324
alpha 0.001,4,195,-6,-1014,1695,-7330
alpha 0.001,4,196,-6,-1020,1696,-7336
alpha 0.001,4,197,-6,-1026,1697,-7342
alpha 0.001,4,198,-6,-1032,1698,-7348
alpha 0.001,4,199,-6,-1038,1699,-7354
alpha 0.001,4,200,-6,-1044,1700,-7360
alpha 0.001,4,201,-6,-1050,1701,-7366
alpha 0.001,4,202,-7,-1057,1702,-7373
alpha 0.001,4,203,-7,-1064,1703,-7380
alpha 0.001,4,204,-7,-1071,1704,-7387
alpha 0.001,4,205,-7,-1078,1705,-7394
alpha 0.001,4,206,-7,-1085,1706,-7401
alpha 0.001,4,207,-7,-1092,1707,-7408
alpha 0.001,4,208,-7,-1099,1708,-7415
alpha 0.001,4,209,-7,-1106,1709,-7422
alpha 0.001,4,210,-6,-1112,1710,-7428
alpha 0.001,4,211,-6,-1118,1711,-7434
alpha 0.001,4,212,-6,-1124,1712,-7440
alpha 0.001,4,213,-7,-1131,1713,-7447
alpha 0.001,4,214,-7,-1138,1714,-7454
alpha 0.001,4,215,-7,-1145,1715,-7461
alpha 0.001,4,216,-7,-1152,1716,-7468
alpha 0.001,4,217,-7,-1159,1717,-7475
alpha 0.001,4,218,-7,-1166,1718,-7482
alpha 0.001,4,219,-7,-1173,1719,-7489
alpha 0.001,4,220,-7,-1180,1720,-7496
alpha 0.001,4,221,-7,-1187,1721,-7503
alpha 0.001,4,222,-7,-1194,1722,-7510
alpha 0.001,4,223,-7,-1201,1723,-7517
alpha 0.001,4,224,-7,-1208,1724,-7524
alpha 0.001,4,225,-7,-1215,1725,-7531
alpha 0.001,4,226,-7,-1222,1726,-7538
alpha 0.001,4,227,-7,-1229,1727,-7545
alpha 0.001,4,228,-7,-1236,1728,-7552
alpha 0.001,4,229,-7,-1243,1729,-7559
alpha 0.001,4,230,-7,-1250,1730,-7566
alpha 0.001,4,231,-7,-1257,1731,-7573
alpha 0.001,4,232,-7,-1264,1732,-7580
alpha 0.001,4,233,-7,-1271,1733,-7587
alpha 0.001,4,234,-7,-1278,1734,-7594
alpha 0.001,4,235,-7,-1285,1735,-7601
alpha 0.001,4,236,-7,-1292,1736,-7608
alpha 0.001,4,237,-7,-1299,1737,-7615
alpha 0.001,4,238,-7,-1306,1738,-7622
alpha 0.001,4,239,-7,-1313,1739,-7629
alpha 0.001,4,240,-7,-1320,1740,-7636
alpha 0.001,4,241,-7,-1327,1741,-7643
alpha 0.001,4,242,-7,-1334,1742,-7650
alpha 0.001,4,243,-7,-1341,1743,-7657
alpha 0.001,4,244,-7,-1348,1744,-7664
alpha 0.001,4,245,-7,-1355,1745,-7671
alpha 0.001,4,246,-7,-1362,1746,-7678
alpha 0.001,4,247,-7,-1369,1747,-7685
alpha 0.001,4,248,-7,-1376,1748,-7692
alpha 0.001,4,249,-7,-1383,1749,-7699
alpha 0.001,4,250,-7,-1390,1750,-7706
alpha 0.001,4,251,-7,-1397,1751,-7713
alpha 0.001,4,252,-7,-1404,1752,-7720
alpha 0.001,4,253,-7,-1411,1753,-7727
alpha 0.001,4,254,-7,-1418,1754,-7734
alpha 0.001,4,255,-7,-1425,1755,-7741
alpha 0.001,4,256,-7,-1432,1756,-7748
alpha 0.001,4,257,-7,-1439,1757,-7755
alpha 0.001,4,258,-7,-1446,1758,-7762
alpha 0.001,4,259,-7,-1453,1759,-7769
alpha 0.001,4,260,-7,-1460,1760,-7776
alpha 0.001,4,261,-7,-1467,1761,-7783
alpha 0.001,4,262,-7,-1474,1762,-7790
alpha 0.001,4,263,-7,-1481,1763,-7797
alpha 0.001,4,264,-7,-1488,1764,-7804
alpha 0.001,4,265,-6,-1494,1765,-7810
alpha 0.001,4,266,-6,-1500,1766,-7816
alpha 0.001,4,267,-6,-1506,1767,-7822
alpha 0.001,4,268,-6,-1512,1768,-7828
alpha 0.001,4,269,-6,-1518,1769,-7834
alpha 0.001,4,270,-7,-1525,1770,-7841
alpha 0.001,4,271,-7,-1532,1771,-7848
alpha 0.001,4,272,-6,-1538,1772,-7854
alpha 0.001,4,273,-6,-1544,1773,-7860
alpha 0.001,4,274,-6,-1550,1774,-7866
alpha 0.001,4,275,-5,-1555,1775,-7871
alpha 0.001,4,276,-5,-1560,1776,-7876
alpha 0.001,4,277,-5,-1565,1777,-7881
alpha 0.001,4,278,-5,-1570,1778,-7886
alpha 0.001,4,279,-5,-1575,1779,-7891
alpha 0.001,4,280,-5,-1580,1780,-7896
alpha 0.001,4,281,-5,-1585,1781,-7901
alpha 0.001,4,282,-5,-1590,1782,-7906
alpha 0.001,4,283,-5,-1595,1783,-7911
alpha 0.001,4,284,-5,-1600,1784,-7916
alpha 0.001,4,285,-5,-1605,1785,-7921
alpha 0.001,4,286,-5,-1610,1786,-7926
alpha 0.001,4,287,-5,-1615,1787,-7931
alpha 0.001,4,288,-5,-1620,1788,-7936
alpha 0.001,4,289,-5,-1625,1789,-7941
alpha 0.001,4,290,-5,-1630,1790,-7946
alpha 0.001,4,291,-5,-1635,1791,-7951
alpha 0.001,4,292,-5,-1640,1792,-7956
alpha 0.001,4,293,-5,-1645,1793,-7961
alpha 0.001,4,294,-5,-1650,1794,-7966
alpha 0.001,4,295,-5,-1655,1795,-7971
alpha 0.001,4,296,-5,-1660,1796,-7976
alpha 0.001,4,297,-5,-1665,1797,-7981
alpha 0.001,4,298,-5,-1670,1798,-7986
alpha 0.001,4,299,-5,-1675,1799,-7991
alpha 0.001,4,300,-5,-1680,1800,-7996
alpha 0.001,4,301,-5,-1685,1801,-8001
alpha 0.001,4,302,-5,-1690,1802,-8006
alpha 0.001,4,303,-5,-1695,1803,-8011
alpha 0.001,4,304,-5,-1700,1804,-8016
alpha 0.001,4,305,-5,-1705,1805,-8021
alpha 0.001,4,306,-5,-1710,1806,-8026
alpha 0.001,4,307,-5,-1715,1807,-8031
alpha 0.001,4,308,-5,-1720,1808,-8036
alpha 0.001,4,309,-5,-1725,1809,-8041
alpha 0.001,4,310,-5,-1730,1810,-8046
alpha 0.001,4,311,-5,-1735,1811,-8051
alpha 0.001,4,312,-6,-1741,1812,-8057
alpha 0.001,4,313,-6,-1747,1813,-8063
alpha 0.001,4,314,-6,-1753,1814,-8069
alpha 0.001,4,315,-6,-1759,1815,-8075
alpha 0.001,4,316,-6,-1765,1816,-8081
alpha 0.001,4,317,-6,-1771,1817,-8087
alpha 0.001,4,318,-6,-1777,1818,-8093
alpha 0.001,4,319,-6,-1783,1819,-8099
alpha 0.001,4,320,-6,-1789,1820,-8105
alpha 0.001,4,321,-6,-1795,1821,-8111
alpha 0.001,4,322,-7,-1802,1822,-8118
alpha 0.001,4,323,-7,-1809,1823,-8125
alpha 0.001,4,324,-7,-1816,1824,-8132
alpha 0.001,4,325,-7,-1823,1825,-8139
alpha 0.001,4,326,-7,-1830,1826,-8146
alpha 0.001,4,327,-7,-1837,1827,-8153
alpha 0.001,4,328,-7,-1844,1828,-8160
alpha 0.001,4,329,-7,-1851,1829,-8167
alpha 0.001,4,330,-7,-1858,1830,-8174
alpha 0.001,4,331,-7,-1865,1831,-8181
alpha 0.001,4,332,-7,-1872,1832,-8188
alpha 0.001,4,333,-7,-1879,1833,-8195
alpha 0.001,4,334,-7,-1886,1834,-8202
alpha 0.001,4,335,-7,-1893,1835,-8209
alpha 0.001,4,336,-7,-1900,1836,-8216
alpha 0.001,4,337,-7,-1907,1837,-8223
alpha 0.001,4,338,-7,-1914,1838,-8230
alpha 0.001,4,339,-7,-1921,1839,-8237
alpha 0.001,4,340,-7,-1928,1840,-8244
alpha 0.001,4,341,-7,-1935,1841,-8251
alpha 0.001,4,342,-7,-1942,1842,-8258
alpha 0.001,4,343,-7,-1949,1843,-8265
alpha 0.001,4,344,-7,-1956,1844,-8272
alpha 0.001,4,345,-7,-1963,1845,-8279
alpha 0.001,4,346,-7,-1970,1846,-8286
alpha 0.001,4,347,-7,-1977,1847,-8293
alpha 0.001,4,348,-7,-1984,1848,-8300
alpha 0.001,4,349,-7,-1991,1849,-8307
alpha 0.001,4,350,-7,-1998,1850,-8314
alpha 0.001,4,351,-7,-2005,1851,-8321
alpha 0.001,4,352,-7,-2012,1852,-8328
alpha 0.001,4,353,-7,-2019,1853,-8335
alpha 0.001,4,354,-7,-2026,1854,-8342
alpha 0.001,4,355,-7,-2033,1855,-8349
alpha 0.001,4,356,-7,-2040,1856,-8356
alpha 0.001,4,357,-7,-2047,1857,-8363
alpha 0.001,4,358,-7,-2054,1858,-8370
alpha 0.001,4,359,-7,-2061,1859,-8377
alpha 0.001,4,360,-7,-2068,1860,-8384
alpha 0.001,4,361,-7,-2075,1861,-8391
alpha 0.001,4,362,-7,-2082,1862,-8398
alpha 0.001,4,363,-7,-2089,1863,-8405
alpha 0.001,4,364,-7,-2096,1864,-8412
alpha 0.001,4,365,-7,-2103,1865,-8419
alpha 0.001,4,366,-7,-2110,1866,-8426
alpha 0.001,4,367,-7,-2117,1867,-8433
alpha 0.001,4,368,-7,-2124,1868,-8440
alpha 0.001,4,369,-7,-2131,1869,-8447
alpha 0.001,4,370,-7,-2138,1870,-8454
alpha 0.001,4,371,-7,-2145,1871,-8461
alpha 0.001,4,372,-7,-2152,1872,-8468
alpha 0.001,4,373,-6,-2158,1873,-8474
alpha 0.001,4,374,-6,-2164,1874,-8480
alpha 0.001,4,375,-6,-2170,1875,-8486
alpha 0.001,4,376,-6,-2176,1876,-8492
alpha 0.001,4,377,-6,-2182,1877,-8498
alpha 0.001,4,378,-6,-2188,1878,-8504
alpha 0.001,4,379,-6,-2194,1879,-8510
alpha 0.001,4,380,-6,-2200,1880,-8516
alpha 0.001,4,381,-6,-2206,1881,-8522
alpha 0.001,4,382,-6,-2212,1882,-8528
alpha 0.001,4,383,-6,-2218,1883,-8534
alpha 0.001,4,384,-6,-2224,1884,-8540
alpha 0.001,4,385,-5,-2229,1885,-8545
alpha 0.001,4,386,-5,-2234,1886,-8550
alpha 0.001,4,387,-5,-2239,1887,-8555
alpha 0.001,4,388,-5,-2244,1888,-8560
alpha 0.001,4,389,-5,-2249,1889,-8565
alpha 0.001,4,390,-5,-2254,1890,-8570
alpha 0.001,4,391,-5,-2259,1891,-8575
alpha 0.001,4,392,-5,-2264,1892,-8580
alpha 0.001,4,393,-5,-2269,1893,-8585
alpha 0.001,4,394,-3,-2272,1894,-8588
alpha 0.001,4,395,-3,-2275,1895,-8591
alpha 0.001,4,396,-3,-2278,1896,-8594
alpha 0.001,4,397,-3,-2281,1897,-8597
alpha 0.001,4,398,-3,-2284,1898,-8600
alpha 0.001,4,399,-3,-2287,1899,-8603
alpha 0.001,4,400,-3,-2290,1900,-8606
alpha 0.001,4,401,-5,-2295,1901,-8611
alpha 0.001,4,402,-3,-2298,1902,-8614
alpha 0.001,4,403,-3,-2301,1903,-8617
alpha 0.001,4,404,-3,-2304,1904,-8620
alpha 0.001,4,405,-3,-2307,1905,-8623
alpha 0.001,4,406,-3,-2310,1906,-8626
alpha 0.001,4,407,-3,-2313,1907,-8629
alpha 0.001,4,408,-3,-2316,1908,-8632
alpha 0.001,4,409,-3,-2319,1909,-8635
alpha 0.001,4,410,-3,-2322,1910,-8638
alpha 0.001,4,411,-3,-2325,1911,-8641
alpha 0.001,4,412,-3,-2328,1912,-8644
alpha 0.001,4,413,-3,-2331,1913,-8647
alpha 0.001,4,414,-3,-2334,1914,-8650
alpha 0.001,4,415,-3,-2337,1915,-8653
alpha 0.001,4,416,-4,-2341,1916,-8657
alpha 0.001,4,417,-4,-2345,1917,-8661
alpha 0.001,4,418,-4,-2349,1918,-8665
alpha 0.001,4,419,-4,-2353,1919,-8669
alpha 0.001,4,420,-4,-2357,1920,-8673
alpha 0.001,4,421,-4,-2361,1921,-8677
alpha 0.001,4,422,-4,-2365,1922,-8681
alpha 0.001,4,423,-4,-2369,1923,-8685
alpha 0.001,4,424,-4,-2373,1924,-8689
alpha 0.001,4,425,-4,-2377,1925,-8693
alpha 0.001,4,426,-4,-2381,1926,-8697
alpha 0.001,4,427,-4,-2385,1927,-8701
alpha 0.001,4,428,-4,-2389,1928,-8705
alpha 0.001,4,429,-4,-2393,1929,-8709
alpha 0.001,4,430,-4,-2397,1930,-8713
alpha 0.001,4,431,-4,-2401,1931,-8717
alpha 0.001,4,432,-5,-2406,1932,-8722
alpha 0.001,4,433,-5,-2411,1933,-8727
alpha 0.001,4,434,-5,-2416,1934,-8732
alpha 0.001,4,435,-5,-2421,1935,-8737
alpha 0.001,4,436,-5,-2426,1936,-8742
alpha 0.001,4,437,-5,-2431,1937,-8747
alpha 0.001,4,438,-5,-2436,1938,-8752
alpha 0.001,4,439,-6,-2442,1939,-8758
alpha 0.001,4,440,-6,-2448,1940,-8764
alpha 0.001,4,441,-6,-2454,1941,-8770
alpha 0.001,4,442,-6,-2460,1942,-8776
alpha 0.001,4,443,-6,-2466,1943,-8782
alpha 0.001,4,444,-6,-2472,1944,-8788
alpha 0.001,4,445,-6,-2478,1945,-8794
alpha 0.001,4,446,-6,-2484,1946,-8800
alpha 0.001,4,447,-6,-2490,1947,-8806
alpha 0.001,4,448,-6,-2496,1948,-8812
alpha 0.001,4,449,-6,-2502,1949,-8818
alpha 0.001,4,450,-6,-2508,1950,-8824
alpha 0.001,4,451,-6,-2514,1951,-8830
alpha 0.001,4,452,-6,-2520,1952,-8836
alpha 0.001,4,453,-6,-2526,1953,-8842
alpha 0.001,4,454,-8,-2534,1954,-8850
alpha 0.001,4,455,-8,-2542,1955,-8858
alpha 0.001,4,456,-8,-2550,1956,-8866
alpha 0.001,4,457,-8,-2558,1957,-8874
alpha 0.001,4,458,-8,-2566,1958,-8882
alpha 0.001,4,459,-8,-2574,1959,-8890
alpha 0.001,4,460,-8,-2582,1960,-8898
alpha 0.001,4,461,-10,-2592,1961,-8908
alpha 0.001,4,462,-10,-2602,1962,-8918
alpha 0.001,4,463,-10,-2612,1963,-8928
alpha 0.001,4,464,-10,-2622,1964,-8938
alpha 0.001,4,465,-10,-2632,1965,-8948
alpha 0.001,4,466,-10,-2642,1966,-8958
alpha 0.001,4,467,-10,-2652,1967,-8968
alpha 0.001,4,468,-10,-2662,1968,-8978
alpha 0.001,4,469,-10,-2672,1969,-8988
alpha 0.001,4,470,-10,-2682,1970,-8998
alpha 0.001,4,471,-10,-2692,1971,-9008
alpha 0.001,4,472,-10,-2702,1972,-9018
alpha 0.001,4,473,-8,-2710,1973,-9026
alpha 0.001,4,474,-8,-2718,1974,-9034
alpha 0.001,4,475,-10,-2728,1975,-9044
alpha 0.001,4,476,-10,-2738,1976,-9054
alpha 0.001,4,477,-10,-2748,1977,-9064
alpha 0.001,4,478,-10,-2758,1978,-9074
alpha 0.001,4,479,-10,-2768,1979,-9084
alpha 0.001,4,480,-10,-2778,1980,-9094
alpha 0.001,4,481,-10,-2788,1981,-9104
alpha 0.001,4,482,-10,-2798,1982,-9114
alpha 0.001,4,483,-10,-2808,1983,-9124
alpha 0.001,4,484,-10,-2818,1984,-9134
alpha 0.001,4,485,-10,-2828,1985,-9144
alpha 0.001,4,486,-10,-2838,1986,-9154
alpha 0.001,4,487,-10,-2848,1987,-9164
alpha 0.001,4,488,-10,-2858,1988,-9174
alpha 0.001,4,489,-10,-2868,1989,-9184
alpha 0.001,4,490,-8,-2876,1990,-9192
alpha 0.001,4,491,-8,-2884,1991,-9200
alpha 0.001,4,492,-8,-2892,1992,-9208
alpha 0.001,4,493,-8,-2900,1993,-9216
alpha 0.001,4,494,-8,-2908,1994,-9224
alpha 0.001,4,495,-8,-2916,1995,-9232
alpha 0.001,4,496,-8,-2924,1996,-9240
alpha 0.001,4,497,-8,-2932,1997,-9248
alpha 0.001,4,498,-8,-2940,1998,-9256
alpha 0.001,4,499,-8,-2948,1999,-9264
alpha 0.001,4,500,-8,-2956,2000,-9272
alpha 0.001,5,1,4,4,2001,-9268
alpha 0.001,5,2,4,8,2002,-9264
alpha 0.001,5,3,2,10,2003,-9262
alpha 0.001,5,4,1,11,2004,-9261
alpha 0.001,5,5,1,12,2005,-9260
alpha 0.001,5,6,-1,11,2006,-9261
alpha 0.001,5,7,-2,9,2007,-9263
alpha 0.001,5,8,-3,6,2008,-9266
alpha 0.001,5,9,-3,3,2009,-9269
alpha 0.001,5,10,-3,0,2010,-9272
alpha 0.001,5,11,-4,-4,2011,-9276
alpha 0.001,5,12,-4,-8,2012,-9280
alpha 0.001,5,13,-4,-12,2013,-9284
alpha 0.001,5,14,-3,-15,2014,-9287
alpha 0.001,5,15,-3,-18,2015,-9290
alpha 0.001,5,16,-3,-21,2016,-9293
alpha 0.001,5,17,-3,-24,2017,-9296
alpha 0.001,5,18,-3,-27,2018,-9299
alpha 0.001,5,19,-3,-30,2019,-9302
alpha 0.001,5,20,-3,-33,2020,-9305
alpha 0.001,5,21,1,-32,2021,-9304
alpha 0.001,5,22,1,-31,2022,-9303
alpha 0.001,5,23,2,-29,2023,-9301
alpha 0.001,5,24,4,-25,2024,-9297
alpha 0.001,5,25,1,-24,2025,-9296
alpha 0.001,5,26,-2,-26,2026,-9298
alpha 0.001,5,27,-4,-30,2027,-9302
alpha 0.001,5,28,-4,-34,2028,-9306
alpha 0.001,5,29,-4,-38,2029,-9310
alpha 0.001,5,30,-5,-43,2030,-9315
alpha 0.001,5,31,-5,-48,2031,-9320
alpha 0.001,5,32,-4,-52,2032,-9324
alpha 0.001,5,33,-4,-56,2033,-9328
alpha 0.001,5,34,-4,-60,2034,-9332
alpha 0.001,5,35,-3,-63,2035,-9335
alpha 0.001,5,36,-3,-66,2036,-9338
alpha 0.001,5,37,-3,-69,2037,-9341
alpha 0.001,5,38,-4,-73,2038,-9345
alpha 0.001,5,39,-4,-77,2039,-9349
alpha 0.001,5,40,-4,-81,2040,-9353
alpha 0.001,5,41,-4,-85,2041,-9357
alpha 0.001,5,42,-4,-89,2042,-9361
alpha 0.001,5,43,-4,-93,2043,-9365
alpha 0.001,5,44,-4,-97,2044,-9369
alpha 0.001,5,45,-4,-101,2045,-9373
alpha 0.001,5,46,-4,-105,2046,-9377
alpha 0.001,5,47,-4,-109,2047,-9381
alpha 0.001,5,48,-4,-113,2048,-9385
alpha 0.001,5,49,-4,-117,2049,-9389
alpha 0.001,5,50,-4,-121,2050,-9393
alpha 0.001,5,51,-4,-125,2051,-9397
alpha 0.001,5,52,-4,-129,2052,-9401
alpha 0.001,5,53,-3,-132,2053,-9404
alpha 0.001,5,54,-3,-135,2054,-9407
alpha 0.001,5,55,-3,-138,2055,-9410
alpha 0.001,5,56,-3,-141,2056,-9413
alpha 0.001,5,57,-3,-144,2057,-9416
alpha 0.001,5,58,-3,-147,2058,-9419
alpha 0.001,5,59,-3,-150,2059,-9422
alpha 0.001,5,60,-3,-153,2060,-9425
alpha 0.001,5,61,-7,-160,2061,-9432
alpha 0.001,5,62,-6,-166,2062,-9438
alpha 0.001,5,63,-4,-170,2063,-9442
alpha 0.001,5,64,-4,-174,2064,-9446
alpha 0.001,5,65,-4,-178,2065,-9450
alpha 0.001,5,66,-3,-181,2066,-9453
alpha 0.001,5,67,-3,-184,2067,-9456
alpha 0.001,5,68,-3,-187,2068,-9459
alpha 0.001,5,69,-3,-190,2069,-9462
alpha 0.001,5,70,-3,-193,2070,-9465
alpha 0.001,5,71,-3,-196,2071,-9468
alpha 0.001,5,72,-2,-198,2072,-9470
alpha 0.001,5,73,-2,-200,2073,-9472
alpha 0.001,5,74,-2,-202,2074,-9474
alpha 0.001,5,75,-3,-205,2075,-9477
alpha 0.001,5,76,-3,-208,2076,-9480
alpha 0.001,5,77,-3,-211,2077,-9483
alpha 0.001,5,78,-2,-213,2078,-9485
alpha 0.001,5,79,-2,-215,2079,-9487
alpha 0.001,5,80,-2,-217,2080,-9489
alpha 0.001,5,81,-2,-219,2081,-9491
alpha 0.001,5,82,-3,-222,2082,-9494
alpha 0.001,5,83,-3,-225,2083,-9497
alpha 0.001,5,84,-3,-228,2084,-9500
alpha 0.001,5,85,-3,-231,2085,-9503
alpha 0.001,5,86,-3,-234,2086,-9506
alpha 0.001,5,87,-3,-237,2087,-9509
alpha 0.001,5,88,-4,-241,2088,-9513
alpha 0.001,5,89,-4,-245,2089,-9517
alpha 0.001,5,90,-4,-249,2090,-9521
alpha 0.001,5,91,-4,-253,2091,-9525
alpha 0.001,5,92,-4,-257,2092,-9529
alpha 0.001,5,93,-4,-261,2093,-9533
alpha 0.001,5,94,-4,-265,2094,-9537
alpha 0.001,5,95,-4,-269,2095,-9541
alpha 0.001,5,96,-4,-273,2096,-9545
alpha 0.001,5,97,-4,-277,2097,-9549
alpha 0.001,5,98,-4,-281,2098,-9553
alpha 0.001,5,99,-3,-284,2099,-9556
alpha 0.001,5,100,-3,-287,2100,-9559
alpha 0.001,5,101,-3,-290,2101,-9562
alpha 0.001,5,102,-3,-293,2102,-9565
alpha 0.001,5,103,-1,-294,2103,-9566
alpha 0.001,5,104,-1,-295,2104,-9567
alpha 0.001,5,105,-2,-297,2105,-9569
alpha 0.001,5,106,-2,-299,2106,-9571
alpha 0.001,5,107,-1,-300,2107,-9572
alpha 0.001,5,108,-2,-302,2108,-9574
alpha 0.001,5,109,-2,-304,2109,-9576
alpha 0.001,5,110,-3,-307,2110,-9579
alpha 0.001,5,111,-3,-310,2111,-9582
alpha 0.001,5,112,-2,-312,2112,-9584
alpha 0.001,5,113,-3,-315,2113,-9587
alpha 0.001,5,114,-3,-318,2114,-9590
alpha 0.001,5,115,-3,-321,2115,-9593
alpha 0.001,5,116,-3,-324,2116,-9596
alpha 0.001,5,117,-3,-327,2117,-9599
alpha 0.001,5,118,-3,-330,2118,-9602
alpha 0.001,5,119,-5,-335,2119,-9607
alpha 0.001,5,120,-5,-340,2120,-9612
alpha 0.001,5,121,-5,-345,2121,-9617
alpha 0.001,5,122,-5,-350,2122,-9622
alpha 0.001,5,123,-5,-355,2123,-9627
alpha 0.001,5,124,-5,-360,2124,-9632
alpha 0.001,5,125,-5,-365,2125,-9637
alpha 0.001,5,126,-5,-370,2126,-9642
alpha 0.001,5,127,-5,-375,2127,-9647
alpha 0.001,5,128,-5,-380,2128,-9652
alpha 0.001,5,129,-5,-385,2129,-9657
alpha 0.001,5,130,-5,-390,2130,-9662
alpha 0.001,5,131,-5,-395,2131,-9667
alpha 0.001,5,132,-5,-400,2132,-9672
alpha 0.001,5,133,-5,-405,2133,-9677
alpha 0.001,5,134,-5,-410,2134,-9682
alpha 0.001,5,135,-5,-415,2135,-9687
alpha 0.001,5,136,-3,-418,2136,-9690
alpha 0.001,5,137,-3,-421,2137,-9693
alpha 0.001,5,138,-2,-423,2138,-9695
alpha 0.001,5,139,-2,-425,2139,-9697
alpha 0.001,5,140,-2,-427,2140,-9699
alpha 0.001,5,141,-2,-429,2141,-9701
alpha 0.001,5,142,-2,-431,2142,-9703
alpha 0.001,5,143,-2,-433,2143,-9705
alpha 0.001,5,144,-3,-436,2144,-9708
alpha 0.001,5,145,-3,-439,2145,-9711
alpha 0.001,5,146,-3,-442,2146,-9714
alpha 0.001,5,147,-5,-447,2147,-9719
alpha 0.001,5,148,-5,-452,2148,-9724
alpha 0.001,5,149,-5,-457,2149,-9729
alpha 0.001,5,150,-5,-462,2150,-9734
alpha 0.001,5,151,-5,-467,2151,-9739
alpha 0.001,5,152,-5,-472,2152,-9744
alpha 0.001,5,153,-5,-477,2153,-9749
alpha 0.001,5,154,-5,-482,2154,-9754
alpha 0.001,5,155,-6,-488,2155,-9760
alpha 0.001,5,156,-6,-494,2156,-9766
alpha 0.001,5,157,-6,-500,2157,-9772
alpha 0.001,5,158,-5,-505,2158,-9777
alpha 0.001,5,159,-5,-510,2159,-9782
alpha 0.001,5,160,-5,-515,2160,-9787
alpha 0.001,5,161,-5,-520,2161,-9792
alpha 0.001,5,162,-5,-525,2162,-9797
alpha 0.001,5,163,-5,-530,2163,-9802
alpha 0.001,5,164,-6,-536,2164,-9808
alpha 0.001,5,165,-6,-542,2165,-9814
alpha 0.001,5,166,-6,-548,2166,-9820
alpha 0.001,5,167,-5,-553,2167,-9825
alpha 0.001,5,168,-5,-558,2168,-9830
alpha 0.001,5,169,-5,-563,2169,-9835
alpha 0.001,5,170,-5,-568,2170,-9840
alpha 0.001,5,171,-5,-573,2171,-9845
alpha 0.001,5,172,-5,-578,2172,-9850
alpha 0.001,5,173,-5,-583,2173,-9855
alpha 0.001,5,174,-5,-588,2174,-9860
alpha 0.001,5,175,-5,-593,2175,-9865
alpha 0.001,5,176,-5,-598,2176,-9870
alpha 0.001,5,177,-5,-603,2177,-9875
alpha 0.001,5,178,-5,-608,2178,-9880
alpha 0.001,5,179,-5,-613,2179,-9885
alpha 0.001,5,180,-5,-618,2180,-9890
alpha 0.001,5,181,-5,-623,2181,-9895
alpha 0.001,5,182,-5,-628,2182,-9900
alpha 0.001,5,183,-5,-633,2183,-9905
alpha 0.001,5,184,-5,-638,2184,-9910
alpha 0.001,5,185,-5,-643,2185,-9915
alpha 0.001,5,186,-5,-648,2186,-9920
alpha 0.001,5,187,-5,-653,2187,-9925
alpha 0.001,5,188,-5,-658,2188,-9930
alpha 0.001,5,189,-5,-663,2189,-9935
alpha 0.001,5,190,-5,-668,2190,-9940
alpha 0.001,5,191,-5,-673,2191,-9945
alpha 0.001,5,192,-5,-678,2192,-9950
alpha 0.001,5,193,-5,-683,2193,-9955
alpha 0.001,5,194,-5,-688,2194,-9960
alpha 0.001,5,195,-5,-693,2195,-9965
alpha 0.001,5,196,-5,-698,2196,-9970
alpha 0.001,5,197,-5,-703,2197,-9975
alpha 0.001,5,198,-5,-708,2198,-9980
alpha 0.001,5,199,-5,-713,2199,-9985
alpha 0.001,5,200,-5,-718,2200,-9990
alpha 0.001,5,201,-5,-723,2201,-9995
alpha 0.001,5,202,-5,-728,2202,-10000
alpha 0.001,5,203,-5,-733,2203,-10005
alpha 0.001,5,204,-6,-739,2204,-10011
alpha 0.001,5,205,-6,-745,2205,-10017
alpha 0.001,5,206,-6,-751,2206,-10023
alpha 0.001,5,207,-6,-757,2207,-10029
alpha 0.001,5,208,-6,-763,2208,-10035
alpha 0.001,5,209,-6,-769,2209,-10041
alpha 0.001,5,210,-6,-775,2210,-10047
alpha 0.001,5,211,-6,-781,2211,-10053
alpha 0.001,5,212,-6,-787,2212,-10059
alpha 0.001,5,213,-7,-794,2213,-10066
alpha 0.001,5,214,-7,-801,2214,-10073
alpha 0.001,5,215,-7,-808,2215,-10080
alpha 0.001,5,216,-7,-815,2216,-10087
alpha 0.001,5,217,-7,-822,2217,-10094
alpha 0.001,5,218,-7,-829,2218,-10101
alpha 0.001,5,219,-7,-836,2219,-10108
alpha 0.001,5,220,-7,-843,2220,-10115
alpha 0.001,5,221,-7,-850,2221,-10122
alpha 0.001,5,222,-7,-857,2222,-10129
alpha 0.001,5,223,-7,-864,2223,-10136
alpha 0.001,5,224,-7,-871,2224,-10143
alpha 0.001,5,225,-7,-878,2225,-10150
alpha 0.001,5,226,-7,-885,2226,-10157
alpha 0.001,5,227,-7,-892,2227,-10164
alpha 0.001,5,228,-7,-899,2228,-10171
alpha 0.001,5,229,-7,-906,2229,-10178
alpha 0.001,5,230,-7,-913,2230,-10185
alpha 0.001,5,231,-7,-920,2231,-10192
alpha 0.001,5,232,-7,-927,2232,-10199
alpha 0.001,5,233,-7,-934,2233,-10206
alpha 0.001,5,234,-7,-941,2234,-10213
alpha 0.001,5,235,-7,-948,2235,-10220
alpha 0.001,5,236,-7,-955,2236,-10227
alpha 0.001,5,237,-7,-962,2237,-10234
alpha 0.001,5,238,-7,-969,2238,-10241
alpha 0.001,5,239,-7,-976,2239,-10248
alpha 0.001,5,240,-7,-983,2240,-10255
alpha 0.001,5,241,-7,-990,2241,-10262
alpha 0.001,5,242,-7,-997,2242,-10269
alpha 0.001,5,243,-7,-1004,2243,-10276
alpha 0.001,5,244,-7,-1011,2244,-10283
alpha 0.001,5,245,-7,-1018,2245,-10290
alpha 0.001,5,246,-7,-1025,2246,-10297
alpha 0.001,5,247,-7,-1032,2247,-10304
alpha 0.001,5,248,-7,-1039,2248,-10311
alpha 0.001,5,249,-7,-1046,2249,-10318
alpha 0.001,5,250,-7,-1053,2250,-10325
alpha 0.001,5,251,-7,-1060,2251,-10332
alpha 0.001,5,252,-7,-1067,2252,-10339
alpha 0.001,5,253,-7,-1074,2253,-10346
alpha 0.001,5,254,-7,-1081,2254,-10353
alpha 0.001,5,255,-7,-1088,2255,-10360
alpha 0.001,5,256,-7,-1095,2256,-10367
alpha 0.001,5,257,-7,-1102,2257,-10374
alpha 0.001,5,258,-7,-1109,2258,-10381
alpha 0.001,5,259,-7,-1116,2259,-10388
alpha 0.001,5,260,-7,-1123,2260,-10395
alpha 0.001,5,261,-7,-1130,2261,-10402
alpha 0.001,5,262,-7,-1137,2262,-10409
alpha 0.001,5,263,-7,-1144,2263,-10416
alpha 0.001,5,264,-7,-1151,2264,-10423
alpha 0.001,5,265,-7,-1158,2265,-10430
alpha 0.001,5,266,-7,-1165,2266,-10437
alpha 0.001,5,267,-7,-1172,2267,-10444
alpha 0.001,5,268,-7,-1179,2268,-10451
alpha 0.001,5,269,-7,-1186,2269,-10458
alpha 0.001,5,270,-6,-1192,2270,-10464
alpha 0.001,5,271,-6,-1198,2271,-10470
alpha 0.001,5,272,-6,-1204,2272,-10476
alpha 0.001,5,273,-6,-1210,2273,-10482
alpha 0.001,5,274,-6,-1216,2274,-10488
alpha 0.001,5,275,-6,-1222,2275,-10494
alpha 0.001,5,276,-6,-1228,2276,-10500
alpha 0.001,5,277,-6,-1234,2277,-10506
alpha 0.001,5,278,-6,-1240,2278,-10512
alpha 0.001,5,279,-5,-1245,2279,-10517
alpha 0.001,5,280,-5,-1250,2280,-10522
alpha 0.001,5,281,-5,-1255,2281,-10527
alpha 0.001,5,282,-5,-1260,2282,-10532
alpha 0.001,5,283,-5,-1265,2283,-10537
alpha 0.001,5,284,-5,-1270,2284,-10542
alpha 0.001,5,285,-5,-1275,2285,-10547
alpha 0.001,5,286,-5,-1280,2286,-10552
alpha 0.001,5,287,-5,-1285,2287,-10557
alpha 0.001,5,288,-5,-1290,2288,-10562
alpha 0.001,5,289,-5,-1295,2289,-10567
alpha 0.001,5,290,-5,-1300,2290,-10572
alpha 0.001,5,291,-5,-1305,2291,-10577
alpha 0.001,5,292,-5,-1310,2292,-10582
alpha 0.001,5,293,-5,-1315,2293,-10587
alpha 0.001,5,294,-5,-1320,2294,-10592
alpha 0.001,5,295,-5,-1325,2295,-10597
alpha 0.001,5,296,-5,-1330,2296,-10602
alpha 0.001,5,297,-3,-1333,2297,-10605
alpha 0.001,5,298,-2,-1335,2298,-10607
alpha 0.001,5,299,-3,-1338,2299,-10610
alpha 0.001,5,300,-5,-1343,2300,-10615
alpha 0.001,5,301,-5,-1348,2301,-10620
alpha 0.001,5,302,-5,-1353,2302,-10625
alpha 0.001,5,303,-5,-1358,2303,-10630
alpha 0.001,5,304,-5,-1363,2304,-10635
alpha 0.001,5,305,-5,-1368,2305,-10640
alpha 0.001,5,306,-5,-1373,2306,-10645
alpha 0.001,5,307,-5,-1378,2307,-10650
alpha 0.001,5,308,-5,-1383,2308,-10655
alpha 0.001,5,309,-5,-1388,2309,-10660
alpha 0.001,5,310,-5,-1393,2310,-10665
alpha 0.001,5,311,-5,-1398,2311,-10670
alpha 0.001,5,312,-5,-1403,2312,-10675
alpha 0.001,5,313,-5,-1408,2313,-10680
alpha 0.001,5,314,-6,-1414,2314,-10686
alpha 0.001,5,315,-6,-1420,2315,-10692
alpha 0.001,5,316,-6,-1426,2316,-10698
alpha 0.001,5,317,-6,-1432,2317,-10704
alpha 0.001,5,318,-6,-1438,2318,-10710
alpha 0.001,5,319,-5,-1443,2319,-10715
alpha 0.001,5,320,-5,-1448,2320,-10720
alpha 0.001,5,321,-5,-1453,2321,-10725
alpha 0.001,5,322,-5,-1458,2322,-10730
alpha 0.001,5,323,-7,-1465,2323,-10737
alpha 0.001,5,324,-7,-1472,2324,-10744
alpha 0.001,5,325,-7,-1479,2325,-10751
alpha 0.001,5,326,-7,-1486,2326,-10758
alpha 0.001,5,327,-7,-1493,2327,-10765
alpha 0.001,5,328,-7,-1500,2328,-10772
alpha 0.001,5,329,-7,-1507,2329,-10779
alpha 0.001,5,330,-7,-1514,2330,-10786
alpha 0.001,5,331,-7,-1521,2331,-10793
alpha 0.001,5,332,-7,-1528,2332,-10800
alpha 0.001,5,333,-7,-1535,2333,-10807
alpha 0.001,5,334,-7,-1542,2334,-10814
alpha 0.001,5,335,-8,-1550,2335,-10822
alpha 0.001,5,336,-8,-1558,2336,-10830
alpha 0.001,5,337,-8,-1566,2337,-10838
alpha 0.001,5,338,-8,-1574,2338,-10846
alpha 0.001,5,339,-8,-1582,2339,-10854
alpha 0.001,5,340,-8,-1590,2340,-10862
alpha 0.001,5,341,-8,-1598,2341,-10870
alpha 0.001,5,342,-8,-1606,2342,-10878
alpha 0.001,5,343,-8,-1614,2343,-10886
alpha 0.001,5,344,-8,-1622,2344,-10894
alpha 0.001,5,345,-8,-1630,2345,-10902
alpha 0.001,5,346,-8,-1638,2346,-10910
alpha 0.001,5,347,-8,-1646,2347,-10918
alpha 0.001,5,348,-8,-1654,2348,-10926
alpha 0.001,5,349,-10,-1664,2349,-10936
alpha 0.001,5,350,-10,-1674,2350,-10946
alpha 0.001,5,351,-10,-1684,2351,-10956
alpha 0.001,5,352,-10,-1694,2352,-10966
alpha 0.001,5,353,-10,-1704,2353,-10976
alpha 0.001,5,354,-10,-1714,2354,-10986
alpha 0.001,5,355,-8,-1722,2355,-10994
alpha 0.001,5,356,-8,-1730,2356,-11002
alpha 0.001,5,357,-8,-1738,2357,-11010
alpha 0.001,5,358,-8,-1746,2358,-11018
alpha 0.001,5,359,-8,-1754,2359,-11026
alpha 0.001,5,360,-8,-1762,2360,-11034
alpha 0.001,5,361,-8,-1770,2361,-11042
alpha 0.001,5,362,-8,-1778,2362,-11050
alpha 0.001,5,363,-8,-1786,2363,-11058
alpha 0.001,5,364,-8,-1794,2364,-11066
alpha 0.001,5,365,-8,-1802,2365,-11074
alpha 0.001,5,366,-8,-1810,2366,-11082
alpha 0.001,5,367,-8,-1818,2367,-11090
alpha 0.001,5,368,-8,-1826,2368,-11098
alpha 0.001,5,369,-8,-1834,2369,-11106
alpha 0.001,5,370,-8,-1842,2370,-11114
alpha 0.001,5,371,-7,-1849,2371,-11121
alpha 0.001,5,372,-8,-1857,2372,-11129
alpha 0.001,5,373,-8,-1865,2373,-11137
alpha 0.001,5,374,-7,-1872,2374,-11144
alpha 0.001,5,375,-7,-1879,2375,-11151
alpha 0.001,5,376,-7,-1886,2376,-11158
alpha 0.001,5,377,-7,-1893,2377,-11165
alpha 0.001,5,378,-7,-1900,2378,-11172
alpha 0.001,5,379,-7,-1907,2379,-11179
alpha 0.001,5,380,-7,-1914,2380,-11186
alpha 0.001,5,381,-7,-1921,2381,-11193
alpha 0.001,5,382,-7,-1928,2382,-11200
alpha 0.001,5,383,-7,-1935,2383,-11207
alpha 0.001,5,384,-7,-1942,2384,-11214
alpha 0.001,5,385,-6,-1948,2385,-11220
alpha 0.001,5,386,-6,-1954,2386,-11226
alpha 0.001,5,387,-6,-1960,2387,-11232
alpha 0.001,5,388,-6,-1966,2388,-11238
alpha 0.001,5,389,-5,-1971,2389,-11243
alpha 0.001,5,390,-5,-1976,2390,-11248
alpha 0.001,5,391,-5,-1981,2391,-11253
alpha 0.001,5,392,-5,-1986,2392,-11258
alpha 0.001,5,393,-5,-1991,2393,-11263
alpha 0.001,5,394,-5,-1996,2394,-11268
alpha 0.001,5,395,-5,-2001,2395,-11273
alpha 0.001,5,396,-5,-2006,2396,-11278
alpha 0.001,5,397,-5,-2011,2397,-11283
alpha 0.001,5,398,-5,-2016,2398,-11288
alpha 0.001,5,399,-5,-2021,2399,-11293
alpha 0.001,5,400,-5,-2026,2400,-11298
alpha 0.001,5,401,-5,-2031,2401,-11303
alpha 0.001,5,402,-5,-2036,2402,-11308
alpha 0.001,5,403,-5,-2041,2403,-11313
alpha 0.001,5,404,-5,-2046,2404,-11318
alpha 0.001,5,405,-5,-2051,2405,-11323
alpha 0.001,5,406,-5,-2056,2406,-11328
alpha 0.001,5,407,-5,-2061,2407,-11333
alpha 0.001,5,408,-5,-2066,2408,-11338
alpha 0.001,5,409,-6,-2072,2409,-11344
alpha 0.001,5,410,-6,-2078,2410,-11350
alpha 0.001,5,411,-6,-2084,2411,-11356
alpha 0.001,5,412,-7,-2091,2412,-11363
alpha 0.001,5,413,-7,-2098,2413,-11370
alpha 0.001,5,414,-7,-2105,2414,-11377
alpha 0.001,5,415,-7,-2112,2415,-11384
alpha 0.001,5,416,-7,-2119,2416,-11391
alpha 0.001,5,417,-7,-2126,2417,-11398
alpha 0.001,5,418,-7,-2133,2418,-11405
alpha 0.001,5,419,-7,-2140,2419,-11412
alpha 0.001,5,420,-7,-2147,2420,-11419
alpha 0.001,5,421,-7,-2154,2421,-11426
alpha 0.001,5,422,-7,-2161,2422,-11433
alpha 0.001,5,423,-7,-2168,2423,-11440
alpha 0.001,5,424,-7,-2175,2424,-11447
alpha 0.001,5,425,-7,-2182,2425,-11454
alpha 0.001,5,426,-8,-2190,2426,-11462
alpha 0.001,5,427,-8,-2198,2427,-11470
alpha 0.001,5,428,-8,-2206,2428,-11478
alpha 0.001,5,429,-8,-2214,2429,-11486
alpha 0.001,5,430,-8,-2222,2430,-11494
alpha 0.001,5,431,-7,-2229,2431,-11501
alpha 0.001,5,432,-7,-2236,2432,-11508
alpha 0.001,5,433,-7,-2243,2433,-11515
alpha 0.001,5,434,-8,-2251,2434,-11523
alpha 0.001,5,435,-8,-2259,2435,-11531
alpha 0.001,5,436,-8,-2267,2436,-11539
alpha 0.001,5,437,-8,-2275,2437,-11547
alpha 0.001,5,438,-8,-2283,2438,-11555
alpha 0.001,5,439,-8,-2291,2439,-11563
alpha 0.001,5,440,-8,-2299,2440,-11571
alpha 0.001,5,441,-8,-2307,2441,-11579
alpha 0.001,5,442,-8,-2315,2442,-11587
alpha 0.001,5,443,-8,-2323,2443,-11595
alpha 0.001,5,444,-8,-2331,2444,-11603
alpha 0.001,5,445,-8,-2339,2445,-11611
alpha 0.001,5,446,-8,-2347,2446,-11619
alpha 0.001,5,447,-8,-2355,2447,-11627
alpha 0.001,5,448,-8,-2363,2448,-11635
alpha 0.001,5,449,-8,-2371,2449,-11643
alpha 0.001,5,450,-8,-2379,2450,-11651
alpha 0.001,5,451,-8,-2387,2451,-11659
alpha 0.001,5,452,-8,-2395,2452,-11667
alpha 0.001,5,453,-8,-2403,2453,-11675
alpha 0.001,5,454,-8,-2411,2454,-11683
alpha 0.001,5,455,-7,-2418,2455,-11690
alpha 0.001,5,456,-7,-2425,2456,-11697
alpha 0.001,5,457,-7,-2432,2457,-11704
alpha 0.001,5,458,-7,-2439,2458,-11711
alpha 0.001,5,459,-7,-2446,2459,-11718
alpha 0.001,5,460,-7,-2453,2460,-11725
alpha 0.001,5,461,-7,-2460,2461,-11732
alpha 0.001,5,462,-7,-2467,2462,-11739
alpha 0.001,5,463,-7,-2474,2463,-11746
alpha 0.001,5,464,-7,-2481,2464,-11753
alpha 0.001,5,465,-7,-2488,2465,-11760
alpha 0.001,5,466,-7,-2495,2466,-11767
alpha 0.001,5,467,-7,-2502,2467,-11774
alpha 0.001,5,468,-7,-2509,2468,-11781
alpha 0.001,5,469,-7,-2516,2469,-11788
alpha 0.001,5,470,-7,-2523,2470,-11795
alpha 0.001,5,471,-7,-2530,2471,-11802
alpha 0.001,5,472,-7,-2537,2472,-11809
alpha 0.001,5,473,-7,-2544,2473,-11816
alpha 0.001,5,474,-7,-2551,2474,-11823
alpha 0.001,5,475,-7,-2558,2475,-11830
alpha 0.001,5,476,-7,-2565,2476,-11837
alpha 0.001,5,477,-7,-2572,2477,-11844
alpha 0.001,5,478,-7,-2579,2478,-11851
alpha 0.001,5,479,-7,-2586,2479,-11858
alpha 0.001,5,480,-7,-2593,2480,-11865
alpha 0.001,5,481,-7,-2600,2481,-11872
alpha 0.001,5,482,-7,-2607,2482,-11879
alpha 0.001,5,483,-7,-2614,2483,-11886
alpha 0.001,5,484,-7,-2621,2484,-11893
alpha 0.001,5,485,-7,-2628,2485,-11900
alpha 0.001,5,486,-7,-2635,2486,-11907
alpha 0.001,5,487,-7,-2642,2487,-11914
alpha 0.001,5,488,-7,-2649,2488,-11921
alpha 0.001,5,489,-7,-2656,2489,-11928
alpha 0.001,5,490,-7,-2663,2490,-11935
alpha 0.001,5,491,-7,-2670,2491,-11942
alpha 0.001,5,492,-7,-2677,2492,-11949
alpha 0.001,5,493,-7,-2684,2493,-11956
alpha 0.001,5,494,-7,-2691,2494,-11963
alpha 0.001,5,495,-7,-2698,2495,-11970
alpha 0.001,5,496,-6,-2704,2496,-11976
alpha 0.001,5,497,-6,-2710,2497,-11982
alpha 0.001,5,498,-6,-2716,2498,-11988
alpha 0.001,5,499,-6,-2722,2499,-11994
alpha 0.001,5,500,-6,-2728,2500,-12000
alpha 0.001,1,1,2,2,1,2
alpha 0.001,1,2,-1,1,2,1
alpha 0.001,1,3,-3,-2,3,-2
alpha 0.001,1,4,-7,-9,4,-9
alpha 0.001,1,5,-10,-19,5,-19
alpha 0.001,1,6,-10,-29,6,-29
alpha 0.001,1,7,-10,-39,7,-39
alpha 0.001,1,8,-10,-49,8,-49
alpha 0.001,1,9,-8,-57,9,-57
alpha 0.001,1,10,-8,-65,10,-65
alpha 0.001,1,11,-7,-72,11,-72
alpha 0.001,1,12,-7,-79,12,-79
alpha 0.001,1,13,-7,-86,13,-86
alpha 0.001,1,14,-7,-93,14,-93
alpha 0.001,1,15,-7,-100,15,-100
alpha 0.001,1,16,-7,-107,16,-107
alpha 0.001,1,17,-7,-114,17,-114
alpha 0.001,1,18,-8,-122,18,-122
alpha 0.001,1,19,-8,-130,19,-130
alpha 0.001,1,20,-10,-140,20,-140
alpha 0.001,1,21,-10,-150,21,-150
alpha 0.001,1,22,-10,-160,22,-160
alpha 0.001,1,23,-10,-170,23,-170
alpha 0.001,1,24,-10,-180,24,-180
alpha 0.001,1,25,-10,-190,25,-190
alpha 0.001,1,26,-10,-200,26,-200
alpha 0.001,1,27,-10,-210,27,-210
alpha 0.001,1,28,-10,-220,28,-220
alpha 0.001,1,29,-8,-228,29,-228
alpha 0.001,1,30,-8,-236,30,-236
alpha 0.001,1,31,-7,-243,31,-243
alpha 0.001,1,32,-7,-250,32,-250
alpha 0.001,1,33,-7,-257,33,-257
alpha 0.001,1,34,-7,-264,34,-264
alpha 0.001,1,35,-7,-271,35,-271
alpha 0.001,1,36,-7,-278,36,-278
alpha 0.001,1,37,-7,-285,37,-285
alpha 0.001,1,38,-7,-292,38,-292
alpha 0.001,1,39,-7,-299,39,-299
alpha 0.001,1,40,-7,-306,40,-306
alpha 0.001,1,41,-6,-312,41,-312
alpha 0.001,1,42,-6,-318,42,-318
alpha 0.001,1,43,-6,-324,43,-324
alpha 0.001,1,44,-5,-329,44,-329
alpha 0.001,1,45,-5,-334,45,-334
alpha 0.001,1,46,-5,-339,46,-339
alpha 0.001,1,47,-5,-344,47,-344
alpha 0.001,1,48,-5,-349,48,-349
alpha 0.001,1,49,-5,-354,49,-354
alpha 0.001,1,50,-5,-359,50,-359
alpha 0.001,1,51,-5,-364,51,-364
alpha 0.001,1,52,-5,-369,52,-369
alpha 0.001,1,53,-5,-374,53,-374
alpha 0.001,1,54,-6,-380,54,-380
alpha 0.001,1,55,-6,-386,55,-386
alpha 0.001,1,56,-7,-393,56,-393
alpha 0.001,1,57,-7,-400,57,-400
alpha 0.001,1,58,-7,-407,58,-407
alpha 0.001,1,59,-7,-414,59,-414
alpha 0.001,1,60,-7,-421,60,-421
alpha 0.001,1,61,-7,-428,61,-428
alpha 0.001,1,62,-7,-435,62,-435
alpha 0.001,1,63,-8,-443,63,-443
alpha 0.001,1,64,-8,-451,64,-451
alpha 0.001,1,65,-8,-459,65,-459
alpha 0.001,1,66,-8,-467,66,-467
alpha 0.001,1,67,-8,-475,67,-475
alpha 0.001,1,68,-10,-485,68,-485
alpha 0.001,1,69,-10,-495,69,-495
alpha 0.001,1,70,-10,-505,70,-505
alpha 0.001,1,71,-10,-515,71,-515
alpha 0.001,1,72,-10,-525,72,-525
alpha 0.001,1,73,-10,-535,73,-535
alpha 0.001,1,74,-10,-545,74,-545
alpha 0.001,1,75,-10,-555,75,-555
alpha 0.001,1,76,-10,-565,76,-565
alpha 0.001,1,77,-10,-575,77,-575
alpha 0.001,1,78,-10,-585,78,-585
alpha 0.001,1,79,-10,-595,79,-595
alpha 0.001,1,80,-10,-605,80,-605
alpha 0.001,1,81,-10,-615,81,-615
alpha 0.001,1,82,-10,-625,82,-625
alpha 0.001,1,83,-10,-635,83,-635
alpha 0.001,1,84,-10,-645,84,-645
alpha 0.001,1,85,-10,-655,85,-655
alpha 0.001,1,86,-10,-665,86,-665
alpha 0.001,1,87,-10,-675,87,-675
alpha 0.001,1,88,-10,-685,88,-685
alpha 0.001,1,89,-10,-695,89,-695
alpha 0.001,1,90,-10,-705,90,-705
alpha 0.001,1,91,-10,-715,91,-715
alpha 0.001,1,92,-10,-725,92,-725
alpha 0.001,1,93,-10,-735,93,-735
alpha 0.001,1,94,-10,-745,94,-745
alpha 0.001,1,95,-10,-755,95,-755
alpha 0.001,1,96,-10,-765,96,-765
alpha 0.001,1,97,-10,-775,97,-775
alpha 0.001,1,98,-10,-785,98,-785
alpha 0.001,1,99,-10,-795,99,-795
alpha 0.001,1,100,-10,-805,100,-805
alpha 0.001,1,101,-10,-815,101,-815
alpha 0.001,1,102,-10,-825,102,-825
alpha 0.001,1,103,-10,-835,103,-835
alpha 0.001,1,104,-10,-845,104,-845
alpha 0.001,1,105,-10,-855,105,-855
alpha 0.001,1,106,-10,-865,106,-865
alpha 0.001,1,107,-10,-875,107,-875
alpha 0.001,1,108,-10,-885,108,-885
alpha 0.001,1,109,-10,-895,109,-895
alpha 0.001,1,110,-10,-905,110,-905
alpha 0.001,1,111,-10,-915,111,-915
alpha 0.001,1,112,-10,-925,112,-925
alpha 0.001,1,113,-10,-935,113,-935
alpha 0.001,1,114,-10,-945,114,-945
alpha 0.001,1,115,-10,-955,115,-955
alpha 0.001,1,116,-10,-965,116,-965
alpha 0.001,1,117,-10,-975,117,-975
alpha 0.001,1,118,-10,-985,118,-985
alpha 0.001,1,119,-8,-993,119,-993
alpha 0.001,1,120,-10,-1003,120,-1003
alpha 0.001,1,121,-10,-1013,121,-1013
alpha 0.001,1,122,-8,-1021,122,-1021
alpha 0.001,1,123,-8,-1029,123,-1029
alpha 0.001,1,124,-8,-1037,124,-1037
alpha 0.001,1,125,-8,-1045,125,-1045
alpha 0.001,1,126,-8,-1053,126,-1053
alpha 0.001,1,127,-7,-1060,127,-1060
alpha 0.001,1,128,-7,-1067,128,-1067
alpha 0.001,1,129,-7,-1074,129,-1074
alpha 0.001,1,130,-5,-1079,130,-1079
alpha 0.001,1,131,-5,-1084,131,-1084
alpha 0.001,1,132,-7,-1091,132,-1091
alpha 0.001,1,133,-7,-1098,133,-1098
alpha 0.001,1,134,-7,-1105,134,-1105
alpha 0.001,1,135,-6,-1111,135,-1111
alpha 0.001,1,136,-4,-1115,136,-1115
alpha 0.001,1,137,-4,-1119,137,-1119
alpha 0.001,1,138,-5,-1124,138,-1124
alpha 0.001,1,139,-5,-1129,139,-1129
alpha 0.001,1,140,-5,-1134,140,-1134
alpha 0.001,1,141,-3,-1137,141,-1137
alpha 0.001,1,142,-3,-1140,142,-1140
alpha 0.001,1,143,-2,-1142,143,-1142
alpha 0.001,1,144,-2,-1144,144,-1144
alpha 0.001,1,145,-2,-1146,145,-1146
alpha 0.001,1,146,-2,-1148,146,-1148
alpha 0.001,1,147,-2,-1150,147,-1150
alpha 0.001,1,148,-2,-1152,148,-1152
alpha 0.001,1,149,-2,-1154,149,-1154
alpha 0.001,1,150,-2,-1156,150,-1156
alpha 0.001,1,151,-2,-1158,151,-1158
alpha 0.001,1,152,-2,-1160,152,-1160
alpha 0.001,1,153,-3,-1163,153,-1163
alpha 0.001,1,154,-4,-1167,154,-1167
alpha 0.001,1,155,-2,-1169,155,-1169
alpha 0.001,1,156,-2,-1171,156,-1171
alpha 0.001,1,157,-2,-1173,157,-1173
alpha 0.001,1,158,-2,-1175,158,-1175
alpha 0.001,1,159,-2,-1177,159,-1177
alpha 0.001,1,160,1,-1176,160,-1176
alpha 0.001,1,161,1,-1175,161,-1175
alpha 0.001,1,162,2,-1173,162,-1173
alpha 0.001,1,163,2,-1171,163,-1171
alpha 0.001,1,164,-3,-1174,164,-1174
alpha 0.001,1,165,-5,-1179,165,-1179
alpha 0.001,1,166,-5,-1184,166,-1184
alpha 0.001,1,167,-5,-1189,167,-1189
alpha 0.001,1,168,-5,-1194,168,-1194
alpha 0.001,1,169,-4,-1198,169,-1198
alpha 0.001,1,170,-4,-1202,170,-1202
alpha 0.001,1,171,-4,-1206,171,-1206
alpha 0.001,1,172,-4,-1210,172,-1210
alpha 0.001,1,173,-4,-1214,173,-1214
alpha 0.001,1,174,-4,-1218,174,-1218
alpha 0.001,1,175,-4,-1222,175,-1222
alpha 0.001,1,176,-4,-1226,176,-1226
alpha 0.001,1,177,-4,-1230,177,-1230
alpha 0.001,1,178,-4,-1234,178,-1234
alpha 0.001,1,179,-4,-1238,179,-1238
alpha 0.001,1,180,-4,-1242,180,-1242
alpha 0.001,1,181,-4,-1246,181,-1246
alpha 0.001,1,182,-4,-1250,182,-1250
alpha 0.001,1,183,-5,-1255,183,-1255
alpha 0.001,1,184,-5,-1260,184,-1260
alpha 0.001,1,185,-5,-1265,185,-1265
alpha 0.001,1,186,-5,-1270,186,-1270
alpha 0.001,1,187,-5,-1275,187,-1275
alpha 0.001,1,188,-5,-1280,188,-1280
alpha 0.001,1,189,-6,-1286,189,-1286
alpha 0.001,1,190,-6,-1292,190,-1292
alpha 0.001,1,191,-6,-1298,191,-1298
alpha 0.001,1,192,-6,-1304,192,-1304
alpha 0.001,1,193,-6,-1310,193,-1310
alpha 0.001,1,194,-6,-1316,194,-1316
alpha 0.001,1,195,-6,-1322,195,-1322
alpha 0.001,1,196,-8,-1330,196,-1330
alpha 0.001,1,197,-8,-1338,197,-1338
alpha 0.001,1,198,-8,-1346,198,-1346
alpha 0.001,1,199,-8,-1354,199,-1354
alpha 0.001,1,200,-8,-1362,200,-1362
alpha 0.001,1,201,-8,-1370,201,-1370
alpha 0.001,1,202,-8,-1378,202,-1378
alpha 0.001,1,203,-10,-1388,203,-1388
alpha 0.001,1,204,-10,-1398,204,-1398
alpha 0.001,1,205,-10,-1408,205,-1408
alpha 0.001,1,206,-10,-1418,206,-1418
alpha 0.001,1,207,-10,-1428,207,-1428
alpha 0.001,1,208,-10,-1438,208,-1438
alpha 0.001,1,209,-10,-1448,209,-1448
alpha 0.001,1,210,-10,-1458,210,-1458
alpha 0.001,1,211,-10,-1468,211,-1468
alpha 0.001,1,212,-10,-1478,212,-1478
alpha 0.001,1,213,-10,-1488,213,-1488
alpha 0.001,1,214,-10,-1498,214,-1498
alpha 0.001,1,215,-10,-1508,215,-1508
alpha 0.001,1,216,-10,-1518,216,-1518
alpha 0.001,1,217,-10,-1528,217,-1528
alpha 0.001,1,218,-10,-1538,218,-1538
alpha 0.001,1,219,-10,-1548,219,-1548
alpha 0.001,1,220,-10,-1558,220,-1558
alpha 0.001,1,221,-10,-1568,221,-1568
alpha 0.001,1,222,-10,-1578,222,-1578
alpha 0.001,1,223,-10,-1588,223,-1588
alpha 0.001,1,224,-10,-1598,224,-1598
alpha 0.001,1,225,-10,-1608,225,-1608
alpha 0.001,1,226,-10,-1618,226,-1618
alpha 0.001,1,227,-10,-1628,227,-1628
alpha 0.001,1,228,-10,-1638,228,-1638
alpha 0.001,1,229,-10,-1648,229,-1648
alpha 0.001,1,230,-10,-1658,230,-1658
alpha 0.001,1,231,-10,-1668,231,-1668
alpha 0.001,1,232,-10,-1678,232,-1678
alpha 0.001,1,233,-10,-1688,233,-1688
alpha 0.001,1,234,-10,-1698,234,-1698
alpha 0.001,1,235,-10,-1708,235,-1708
alpha 0.001,1,236,-10,-1718,236,-1718
alpha 0.001,1,237,-10,-1728,237,-1728
alpha 0.001,1,238,-10,-1738,238,-1738
alpha 0.001,1,239,-10,-1748,239,-1748
alpha 0.001,1,240,-10,-1758,240,-1758
alpha 0.001,1,241,-10,-1768,241,-1768
alpha 0.001,1,242,-10,-1778,242,-1778
alpha 0.001,1,243,-10,-1788,243,-1788
alpha 0.001,1,244,-10,-1798,244,-1798
alpha 0.001,1,245,-10,-1808,245,-1808
alpha 0.001,1,246,-8,-1816,246,-1816
alpha 0.001,1,247,-8,-1824,247,-1824
alpha 0.001,1,248,-8,-1832,248,-1832
alpha 0.001,1,249,-8,-1840,249,-1840
alpha 0.001,1,250,-8,-1848,250,-1848
alpha 0.001,1,251,-8,-1856,251,-1856
alpha 0.001,1,252,-8,-1864,252,-1864
alpha 0.001,1,253,-8,-1872,253,-1872
alpha 0.001,1,254,-8,-1880,254,-1880
alpha 0.001,1,255,-8,-1888,255,-1888
alpha 0.001,1,256,-8,-1896,256,-1896
alpha 0.001,1,257,-7,-1903,257,-1903
alpha 0.001,1,258,-7,-1910,258,-1910
alpha 0.001,1,259,-7,-1917,259,-1917
alpha 0.001,1,260,-7,-1924,260,-1924
alpha 0.001,1,261,-7,-1931,261,-1931
alpha 0.001,1,262,-7,-1938,262,-1938
alpha 0.001,1,263,-7,-1945,263,-1945
alpha 0.001,1,264,-7,-1952,264,-1952
alpha 0.001,1,265,-7,-1959,265,-1959
alpha 0.001,1,266,-7,-1966,266,-1966
alpha 0.001,1,267,-6,-1972,267,-1972
alpha 0.001,1,268,-6,-1978,268,-1978
alpha 0.001,1,269,-6,-1984,269,-1984
alpha 0.001,1,270,-5,-1989,270,-1989
alpha 0.001,1,271,-5,-1994,271,-1994
alpha 0.001,1,272,-5,-1999,272,-1999
alpha 0.001,1,273,-5,-2004,273,-2004
alpha 0.001,1,274,-5,-2009,274,-2009
alpha 0.001,1,275,-5,-2014,275,-2014
alpha 0.001,1,276,-5,-2019,276,-2019
alpha 0.001,1,277,-5,-2024,277,-2024
alpha 0.001,1,278,-5,-2029,278,-2029
alpha 0.001,1,279,-5,-2034,279,-2034
alpha 0.001,1,280,-5,-2039,280,-2039
alpha 0.001,1,281,-5,-2044,281,-2044
alpha 0.001,1,282,-6,-2050,282,-2050
alpha 0.001,1,283,-6,-2056,283,-2056
alpha 0.001,1,284,-6,-2062,284,-2062
alpha 0.001,1,285,-6,-2068,285,-2068
alpha 0.001,1,286,-7,-2075,286,-2075
alpha 0.001,1,287,-7,-2082,287,-2082
alpha 0.001,1,288,-7,-2089,288,-2089
alpha 0.001,1,289,-7,-2096,289,-2096
alpha 0.001,1,290,-7,-2103,290,-2103
alpha 0.001,1,291,-7,-2110,291,-2110
alpha 0.001,1,292,-7,-2117,292,-2117
alpha 0.001,1,293,-7,-2124,293,-2124
alpha 0.001,1,294,-7,-2131,294,-2131
alpha 0.001,1,295,-7,-2138,295,-2138
alpha 0.001,1,296,-7,-2145,296,-2145
alpha 0.001,1,297,-7,-2152,297,-2152
alpha 0.001,1,298,-7,-2159,298,-2159
alpha 0.001,1,299,-7,-2166,299,-2166
alpha 0.001,1,300,-7,-2173,300,-2173
alpha 0.001,1,301,-8,-2181,301,-2181
alpha 0.001,1,302,-8,-2189,302,-2189
alpha 0.001,1,303,-8,-2197,303,-2197
alpha 0.001,1,304,-8,-2205,304,-2205
alpha 0.001,1,305,-8,-2213,305,-2213
alpha 0.001,1,306,-8,-2221,306,-2221
alpha 0.001,1,307,-8,-2229,307,-2229
alpha 0.001,1,308,-8,-2237,308,-2237
alpha 0.001,1,309,-8,-2245,309,-2245
alpha 0.001,1,310,-8,-2253,310,-2253
alpha 0.001,1,311,-8,-2261,311,-2261
alpha 0.001,1,312,-10,-2271,312,-2271
alpha 0.001,1,313,-10,-2281,313,-2281
alpha 0.001,1,314,-10,-2291,314,-2291
alpha 0.001,1,315,-10,-2301,315,-2301
alpha 0.001,1,316,-10,-2311,316,-2311
alpha 0.001,1,317,-10,-2321,317,-2321
alpha 0.001,1,318,-10,-2331,318,-2331
alpha 0.001,1,319,-10,-2341,319,-2341
alpha 0.001,1,320,-10,-2351,320,-2351
alpha 0.001,1,321,-10,-2361,321,-2361
alpha 0.001,1,322,-10,-2371,322,-2371
alpha 0.001,1,323,-10,-2381,323,-2381
alpha 0.001,1,324,-10,-2391,324,-2391
alpha 0.001,1,325,-10,-2401,325,-2401
alpha 0.001,1,326,-10,-2411,326,-2411
alpha 0.001,1,327,-10,-2421,327,-2421
alpha 0.001,1,328,-10,-2431,328,-2431
alpha 0.001,1,329,-10,-2441,329,-2441
alpha 0.001,1,330,-10,-2451,330,-2451
alpha 0.001,1,331,-10,-2461,331,-2461
alpha 0.001,1,332,-10,-2471,332,-2471
alpha 0.001,1,333,-10,-2481,333,-2481
alpha 0.001,1,334,-10,-2491,334,-2491
alpha 0.001,1,335,-10,-2501,335,-2501
alpha 0.001,1,336,-10,-2511,336,-2511
alpha 0.001,1,337,-10,-2521,337,-2521
alpha 0.001,1,338,-10,-2531,338,-2531
alpha 0.001,1,339,-10,-2541,339,-2541
alpha 0.001,1,340,-10,-2551,340,-2551
alpha 0.001,1,341,-10,-2561,341,-2561
alpha 0.001,1,342,-10,-2571,342,-2571
alpha 0.001,1,343,-10,-2581,343,-2581
alpha 0.001,1,344,-10,-2591,344,-2591
alpha 0.001,1,345,-10,-2601,345,-2601
alpha 0.001,1,346,-10,-2611,346,-2611
alpha 0.001,1,347,-10,-2621,347,-2621
alpha 0.001,1,348,-10,-2631,348,-2631
alpha 0.001,1,349,-10,-2641,349,-2641
alpha 0.001,1,350,-8,-2649,350,-2649
alpha 0.001,1,351,-8,-2657,351,-2657
alpha 0.001,1,352,-8,-2665,352,-2665
alpha 0.001,1,353,-8,-2673,353,-2673
alpha 0.001,1,354,-8,-2681,354,-2681
alpha 0.001,1,355,-8,-2689,355,-2689
alpha 0.001,1,356,-6,-2695,356,-2695
alpha 0.001,1,357,-6,-2701,357,-2701
alpha 0.001,1,358,-6,-2707,358,-2707
alpha 0.001,1,359,-6,-2713,359,-2713
alpha 0.001,1,360,-6,-2719,360,-2719
alpha 0.001,1,361,-6,-2725,361,-2725
alpha 0.001,1,362,-6,-2731,362,-2731
alpha 0.001,1,363,-6,-2737,363,-2737
alpha 0.001,1,364,-6,-2743,364,-2743
alpha 0.001,1,365,-6,-2749,365,-2749
alpha 0.001,1,366,-5,-2754,366,-2754
alpha 0.001,1,367,-5,-2759,367,-2759
alpha 0.001,1,368,-5,-2764,368,-2764
alpha 0.001,1,369,-5,-2769,369,-2769
alpha 0.001,1,370,-5,-2774,370,-2774
alpha 0.001,1,371,-5,-2779,371,-2779
alpha 0.001,1,372,-5,-2784,372,-2784
alpha 0.001,1,373,-5,-2789,373,-2789
alpha 0.001,1,374,-5,-2794,374,-2794
alpha 0.001,1,375,-5,-2799,375,-2799
alpha 0.001,1,376,-5,-2804,376,-2804
alpha 0.001,1,377,-5,-2809,377,-2809
alpha 0.001,1,378,-5,-2814,378,-2814
alpha 0.001,1,379,-3,-2817,379,-2817
alpha 0.001,1,380,-3,-2820,380,-2820
alpha 0.001,1,381,-3,-2823,381,-2823
alpha 0.001,1,382,-3,-2826,382,-2826
alpha 0.001,1,383,-3,-2829,383,-2829
alpha 0.001,1,384,-3,-2832,384,-2832
alpha 0.001,1,385,-2,-2834,385,-2834
alpha 0.001,1,386,-2,-2836,386,-2836
alpha 0.001,1,387,-2,-2838,387,-2838
alpha 0.001,1,388,-2,-2840,388,-2840
alpha 0.001,1,389,-3,-2843,389,-2843
alpha 0.001,1,390,-3,-2846,390,-2846
alpha 0.001,1,391,-3,-2849,391,-2849
alpha 0.001,1,392,-3,-2852,392,-2852
alpha 0.001,1,393,-3,-2855,393,-2855
alpha 0.001,1,394,-3,-2858,394,-2858
alpha 0.001,1,395,-3,-2861,395,-2861
alpha 0.001,1,396,-2,-2863,396,-2863
alpha 0.001,1,397,-2,-2865,397,-2865
alpha 0.001,1,398,-2,-2867,398,-2867
alpha 0.001,1,399,-2,-2869,399,-2869
alpha 0.001,1,400,-2,-2871,400,-2871
alpha 0.001,1,401,-3,-2874,401,-2874
alpha 0.001,1,402,-3,-2877,402,-2877
alpha 0.001,1,403,-2,-2879,403,-2879
alpha 0.001,1,404,-2,-2881,404,-2881
alpha 0.001,1,405,-2,-2883,405,-2883
alpha 0.001,1,406,-2,-2885,406,-2885
alpha 0.001,1,407,-2,-2887,407,-2887
alpha 0.001,1,408,-2,-2889,408,-2889
alpha 0.001,1,409,-2,-2891,409,-2891
alpha 0.001,1,410,-2,-2893,410,-2893
alpha 0.001,1,411,-3,-2896,411,-2896
alpha 0.001,1,412,-3,-2899,412,-2899
alpha 0.001,1,413,-3,-2902,413,-2902
alpha 0.001,1,414,-3,-2905,414,-2905
alpha 0.001,1,415,-1,-2906,415,-2906
alpha 0.001,1,416,1,-2905,416,-2905
alpha 0.001,1,417,1,-2904,417,-2904
alpha 0.001,1,418,-1,-2905,418,-2905
alpha 0.001,1,419,1,-2904,419,-2904
alpha 0.001,1,420,1,-2903,420,-2903
alpha 0.001,1,421,-2,-2905,421,-2905
alpha 0.001,1,422,-1,-2906,422,-2906
alpha 0.001,1,423,1,-2905,423,-2905
alpha 0.001,1,424,1,-2904,424,-2904
alpha 0.001,1,425,2,-2902,425,-2902
alpha 0.001,1,426,1,-2901,426,-2901
alpha 0.001,1,427,-2,-2903,427,-2903
alpha 0.001,1,428,-2,-2905,428,-2905
alpha 0.001,1,429,-2,-2907,429,-2907
alpha 0.001,1,430,-2,-2909,430,-2909
alpha 0.001,1,431,-3,-2912,431,-2912
alpha 0.001,1,432,-5,-2917,432,-2917
alpha 0.001,1,433,-3,-2920,433,-2920
alpha 0.001,1,434,-2,-2922,434,-2922
alpha 0.001,1,435,-2,-2924,435,-2924
alpha 0.001,1,436,-2,-2926,436,-2926
alpha 0.001,1,437,-2,-2928,437,-2928
alpha 0.001,1,438,-2,-2930,438,-2930
alpha 0.001,1,439,-3,-2933,439,-2933
alpha 0.001,1,440,-3,-2936,440,-2936
alpha 0.001,1,441,-4,-2940,441,-2940
alpha 0.001,1,442,-4,-2944,442,-2944
alpha 0.001,1,443,-3,-2947,443,-2947
alpha 0.001,1,444,2,-2945,444,-2945
alpha 0.001,1,445,1,-2944,445,-2944
alpha 0.001,1,446,1,-2943,446,-2943
alpha 0.001,1,447,-1,-2944,447,-2944
alpha 0.001,1,448,-2,-2946,448,-2946
alpha 0.001,1,449,-2,-2948,449,-2948
alpha 0.001,1,450,-3,-2951,450,-2951
alpha 0.001,1,451,-3,-2954,451,-2954
alpha 0.001,1,452,-3,-2957,452,-2957
alpha 0.001,1,453,-3,-2960,453,-2960
alpha 0.001,1,454,-3,-2963,454,-2963
alpha 0.001,1,455,-3,-2966,455,-2966
alpha 0.001,1,456,-3,-2969,456,-2969
alpha 0.001,1,457,-2,-2971,457,-2971
alpha 0.001,1,458,-3,-2974,458,-2974
alpha 0.001,1,459,-3,-2977,459,-2977
alpha 0.001,1,460,-3,-2980,460,-2980
alpha 0.001,1,461,-4,-2984,461,-2984
alpha 0.001,1,462,-5,-2989,462,-2989
alpha 0.001,1,463,-5,-2994,463,-2994
alpha 0.001,1,464,-5,-2999,464,-2999
alpha 0.001,1,465,-5,-3004,465,-3004
alpha 0.001,1,466,-5,-3009,466,-3009
alpha 0.001,1,467,-5,-3014,467,-3014
alpha 0.001,1,468,-5,-3019,468,-3019
alpha 0.001,1,469,-5,-3024,469,-3024
alpha 0.001,1,470,-5,-3029,470,-3029
alpha 0.001,1,471,-5,-3034,471,-3034
alpha 0.001,1,472,-5,-3039,472,-3039
alpha 0.001,1,473,-5,-3044,473,-3044
alpha 0.001,1,474,-5,-3049,474,-3049
alpha 0.001,1,475,-5,-3054,475,-3054
alpha 0.001,1,476,-5,-3059,476,-3059
alpha 0.001,1,477,-5,-3064,477,-3064
alpha 0.001,1,478,-5,-3069,478,-3069
alpha 0.001,1,479,-5,-3074,479,-3074
alpha 0.001,1,480,-5,-3079,480,-3079
alpha 0.001,1,481,-5,-3084,481,-3084
alpha 0.001,1,482,-5,-3089,482,-3089
alpha 0.001,1,483,-5,-3094,483,-3094
alpha 0.001,1,484,-5,-3099,484,-3099
alpha 0.001,1,485,-5,-3104,485,-3104
alpha 0.001,1,486,-5,-3109,486,-3109
alpha 0.001,1,487,-5,-3114,487,-3114
alpha 0.001,1,488,-5,-3119,488,-3119
alpha 0.001,1,489,-5,-3124,489,-3124
alpha 0.001,1,490,-7,-3131,490,-3131
alpha 0.001,1,491,-7,-3138,491,-3138
alpha 0.001,1,492,-7,-3145,492,-3145
alpha 0.001,1,493,-7,-3152,493,-3152
alpha 0.001,1,494,-7,-3159,494,-3159
alpha 0.001,1,495,-7,-3166,495,-3166
alpha 0.001,1,496,-7,-3173,496,-3173
alpha 0.001,1,497,-7,-3180,497,-3180
alpha 0.001,1,498,-7,-3187,498,-3187
alpha 0.001,1,499,-7,-3194,499,-3194
alpha 0.001,1,500,-7,-3201,500,-3201
alpha 0.001,2,1,2,2,501,-3199
alpha 0.001,2,2,1,3,502,-3198
alpha 0.001,2,3,-2,1,503,-3200
alpha 0.001,2,4,-2,-1,504,-3202
alpha 0.001,2,5,-2,-3,505,-3204
alpha 0.001,2,6,-2,-5,506,-3206
alpha 0.001,2,7,-2,-7,507,-3208
alpha 0.001,2,8,-2,-9,508,-3210
alpha 0.001,2,9,-3,-12,509,-3213
alpha 0.001,2,10,-3,-15,510,-3216
alpha 0.001,2,11,-3,-18,511,-3219
alpha 0.001,2,12,-3,-21,512,-3222
alpha 0.001,2,13,-3,-24,513,-3225
alpha 0.001,2,14,-3,-27,514,-3228
alpha 0.001,2,15,-2,-29,515,-3230
alpha 0.001,2,16,-2,-31,516,-3232
alpha 0.001,2,17,-2,-33,517,-3234
alpha 0.001,2,18,-2,-35,518,-3236
alpha 0.001,2,19,-2,-37,519,-3238
alpha 0.001,2,20,-2,-39,520,-3240
alpha 0.001,2,21,-2,-41,521,-3242
alpha 0.001,2,22,-2,-43,522,-3244
alpha 0.001,2,23,-3,-46,523,-3247
alpha 0.001,2,24,-3,-49,524,-3250
alpha 0.001,2,25,-3,-52,525,-3253
alpha 0.001,2,26,-3,-55,526,-3256
alpha 0.001,2,27,-3,-58,527,-3259
alpha 0.001,2,28,-3,-61,528,-3262
alpha 0.001,2,29,-3,-64,529,-3265
alpha 0.001,2,30,-3,-67,530,-3268
alpha 0.001,2,31,-3,-70,531,-3271
alpha 0.001,2,32,-4,-74,532,-3275
alpha 0.001,2,33,-4,-78,533,-3279
alpha 0.001,2,34,-3,-81,534,-3282
alpha 0.001,2,35,-4,-85,535,-3286
alpha 0.001,2,36,-4,-89,536,-3290
alpha 0.001,2,37,-4,-93,537,-3294
alpha 0.001,2,38,-4,-97,538,-3298
alpha 0.001,2,39,-4,-101,539,-3302
alpha 0.001,2,40,-4,-105,540,-3306
alpha 0.001,2,41,-5,-110,541,-3311
alpha 0.001,2,42,-5,-115,542,-3316
alpha 0.001,2,43,-5,-120,543,-3321
alpha 0.001,2,44,-5,-125,544,-3326
alpha 0.001,2,45,-5,-130,545,-3331
alpha 0.001,2,46,-5,-135,546,-3336
alpha 0.001,2,47,-5,-140,547,-3341
alpha 0.001,2,48,-5,-145,548,-3346
alpha 0.001,2,49,-5,-150,549,-3351
alpha 0.001,2,50,-5,-155,550,-3356
alpha 0.001,2,51,-5,-160,551,-3361
alpha 0.001,2,52,-5,-165,552,-3366
alpha 0.001,2,53,-5,-170,553,-3371
alpha 0.001,2,54,-5,-175,554,-3376
alpha 0.001,2,55,-5,-180,555,-3381
alpha 0.001,2,56,-5,-185,556,-3386
alpha 0.001,2,57,-4,-189,557,-3390
alpha 0.001,2,58,-4,-193,558,-3394
alpha 0.001,2,59,-4,-197,559,-3398
alpha 0.001,2,60,-4,-201,560,-3402
alpha 0.001,2,61,-4,-205,561,-3406
alpha 0.001,2,62,-4,-209,562,-3410
alpha 0.001,2,63,-4,-213,563,-3414
alpha 0.001,2,64,-4,-217,564,-3418
alpha 0.001,2,65,-4,-221,565,-3422
alpha 0.001,2,66,-4,-225,566,-3426
alpha 0.001,2,67,-4,-229,567,-3430
alpha 0.001,2,68,-4,-233,568,-3434
alpha 0.001,2,69,-4,-237,569,-3438
alpha 0.001,2,70,-4,-241,570,-3442
alpha 0.001,2,71,-4,-245,571,-3446
alpha 0.001,2,72,-4,-249,572,-3450
alpha 0.001,2,73,-4,-253,573,-3454
alpha 0.001,2,74,-4,-257,574,-3458
alpha 0.001,2,75,-4,-261,575,-3462
alpha 0.001,2,76,-4,-265,576,-3466
alpha 0.001,2,77,-4,-269,577,-3470
alpha 0.001,2,78,-4,-273,578,-3474
alpha 0.001,2,79,-4,-277,579,-3478
alpha 0.001,2,80,-4,-281,580,-3482
alpha 0.001,2,81,-4,-285,581,-3486
alpha 0.001,2,82,-4,-289,582,-3490
alpha 0.001,2,83,-4,-293,583,-3494
alpha 0.001,2,84,-4,-297,584,-3498
alpha 0.001,2,85,-4,-301,585,-3502
alpha 0.001,2,86,-4,-305,586,-3506
alpha 0.001,2,87,-4,-309,587,-3510
alpha 0.001,2,88,-4,-313,588,-3514
alpha 0.001,2,89,-4,-317,589,-3518
alpha 0.001,2,90,-4,-321,590,-3522
alpha 0.001,2,91,-5,-326,591,-3527
alpha 0.001,2,92,-4,-330,592,-3531
alpha 0.001,2,93,-3,-333,593,-3534
alpha 0.001,2,94,-3,-336,594,-3537
alpha 0.001,2,95,-3,-339,595,-3540
alpha 0.001,2,96,-3,-342,596,-3543
alpha 0.001,2,97,-3,-345,597,-3546
alpha 0.001,2,98,-2,-347,598,-3548
alpha 0.001,2,99,-2,-349,599,-3550
alpha 0.001,2,100,-2,-351,600,-3552
alpha 0.001,2,101,-2,-353,601,-3554
alpha 0.001,2,102,-2,-355,602,-3556
alpha 0.001,2,103,-2,-357,603,-3558
alpha 0.001,2,104,-2,-359,604,-3560
alpha 0.001,2,105,-2,-361,605,-3562
alpha 0.001,2,106,-2,-363,606,-3564
alpha 0.001,2,107,-2,-365,607,-3566
alpha 0.001,2,108,-2,-367,608,-3568
alpha 0.001,2,109,-2,-369,609,-3570
alpha 0.001,2,110,-2,-371,610,-3572
alpha 0.001,2,111,-2,-373,611,-3574
alpha 0.001,2,112,-2,-375,612,-3576
alpha 0.001,2,113,-2,-377,613,-3578
alpha 0.001,2,114,-2,-379,614,-3580
alpha 0.001,2,115,-2,-381,615,-3582
alpha 0.001,2,116,-2,-383,616,-3584
alpha 0.001,2,117,-2,-385,617,-3586
alpha 0.001,2,118,-2,-387,618,-3588
alpha 0.001,2,119,-2,-389,619,-3590
alpha 0.001,2,120,-1,-390,620,-3591
alpha 0.001,2,121,-1,-391,621,-3592
alpha 0.001,2,122,-1,-392,622,-3593
alpha 0.001,2,123,-2,-394,623,-3595
alpha 0.001,2,124,-2,-396,624,-3597
alpha 0.001,2,125,-2,-398,625,-3599
alpha 0.001,2,126,-2,-400,626,-3601
alpha 0.001,2,127,-2,-402,627,-3603
alpha 0.001,2,128,-2,-404,628,-3605
alpha 0.001,2,129,-2,-406,629,-3607
alpha 0.001,2,130,-2,-408,630,-3609
alpha 0.001,2,131,-2,-410,631,-3611
alpha 0.001,2,132,-2,-412,632,-3613
alpha 0.001,2,133,-2,-414,633,-3615
alpha 0.001,2,134,-2,-416,634,-3617
alpha 0.001,2,135,-2,-418,635,-3619
alpha 0.001,2,136,-2,-420,636,-3621
alpha 0.001,2,137,-2,-422,637,-3623
alpha 0.001,2,138,-3,-425,638,-3626
alpha 0.001,2,139,-3,-428,639,-3629
alpha 0.001,2,140,-3,-431,640,-3632
alpha 0.001,2,141,-3,-434,641,-3635
alpha 0.001,2,142,-3,-437,642,-3638
alpha 0.001,2,143,-3,-440,643,-3641
alpha 0.001,2,144,-3,-443,644,-3644
alpha 0.001,2,145,-3,-446,645,-3647
alpha 0.001,2,146,-3,-449,646,-3650
alpha 0.001,2,147,-3,-452,647,-3653
alpha 0.001,2,148,-3,-455,648,-3656
alpha 0.001,2,149,-3,-458,649,-3659
alpha 0.001,2,150,-3,-461,650,-3662
alpha 0.001,2,151,-2,-463,651,-3664
alpha 0.001,2,152,-2,-465,652,-3666
alpha 0.001,2,153,-2,-467,653,-3668
alpha 0.001,2,154,-3,-470,654,-3671
alpha 0.001,2,155,-3,-473,655,-3674
alpha 0.001,2,156,-3,-476,656,-3677
alpha 0.001,2,157,-3,-479,657,-3680
alpha 0.001,2,158,-3,-482,658,-3683
alpha 0.001,2,159,-3,-485,659,-3686
alpha 0.001,2,160,-3,-488,660,-3689
alpha 0.001,2,161,-3,-491,661,-3692
alpha 0.001,2,162,-3,-494,662,-3695
alpha 0.001,2,163,-3,-497,663,-3698
alpha 0.001,2,164,-3,-500,664,-3701
alpha 0.001,2,165,-3,-503,665,-3704
alpha 0.001,2,166,-3,-506,666,-3707
alpha 0.001,2,167,-3,-509,667,-3710
alpha 0.001,2,168,-3,-512,668,-3713
alpha 0.001,2,169,-2,-514,669,-3715
alpha 0.001,2,170,-2,-516,670,-3717
alpha 0.001,2,171,-2,-518,671,-3719
alpha 0.001,2,172,-2,-520,672,-3721
alpha 0.001,2,173,-3,-523,673,-3724
alpha 0.001,2,174,-3,-526,674,-3727
alpha 0.001,2,175,-2,-528,675,-3729
alpha 0.001,2,176,-2,-530,676,-3731
alpha 0.001,2,177,-2,-532,677,-3733
alpha 0.001,2,178,-2,-534,678,-3735
alpha 0.001,2,179,-2,-536,679,-3737
alpha 0.001,2,180,-2,-538,680,-3739
alpha 0.001,2,181,-1,-539,681,-3740
alpha 0.001,2,182,-1,-540,682,-3741
alpha 0.001,2,183,-1,-541,683,-3742
alpha 0.001,2,184,-1,-542,684,-3743
alpha 0.001,2,185,-1,-543,685,-3744
alpha 0.001,2,186,-1,-544,686,-3745
alpha 0.001,2,187,-1,-545,687,-3746
alpha 0.001,2,188,-1,-546,688,-3747
alpha 0.001,2,189,1,-545,689,-3746
alpha 0.001,2,190,1,-544,690,-3745
alpha 0.001,2,191,1,-543,691,-3744
alpha 0.001,2,192,-1,-544,692,-3745
alpha 0.001,2,193,-1,-545,693,-3746
alpha 0.001,2,194,1,-544,694,-3745
alpha 0.001,2,195,4,-540,695,-3741
alpha 0.001,2,196,2,-538,696,-3739
alpha 0.001,2,197,-1,-539,697,-3740
alpha 0.001,2,198,-2,-541,698,-3742
alpha 0.001,2,199,-3,-544,699,-3745
alpha 0.001,2,200,1,-543,700,-3744
alpha 0.001,2,201,1,-542,701,-3743
alpha 0.001,2,202,1,-541,702,-3742
alpha 0.001,2,203,1,-540,703,-3741
alpha 0.001,2,204,1,-539,704,-3740
alpha 0.001,2,205,1,-538,705,-3739
alpha 0.001,2,206,1,-537,706,-3738
alpha 0.001,2,207,1,-536,707,-3737
alpha 0.001,2,208,1,-535,708,-3736
alpha 0.001,2,209,1,-534,709,-3735
alpha 0.001,2,210,1,-533,710,-3734
alpha 0.001,2,211,-2,-535,711,-3736
alpha 0.001,2,212,-2,-537,712,-3738
alpha 0.001,2,213,-2,-539,713,-3740
alpha 0.001,2,214,-2,-541,714,-3742
alpha 0.001,2,215,-2,-543,715,-3744
alpha 0.001,2,216,-2,-545,716,-3746
alpha 0.001,2,217,-2,-547,717,-3748
alpha 0.001,2,218,-2,-549,718,-3750
alpha 0.001,2,219,-2,-551,719,-3752
alpha 0.001,2,220,-2,-553,720,-3754
alpha 0.001,2,221,1,-552,721,-3753
alpha 0.001,2,222,1,-551,722,-3752
alpha 0.001,2,223,1,-550,723,-3751
alpha 0.001,2,224,1,-549,724,-3750
alpha 0.001,2,225,1,-548,725,-3749
alpha 0.001,2,226,1,-547,726,-3748
alpha 0.001,2,227,1,-546,727,-3747
alpha 0.001,2,228,1,-545,728,-3746
alpha 0.001,2,229,1,-544,729,-3745
alpha 0.001,2,230,1,-543,730,-3744
alpha 0.001,2,231,1,-542,731,-3743
alpha 0.001,2,232,-2,-544,732,-3745
alpha 0.001,2,233,-2,-546,733,-3747
alpha 0.001,2,234,-2,-548,734,-3749
alpha 0.001,2,235,-2,-550,735,-3751
alpha 0.001,2,236,-2,-552,736,-3753
alpha 0.001,2,237,-2,-554,737,-3755
alpha 0.001,2,238,-2,-556,738,-3757
alpha 0.001,2,239,-2,-558,739,-3759
alpha 0.001,2,240,-2,-560,740,-3761
alpha 0.001,2,241,-2,-562,741,-3763
alpha 0.001,2,242,-2,-564,742,-3765
alpha 0.001,2,243,-2,-566,743,-3767
alpha 0.001,2,244,-2,-568,744,-3769
alpha 0.001,2,245,-2,-570,745,-3771
alpha 0.001,2,246,-2,-572,746,-3773
alpha 0.001,2,247,-2,-574,747,-3775
alpha 0.001,2,248,-2,-576,748,-3777
alpha 0.001,2,249,-2,-578,749,-3779
alpha 0.001,2,250,-2,-580,750,-3781
alpha 0.001,2,251,-2,-582,751,-3783
alpha 0.001,2,252,-2,-584,752,-3785
alpha 0.001,2,253,-2,-586,753,-3787
alpha 0.001,2,254,-2,-588,754,-3789
alpha 0.001,2,255,-2,-590,755,-3791
alpha 0.001,2,256,-2,-592,756,-3793
alpha 0.001,2,257,-2,-594,757,-3795
alpha 0.001,2,258,-2,-596,758,-3797
alpha 0.001,2,259,-2,-598,759,-3799
alpha 0.001,2,260,-2,-600,760,-3801
alpha 0.001,2,261,-2,-602,761,-3803
alpha 0.001,2,262,-2,-604,762,-3805
alpha 0.001,2,263,-2,-606,763,-3807
alpha 0.001,2,264,-2,-608,764,-3809
alpha 0.001,2,265,-2,-610,765,-3811
alpha 0.001,2,266,-2,-612,766,-3813
alpha 0.001,2,267,-2,-614,767,-3815
alpha 0.001,2,268,-2,-616,768,-3817
alpha 0.001,2,269,-2,-618,769,-3819
alpha 0.001,2,270,-2,-620,770,-3821
alpha 0.001,2,271,-2,-622,771,-3823
alpha 0.001,2,272,-2,-624,772,-3825
alpha 0.001,2,273,-2,-626,773,-3827
alpha 0.001,2,274,-2,-628,774,-3829
alpha 0.001,2,275,-2,-630,775,-3831
alpha 0.001,2,276,-2,-632,776,-3833
alpha 0.001,2,277,-3,-635,777,-3836
alpha 0.001,2,278,-3,-638,778,-3839
alpha 0.001,2,279,-3,-641,779,-3842
alpha 0.001,2,280,-3,-644,780,-3845
alpha 0.001,2,281,-3,-647,781,-3848
alpha 0.001,2,282,-3,-650,782,-3851
alpha 0.001,2,283,-3,-653,783,-3854
alpha 0.001,2,284,-3,-656,784,-3857
alpha 0.001,2,285,-2,-658,785,-3859
alpha 0.001,2,286,-2,-660,786,-3861
alpha 0.001,2,287,-2,-662,787,-3863
alpha 0.001,2,288,-2,-664,788,-3865
alpha 0.001,2,289,-2,-666,789,-3867
alpha 0.001,2,290,-2,-668,790,-3869
alpha 0.001,2,291,-2,-670,791,-3871
alpha 0.001,2,292,-2,-672,792,-3873
alpha 0.001,2,293,-2,-674,793,-3875
alpha 0.001,2,294,-3,-677,794,-3878
alpha 0.001,2,295,-3,-680,795,-3881
alpha 0.001,2,296,-3,-683,796,-3884
alpha 0.001,2,297,-3,-686,797,-3887
alpha 0.001,2,298,-3,-689,798,-3890
alpha 0.001,2,299,-3,-692,799,-3893
alpha 0.001,2,300,-3,-695,800,-3896
alpha 0.001,2,301,-3,-698,801,-3899
alpha 0.001,2,302,-3,-701,802,-3902
alpha 0.001,2,303,-3,-704,803,-3905
alpha 0.001,2,304,-3,-707,804,-3908
alpha 0.001,2,305,-3,-710,805,-3911
alpha 0.001,2,306,-3,-713,806,-3914
alpha 0.001,2,307,-3,-716,807,-3917
alpha 0.001,2,308,-3,-719,808,-3920
alpha 0.001,2,309,-3,-722,809,-3923
alpha 0.001,2,310,-3,-725,810,-3926
alpha 0.001,2,311,-3,-728,811,-3929
alpha 0.001,2,312,-3,-731,812,-3932
alpha 0.001,2,313,-3,-734,813,-3935
alpha 0.001,2,314,-3,-737,814,-3938
alpha 0.001,2,315,-3,-740,815,-3941
alpha 0.001,2,316,-3,-743,816,-3944
alpha 0.001,2,317,-3,-746,817,-3947
alpha 0.001,2,318,-3,-749,818,-3950
alpha 0.001,2,319,-3,-752,819,-3953
alpha 0.001,2,320,-3,-755,820,-3956
alpha 0.001,2,321,-3,-758,821,-3959
alpha 0.001,2,322,-3,-761,822,-3962
alpha 0.001,2,323,-2,-763,823,-3964
alpha 0.001,2,324,-2,-765,824,-3966
alpha 0.001,2,325,-3,-768,825,-3969
alpha 0.001,2,326,-3,-771,826,-3972
alpha 0.001,2,327,-3,-774,827,-3975
alpha 0.001,2,328,-3,-777,828,-3978
alpha 0.001,2,329,-3,-780,829,-3981
alpha 0.001,2,330,-3,-783,830,-3984
alpha 0.001,2,331,-3,-786,831,-3987
alpha 0.001,2,332,-2,-788,832,-3989
alpha 0.001,2,333,-2,-790,833,-3991
alpha 0.001,2,334,-2,-792,834,-3993
alpha 0.001,2,335,-2,-794,835,-3995
alpha 0.001,2,336,-2,-796,836,-3997
alpha 0.001,2,337,-2,-798,837,-3999
alpha 0.001,2,338,-2,-800,838,-4001
alpha 0.001,2,339,-2,-802,839,-4003
alpha 0.001,2,340,-2,-804,840,-4005
alpha 0.001,2,341,-2,-806,841,-4007
alpha 0.001,2,342,-2,-808,842,-4009
alpha 0.001,2,343,-2,-810,843,-4011
alpha 0.001,2,344,-2,-812,844,-4013
alpha 0.001,2,345,-2,-814,845,-4015
alpha 0.001,2,346,-2,-816,846,-4017
alpha 0.001,2,347,-2,-818,847,-4019
alpha 0.001,2,348,-2,-820,848,-4021
alpha 0.001,2,349,-2,-822,849,-4023
alpha 0.001,2,350,-2,-824,850,-4025
alpha 0.001,2,351,-2,-826,851,-4027
alpha 0.001,2,352,-2,-828,852,-4029
alpha 0.001,2,353,-2,-830,853,-4031
alpha 0.001,2,354,-2,-832,854,-4033
alpha 0.001,2,355,-2,-834,855,-4035
alpha 0.001,2,356,-2,-836,856,-4037
alpha 0.001,2,357,-2,-838,857,-4039
alpha 0.001,2,358,-2,-840,858,-4041
alpha 0.001,2,359,-2,-842,859,-4043
alpha 0.001,2,360,-2,-844,860,-4045
alpha 0.001,2,361,-2,-846,861,-4047
alpha 0.001,2,362,-2,-848,862,-4049
alpha 0.001,2,363,-2,-850,863,-4051
alpha 0.001,2,364,-2,-852,864,-4053
alpha 0.001,2,365,-2,-854,865,-4055
alpha 0.001,2,366,-2,-856,866,-4057
alpha 0.001,2,367,-2,-858,867,-4059
alpha 0.001,2,368,-2,-860,868,-4061
alpha 0.001,2,369,-2,-862,869,-4063
alpha 0.001,2,370,-2,-864,870,-4065
alpha 0.001,2,371,-2,-866,871,-4067
alpha 0.001,2,372,-2,-868,872,-4069
alpha 0.001,2,373,-2,-870,873,-4071
alpha 0.001,2,374,-3,-873,874,-4074
alpha 0.001,2,375,-3,-876,875,-4077
alpha 0.001,2,376,-3,-879,876,-4080
alpha 0.001,2,377,-3,-882,877,-4083
alpha 0.001,2,378,-3,-885,878,-4086
alpha 0.001,2,379,-3,-888,879,-4089
alpha 0.001,2,380,-3,-891,880,-4092
alpha 0.001,2,381,-3,-894,881,-4095
alpha 0.001,2,382,-3,-897,882,-4098
alpha 0.001,2,383,-3,-900,883,-4101
alpha 0.001,2,384,-3,-903,884,-4104
alpha 0.001,2,385,-3,-906,885,-4107
alpha 0.001,2,386,-3,-909,886,-4110
alpha 0.001,2,387,-3,-912,887,-4113
alpha 0.001,2,388,-3,-915,888,-4116
alpha 0.001,2,389,-3,-918,889,-4119
alpha 0.001,2,390,-3,-921,890,-4122
alpha 0.001,2,391,-3,-924,891,-4125
alpha 0.001,2,392,-3,-927,892,-4128
alpha 0.001,2,393,-3,-930,893,-4131
alpha 0.001,2,394,-3,-933,894,-4134
alpha 0.001,2,395,-3,-936,895,-4137
alpha 0.001,2,396,-3,-939,896,-4140
alpha 0.001,2,397,-3,-942,897,-4143
alpha 0.001,2,398,-3,-945,898,-4146
alpha 0.001,2,399,-3,-948,899,-4149
alpha 0.001,2,400,-3,-951,900,-4152
alpha 0.001,2,401,-3,-954,901,-4155
alpha 0.001,2,402,-3,-957,902,-4158
alpha 0.001,2,403,-3,-960,903,-4161
alpha 0.001,2,404,-3,-963,904,-4164
alpha 0.001,2,405,-3,-966,905,-4167
alpha 0.001,2,406,-3,-969,906,-4170
alpha 0.001,2,407,-3,-972,907,-4173
alpha 0.001,2,408,-3,-975,908,-4176
alpha 0.001,2,409,-3,-978,909,-4179
alpha 0.001,2,410,-3,-981,910,-4182
alpha 0.001,2,411,-3,-984,911,-4185
alpha 0.001,2,412,-3,-987,912,-4188
alpha 0.001,2,413,-3,-990,913,-4191
alpha 0.001,2,414,-3,-993,914,-4194
alpha 0.001,2,415,-3,-996,915,-4197
alpha 0.001,2,416,-3,-999,916,-4200
alpha 0.001,2,417,-3,-1002,917,-4203
alpha 0.001,2,418,-3,-1005,918,-4206
alpha 0.001,2,419,-3,-1008,919,-4209
alpha 0.001,2,420,-3,-1011,920,-4212
alpha 0.001,2,421,-3,-1014,921,-4215
alpha 0.001,2,422,-2,-1016,922,-4217
alpha 0.001,2,423,-2,-1018,923,-4219
alpha 0.001,2,424,-2,-1020,924,-4221
alpha 0.001,2,425,-2,-1022,925,-4223
alpha 0.001,2,426,-2,-1024,926,-4225
alpha 0.001,2,427,-2,-1026,927,-4227
alpha 0.001,2,428,-2,-1028,928,-4229
alpha 0.001,2,429,-2,-1030,929,-4231
alpha 0.001,2,430,-2,-1032,930,-4233
alpha 0.001,2,431,-2,-1034,931,-4235
alpha 0.001,2,432,-2,-1036,932,-4237
alpha 0.001,2,433,-2,-1038,933,-4239
alpha 0.001,2,434,-2,-1040,934,-4241
alpha 0.001,2,435,-2,-1042,935,-4243
alpha 0.001,2,436,-2,-1044,936,-4245
alpha 0.001,2,437,-2,-1046,937,-4247
alpha 0.001,2,438,1,-1045,938,-4246
alpha 0.001,2,439,1,-1044,939,-4245
alpha 0.001,2,440,1,-1043,940,-4244
alpha 0.001,2,441,2,-1041,941,-4242
alpha 0.001,2,442,2,-1039,942,-4240
alpha 0.001,2,443,1,-1038,943,-4239
alpha 0.001,2,444,1,-1037,944,-4238
alpha 0.001,2,445,-2,-1039,945,-4240
alpha 0.001,2,446,-2,-1041,946,-4242
alpha 0.001,2,447,-2,-1043,947,-4244
alpha 0.001,2,448,-1,-1044,948,-4245
alpha 0.001,2,449,1,-1043,949,-4244
alpha 0.001,2,450,1,-1042,950,-4243
alpha 0.001,2,451,1,-1041,951,-4242
alpha 0.001,2,452,-2,-1043,952,-4244
alpha 0.001,2,453,-2,-1045,953,-4246
alpha 0.001,2,454,-2,-1047,954,-4248
alpha 0.001,2,455,-2,-1049,955,-4250
alpha 0.001,2,456,-1,-1050,956,-4251
alpha 0.001,2,457,-1,-1051,957,-4252
alpha 0.001,2,458,-1,-1052,958,-4253
alpha 0.001,2,459,-1,-1053,959,-4254
alpha 0.001,2,460,-1,-1054,960,-4255
alpha 0.001,2,461,-1,-1055,961,-4256
alpha 0.001,2,462,1,-1054,962,-4255
alpha 0.001,2,463,1,-1053,963,-4254
alpha 0.001,2,464,1,-1052,964,-4253
alpha 0.001,2,465,1,-1051,965,-4252
alpha 0.001,2,466,1,-1050,966,-4251
alpha 0.001,2,467,1,-1049,967,-4250
alpha 0.001,2,468,1,-1048,968,-4249
alpha 0.001,2,469,1,-1047,969,-4248
alpha 0.001,2,470,1,-1046,970,-4247
alpha 0.001,2,471,1,-1045,971,-4246
alpha 0.001,2,472,1,-1044,972,-4245
alpha 0.001,2,473,2,-1042,973,-4243
alpha 0.001,2,474,2,-1040,974,-4241
alpha 0.001,2,475,2,-1038,975,-4239
alpha 0.001,2,476,2,-1036,976,-4237
alpha 0.001,2,477,2,-1034,977,-4235
alpha 0.001,2,478,2,-1032,978,-4233
alpha 0.001,2,479,1,-1031,979,-4232
alpha 0.001,2,480,-2,-1033,980,-4234
alpha 0.001,2,481,-2,-1035,981,-4236
alpha 0.001,2,482,-3,-1038,982,-4239
alpha 0.001,2,483,-3,-1041,983,-4242
alpha 0.001,2,484,-5,-1046,984,-4247
alpha 0.001,2,485,-5,-1051,985,-4252
alpha 0.001,2,486,-5,-1056,986,-4257
alpha 0.001,2,487,-5,-1061,987,-4262
alpha 0.001,2,488,-3,-1064,988,-4265
alpha 0.001,2,489,-5,-1069,989,-4270
alpha 0.001,2,490,-5,-1074,990,-4275
alpha 0.001,2,491,-5,-1079,991,-4280
alpha 0.001,2,492,-3,-1082,992,-4283
alpha 0.001,2,493,-3,-1085,993,-4286
alpha 0.001,2,494,-3,-1088,994,-4289
alpha 0.001,2,495,-3,-1091,995,-4292
alpha 0.001,2,496,-3,-1094,996,-4295
alpha 0.001,2,497,-3,-1097,997,-4298
alpha 0.001,2,498,-3,-1100,998,-4301
alpha 0.001,2,499,-5,-1105,999,-4306
alpha 0.001,2,500,-5,-1110,1000,-4311
alpha 0.001,3,1,4,4,1001,-4307
alpha 0.001,3,2,2,6,1002,-4305
alpha 0.001,3,3,1,7,1003,-4304
alpha 0.001,3,4,-1,6,1004,-4305
alpha 0.001,3,5,-2,4,1005,-4307
alpha 0.001,3,6,-2,2,1006,-4309
alpha 0.001,3,7,-2,0,1007,-4311
alpha 0.001,3,8,-3,-3,1008,-4314
alpha 0.001,3,9,-3,-6,1009,-4317
alpha 0.001,3,10,-2,-8,1010,-4319
alpha 0.001,3,11,-2,-10,1011,-4321
alpha 0.001,3,12,-2,-12,1012,-4323
alpha 0.001,3,13,-2,-14,1013,-4325
alpha 0.001,3,14,-2,-16,1014,-4327
alpha 0.001,3,15,-2,-18,1015,-4329
alpha 0.001,3,16,-2,-20,1016,-4331
alpha 0.001,3,17,-2,-22,1017,-4333
alpha 0.001,3,18,-2,-24,1018,-4335
alpha 0.001,3,19,-2,-26,1019,-4337
alpha 0.001,3,20,-2,-28,1020,-4339
alpha 0.001,3,21,-2,-30,1021,-4341
alpha 0.001,3,22,-2,-32,1022,-4343
alpha 0.001,3,23,-2,-34,1023,-4345
alpha 0.001,3,24,-3,-37,1024,-4348
alpha 0.001,3,25,-3,-40,1025,-4351
alpha 0.001,3,26,-3,-43,1026,-4354
alpha 0.001,3,27,-3,-46,1027,-4357
alpha 0.001,3,28,-3,-49,1028,-4360
alpha 0.001,3,29,-3,-52,1029,-4363
alpha 0.001,3,30,-3,-55,1030,-4366
alpha 0.001,3,31,-3,-58,1031,-4369
alpha 0.001,3,32,-3,-61,1032,-4372
alpha 0.001,3,33,-3,-64,1033,-4375
alpha 0.001,3,34,-3,-67,1034,-4378
alpha 0.001,3,35,-3,-70,1035,-4381
alpha 0.001,3,36,-3,-73,1036,-4384
alpha 0.001,3,37,-3,-76,1037,-4387
alpha 0.001,3,38,-3,-79,1038,-4390
alpha 0.001,3,39,-3,-82,1039,-4393
alpha 0.001,3,40,-3,-85,1040,-4396
alpha 0.001,3,41,-3,-88,1041,-4399
alpha 0.001,3,42,-3,-91,1042,-4402
alpha 0.001,3,43,-3,-94,1043,-4405
alpha 0.001,3,44,-3,-97,1044,-4408
alpha 0.001,3,45,-3,-100,1045,-4411
alpha 0.001,3,46,-3,-103,1046,-4414
alpha 0.001,3,47,-3,-106,1047,-4417
alpha 0.001,3,48,-3,-109,1048,-4420
alpha 0.001,3,49,-3,-112,1049,-4423
alpha 0.001,3,50,-3,-115,1050,-4426
alpha 0.001,3,51,-3,-118,1051,-4429
alpha 0.001,3,52,-3,-121,1052,-4432
alpha 0.001,3,53,-3,-124,1053,-4435
alpha 0.001,3,54,-3,-127,1054,-4438
alpha 0.001,3,55,-3,-130,1055,-4441
alpha 0.001,3,56,-3,-133,1056,-4444
alpha 0.001,3,57,-3,-136,1057,-4447
alpha 0.001,3,58,-3,-139,1058,-4450
alpha 0.001,3,59,-3,-142,1059,-4453
alpha 0.001,3,60,-3,-145,1060,-4456
alpha 0.001,3,61,-3,-148,1061,-4459
alpha 0.001,3,62,-3,-151,1062,-4462
alpha 0.001,3,63,-3,-154,1063,-4465
alpha 0.001,3,64,-3,-157,1064,-4468
alpha 0.001,3,65,-3,-160,1065,-4471
alpha 0.001,3,66,-3,-163,1066,-4474
alpha 0.001,3,67,-3,-166,1067,-4477
alpha 0.001,3,68,-3,-169,1068,-4480
alpha 0.001,3,69,-3,-172,1069,-4483
alpha 0.001,3,70,-3,-175,1070,-4486
alpha 0.001,3,71,-3,-178,1071,-4489
alpha 0.001,3,72,-3,-181,1072,-4492
alpha 0.001,3,73,-3,-184,1073,-4495
alpha 0.001,3,74,-3,-187,1074,-4498
alpha 0.001,3,75,-4,-191,1075,-4502
alpha 0.001,3,76,-4,-195,1076,-4506
alpha 0.001,3,77,-4,-199,1077,-4510
alpha 0.001,3,78,-4,-203,1078,-4514
alpha 0.001,3,79,-4,-207,1079,-4518
alpha 0.001,3,80,-4,-211,1080,-4522
alpha 0.001,3,81,-4,-215,1081,-4526
alpha 0.001,3,82,-4,-219,1082,-4530
alpha 0.001,3,83,-4,-223,1083,-4534
alpha 0.001,3,84,-4,-227,1084,-4538
alpha 0.001,3,85,-4,-231,1085,-4542
alpha 0.001,3,86,-5,-236,1086,-4547
alpha 0.001,3,87,-5,-241,1087,-4552
alpha 0.001,3,88,-4,-245,1088,-4556
alpha 0.001,3,89,-4,-249,1089,-4560
alpha 0.001,3,90,-4,-253,1090,-4564
alpha 0.001,3,91,-4,-257,1091,-4568
alpha 0.001,3,92,-4,-261,1092,-4572
alpha 0.001,3,93,-4,-265,1093,-4576
alpha 0.001,3,94,-4,-269,1094,-4580
alpha 0.001,3,95,-4,-273,1095,-4584
alpha 0.001,3,96,-4,-277,1096,-4588
alpha 0.001,3,97,-4,-281,1097,-4592
alpha 0.001,3,98,-4,-285,1098,-4596
alpha 0.001,3,99,-4,-289,1099,-4600
alpha 0.001,3,100,-4,-293,1100,-4604
alpha 0.001,3,101,-4,-297,1101,-4608
alpha 0.001,3,102,-2,-299,1102,-4610
alpha 0.001,3,103,-2,-301,1103,-4612
alpha 0.001,3,104,-2,-303,1104,-4614
alpha 0.001,3,105,-3,-306,1105,-4617
alpha 0.001,3,106,-3,-309,1106,-4620
alpha 0.001,3,107,-3,-312,1107,-4623
alpha 0.001,3,108,-3,-315,1108,-4626
alpha 0.001,3,109,-3,-318,1109,-4629
alpha 0.001,3,110,-2,-320,1110,-4631
alpha 0.001,3,111,-2,-322,1111,-4633
alpha 0.001,3,112,-2,-324,1112,-4635
alpha 0.001,3,113,-2,-326,1113,-4637
alpha 0.001,3,114,-1,-327,1114,-4638
alpha 0.001,3,115,-1,-328,1115,-4639
alpha 0.001,3,116,1,-327,1116,-4638
alpha 0.001,3,117,1,-326,1117,-4637
alpha 0.001,3,118,1,-325,1118,-4636
alpha 0.001,3,119,2,-323,1119,-4634
alpha 0.001,3,120,2,-321,1120,-4632
alpha 0.001,3,121,4,-317,1121,-4628
alpha 0.001,3,122,-2,-319,1122,-4630
alpha 0.001,3,123,-3,-322,1123,-4633
alpha 0.001,3,124,-3,-325,1124,-4636
alpha 0.001,3,125,-3,-328,1125,-4639
alpha 0.001,3,126,-2,-330,1126,-4641
alpha 0.001,3,127,-2,-332,1127,-4643
alpha 0.001,3,128,-2,-334,1128,-4645
alpha 0.001,3,129,-3,-337,1129,-4648
alpha 0.001,3,130,-4,-341,1130,-4652
alpha 0.001,3,131,-6,-347,1131,-4658
alpha 0.001,3,132,-6,-353,1132,-4664
alpha 0.001,3,133,-6,-359,1133,-4670
alpha 0.001,3,134,-6,-365,1134,-4676
alpha 0.001,3,135,-7,-372,1135,-4683
alpha 0.001,3,136,-7,-379,1136,-4690
alpha 0.001,3,137,-7,-386,1137,-4697
alpha 0.001,3,138,-7,-393,1138,-4704
alpha 0.001,3,139,-7,-400,1139,-4711
alpha 0.001,3,140,-7,-407,1140,-4718
alpha 0.001,3,141,-7,-414,1141,-4725
alpha 0.001,3,142,-7,-421,1142,-4732
alpha 0.001,3,143,-7,-428,1143,-4739
alpha 0.001,3,144,-7,-435,1144,-4746
alpha 0.001,3,145,-5,-440,1145,-4751
alpha 0.001,3,146,-5,-445,1146,-4756
alpha 0.001,3,147,-5,-450,1147,-4761
alpha 0.001,3,148,-5,-455,1148,-4766
alpha 0.001,3,149,-5,-460,1149,-4771
alpha 0.001,3,150,-5,-465,1150,-4776
alpha 0.001,3,151,-5,-470,1151,-4781
alpha 0.001,3,152,-5,-475,1152,-4786
alpha 0.001,3,153,-6,-481,1153,-4792
alpha 0.001,3,154,-6,-487,1154,-4798
alpha 0.001,3,155,-6,-493,1155,-4804
alpha 0.001,3,156,-6,-499,1156,-4810
alpha 0.001,3,157,-6,-505,1157,-4816
alpha 0.001,3,158,-6,-511,1158,-4822
alpha 0.001,3,159,-6,-517,1159,-4828
alpha 0.001,3,160,-6,-523,1160,-4834
alpha 0.001,3,161,-6,-529,1161,-4840
alpha 0.001,3,162,-6,-535,1162,-4846
alpha 0.001,3,163,-6,-541,1163,-4852
alpha 0.001,3,164,-6,-547,1164,-4858
alpha 0.001,3,165,-8,-555,1165,-4866
alpha 0.001,3,166,-8,-563,1166,-4874
alpha 0.001,3,167,-8,-571,1167,-4882
alpha 0.001,3,168,-8,-579,1168,-4890
alpha 0.001,3,169,-8,-587,1169,-4898
alpha 0.001,3,170,-6,-593,1170,-4904
alpha 0.001,3,171,-6,-599,1171,-4910
alpha 0.001,3,172,-6,-605,1172,-4916
alpha 0.001,3,173,-6,-611,1173,-4922
alpha 0.001,3,174,-6,-617,1174,-4928
alpha 0.001,3,175,-8,-625,1175,-4936
alpha 0.001,3,176,-8,-633,1176,-4944
alpha 0.001,3,177,-8,-641,1177,-4952
alpha 0.001,3,178,-8,-649,1178,-4960
alpha 0.001,3,179,-8,-657,1179,-4968
alpha 0.001,3,180,-8,-665,1180,-4976
alpha 0.001,3,181,-8,-673,1181,-4984
alpha 0.001,3,182,-8,-681,1182,-4992
alpha 0.001,3,183,-6,-687,1183,-4998
alpha 0.001,3,184,-6,-693,1184,-5004
alpha 0.001,3,185,-6,-699,1185,-5010
alpha 0.001,3,186,-6,-705,1186,-5016
alpha 0.001,3,187,-6,-711,1187,-5022
alpha 0.001,3,188,-6,-717,1188,-5028
alpha 0.001,3,189,-6,-723,1189,-5034
alpha 0.001,3,190,-6,-729,1190,-5040
alpha 0.001,3,191,-5,-734,1191,-5045
alpha 0.001,3,192,-5,-739,1192,-5050
alpha 0.001,3,193,-5,-744,1193,-5055
alpha 0.001,3,194,-5,-749,1194,-5060
alpha 0.001,3,195,-5,-754,1195,-5065
alpha 0.001,3,196,-5,-759,1196,-5070
alpha 0.001,3,197,-5,-764,1197,-5075
alpha 0.001,3,198,-5,-769,1198,-5080
alpha 0.001,3,199,-5,-774,1199,-5085
alpha 0.001,3,200,-5,-779,1200,-5090
alpha 0.001,3,201,-5,-784,1201,-5095
alpha 0.001,3,202,-5,-789,1202,-5100
alpha 0.001,3,203,-4,-793,1203,-5104
alpha 0.001,3,204,-4,-797,1204,-5108
alpha 0.001,3,205,-4,-801,1205,-5112
alpha 0.001,3,206,-4,-805,1206,-5116
alpha 0.001,3,207,-4,-809,1207,-5120
alpha 0.001,3,208,-4,-813,1208,-5124
alpha 0.001,3,209,-3,-816,1209,-5127
alpha 0.001,3,210,-2,-818,1210,-5129
alpha 0.001,3,211,-2,-820,1211,-5131
alpha 0.001,3,212,1,-819,1212,-5130
alpha 0.001,3,213,1,-818,1213,-5129
alpha 0.001,3,214,-2,-820,1214,-5131
alpha 0.001,3,215,-2,-822,1215,-5133
alpha 0.001,3,216,-2,-824,1216,-5135
alpha 0.001,3,217,-2,-826,1217,-5137
alpha 0.001,3,218,-2,-828,1218,-5139
alpha 0.001,3,219,-2,-830,1219,-5141
alpha 0.001,3,220,-2,-832,1220,-5143
alpha 0.001,3,221,-2,-834,1221,-5145
alpha 0.001,3,222,-2,-836,1222,-5147
alpha 0.001,3,223,-2,-838,1223,-5149
alpha 0.001,3,224,-2,-840,1224,-5151
alpha 0.001,3,225,-2,-842,1225,-5153
alpha 0.001,3,226,-2,-844,1226,-5155
alpha 0.001,3,227,-2,-846,1227,-5157
alpha 0.001,3,228,-2,-848,1228,-5159
alpha 0.001,3,229,-2,-850,1229,-5161
alpha 0.001,3,230,-2,-852,1230,-5163
alpha 0.001,3,231,-2,-854,1231,-5165
alpha 0.001,3,232,-3,-857,1232,-5168
alpha 0.001,3,233,-3,-860,1233,-5171
alpha 0.001,3,234,-3,-863,1234,-5174
alpha 0.001,3,235,-3,-866,1235,-5177
alpha 0.001,3,236,-3,-869,1236,-5180
alpha 0.001,3,237,-3,-872,1237,-5183
alpha 0.001,3,238,-3,-875,1238,-5186
alpha 0.001,3,239,-3,-878,1239,-5189
alpha 0.001,3,240,-3,-881,1240,-5192
alpha 0.001,3,241,-3,-884,1241,-5195
alpha 0.001,3,242,-4,-888,1242,-5199
alpha 0.001,3,243,-4,-892,1243,-5203
alpha 0.001,3,244,-4,-896,1244,-5207
alpha 0.001,3,245,-3,-899,1245,-5210
alpha 0.001,3,246,-3,-902,1246,-5213
alpha 0.001,3,247,-5,-907,1247,-5218
alpha 0.001,3,248,-5,-912,1248,-5223
alpha 0.001,3,249,-5,-917,1249,-5228
alpha 0.001,3,250,-5,-922,1250,-5233
alpha 0.001,3,251,-5,-927,1251,-5238
alpha 0.001,3,252,-5,-932,1252,-5243
alpha 0.001,3,253,-5,-937,1253,-5248
alpha 0.001,3,254,-5,-942,1254,-5253
alpha 0.001,3,255,-5,-947,1255,-5258
alpha 0.001,3,256,-5,-952,1256,-5263
alpha 0.001,3,257,-5,-957,1257,-5268
alpha 0.001,3,258,-5,-962,1258,-5273
alpha 0.001,3,259,-5,-967,1259,-5278
alpha 0.001,3,260,-5,-972,1260,-5283
alpha 0.001,3,261,-5,-977,1261,-5288
alpha 0.001,3,262,-5,-982,1262,-5293
alpha 0.001,3,263,-5,-987,1263,-5298
alpha 0.001,3,264,-5,-992,1264,-5303
alpha 0.001,3,265,-5,-997,1265,-5308
alpha 0.001,3,266,-5,-1002,1266,-5313
alpha 0.001,3,267,-5,-1007,1267,-5318
alpha 0.001,3,268,-5,-1012,1268,-5323
alpha 0.001,3,269,-5,-1017,1269,-5328
alpha 0.001,3,270,-5,-1022,1270,-5333
alpha 0.001,3,271,-6,-1028,1271,-5339
alpha 0.001,3,272,-6,-1034,1272,-5345
alpha 0.001,3,273,-6,-1040,1273,-5351
alpha 0.001,3,274,-6,-1046,1274,-5357
alpha 0.001,3,275,-6,-1052,1275,-5363
alpha 0.001,3,276,-6,-1058,1276,-5369
alpha 0.001,3,277,-6,-1064,1277,-5375
alpha 0.001,3,278,-6,-1070,1278,-5381
alpha 0.001,3,279,-6,-1076,1279,-5387
alpha 0.001,3,280,-6,-1082,1280,-5393
alpha 0.001,3,281,-6,-1088,1281,-5399
alpha 0.001,3,282,-6,-1094,1282,-5405
alpha 0.001,3,283,-6,-1100,1283,-5411
alpha 0.001,3,284,-6,-1106,1284,-5417
alpha 0.001,3,285,-6,-1112,1285,-5423
alpha 0.001,3,286,-6,-1118,1286,-5429
alpha 0.001,3,287,-6,-1124,1287,-5435
alpha 0.001,3,288,-6,-1130,1288,-5441
alpha 0.001,3,289,-6,-1136,1289,-5447
alpha 0.001,3,290,-6,-1142,1290,-5453
alpha 0.001,3,291,-4,-1146,1291,-5457
alpha 0.001,3,292,-4,-1150,1292,-5461
alpha 0.001,3,293,-4,-1154,1293,-5465
alpha 0.001,3,294,-4,-1158,1294,-5469
alpha 0.001,3,295,-4,-1162,1295,-5473
alpha 0.001,3,296,-4,-1166,1296,-5477
alpha 0.001,3,297,-4,-1170,1297,-5481
alpha 0.001,3,298,-4,-1174,1298,-5485
alpha 0.001,3,299,-4,-1178,1299,-5489
alpha 0.001,3,300,-3,-1181,1300,-5492
alpha 0.001,3,301,-3,-1184,1301,-5495
alpha 0.001,3,302,-3,-1187,1302,-5498
alpha 0.001,3,303,-3,-1190,1303,-5501
alpha 0.001,3,304,-3,-1193,1304,-5504
alpha 0.001,3,305,-3,-1196,1305,-5507
alpha 0.001,3,306,-3,-1199,1306,-5510
alpha 0.001,3,307,-3,-1202,1307,-5513
alpha 0.001,3,308,-3,-1205,1308,-5516
alpha 0.001,3,309,-3,-1208,1309,-5519
alpha 0.001,3,310,-3,-1211,1310,-5522
alpha 0.001,3,311,-2,-1213,1311,-5524
alpha 0.001,3,312,1,-1212,1312,-5523
alpha 0.001,3,313,1,-1211,1313,-5522
alpha 0.001,3,314,1,-1210,1314,-5521
alpha 0.001,3,315,1,-1209,1315,-5520
alpha 0.001,3,316,1,-1208,1316,-5519
alpha 0.001,3,317,1,-1207,1317,-5518
alpha 0.001,3,318,1,-1206,1318,-5517
alpha 0.001,3,319,-1,-1207,1319,-5518
alpha 0.001,3,320,-2,-1209,1320,-5520
alpha 0.001,3,321,-2,-1211,1321,-5522
alpha 0.001,3,322,-2,-1213,1322,-5524
alpha 0.001,3,323,-2,-1215,1323,-5526
alpha 0.001,3,324,-3,-1218,1324,-5529
alpha 0.001,3,325,-3,-1221,1325,-5532
alpha 0.001,3,326,-4,-1225,1326,-5536
alpha 0.001,3,327,-4,-1229,1327,-5540
alpha 0.001,3,328,-4,-1233,1328,-5544
alpha 0.001,3,329,-4,-1237,1329,-5548
alpha 0.001,3,330,-4,-1241,1330,-5552
alpha 0.001,3,331,-4,-1245,1331,-5556
alpha 0.001,3,332,-4,-1249,1332,-5560
alpha 0.001,3,333,-4,-1253,1333,-5564
alpha 0.001,3,334,-4,-1257,1334,-5568
alpha 0.001,3,335,-4,-1261,1335,-5572
alpha 0.001,3,336,-4,-1265,1336,-5576
alpha 0.001,3,337,-4,-1269,1337,-5580
alpha 0.001,3,338,-4,-1273,1338,-5584
alpha 0.001,3,339,-4,-1277,1339,-5588
alpha 0.001,3,340,-5,-1282,1340,-5593
alpha 0.001,3,341,-5,-1287,1341,-5598
alpha 0.001,3,342,-5,-1292,1342,-5603
alpha 0.001,3,343,-5,-1297,1343,-5608
alpha 0.001,3,344,-5,-1302,1344,-5613
alpha 0.001,3,345,-5,-1307,1345,-5618
alpha 0.001,3,346,-5,-1312,1346,-5623
alpha 0.001,3,347,-5,-1317,1347,-5628
alpha 0.001,3,348,-5,-1322,1348,-5633
alpha 0.001,3,349,-5,-1327,1349,-5638
alpha 0.001,3,350,-5,-1332,1350,-5643
alpha 0.001,3,351,-5,-1337,1351,-5648
alpha 0.001,3,352,-5,-1342,1352,-5653
alpha 0.001,3,353,-5,-1347,1353,-5658
alpha 0.001,3,354,-5,-1352,1354,-5663
alpha 0.001,3,355,-5,-1357,1355,-5668
alpha 0.001,3,356,-5,-1362,1356,-5673
alpha 0.001,3,357,-5,-1367,1357,-5678
alpha 0.001,3,358,-5,-1372,1358,-5683
alpha 0.001,3,359,-5,-1377,1359,-5688
alpha 0.001,3,360,-5,-1382,1360,-5693
alpha 0.001,3,361,-5,-1387,1361,-5698
alpha 0.001,3,362,-5,-1392,1362,-5703
alpha 0.001,3,363,-5,-1397,1363,-5708
alpha 0.001,3,364,-5,-1402,1364,-5713
alpha 0.001,3,365,-5,-1407,1365,-5718
alpha 0.001,3,366,-5,-1412,1366,-5723
alpha 0.001,3,367,-5,-1417,1367,-5728
alpha 0.001,3,368,-5,-1422,1368,-5733
alpha 0.001,3,369,-5,-1427,1369,-5738
alpha 0.001,3,370,-5,-1432,1370,-5743
alpha 0.001,3,371,-5,-1437,1371,-5748
alpha 0.001,3,372,-5,-1442,1372,-5753
alpha 0.001,3,373,-5,-1447,1373,-5758
alpha 0.001,3,374,-5,-1452,1374,-5763
alpha 0.001,3,375,-5,-1457,1375,-5768
alpha 0.001,3,376,-5,-1462,1376,-5773
alpha 0.001,3,377,-5,-1467,1377,-5778
alpha 0.001,3,378,-5,-1472,1378,-5783
alpha 0.001,3,379,-5,-1477,1379,-5788
alpha 0.001,3,380,-4,-1481,1380,-5792
alpha 0.001,3,381,-4,-1485,1381,-5796
alpha 0.001,3,382,-4,-1489,1382,-5800
alpha 0.001,3,383,-4,-1493,1383,-5804
alpha 0.001,3,384,-4,-1497,1384,-5808
alpha 0.001,3,385,-4,-1501,1385,-5812
alpha 0.001,3,386,-3,-1504,1386,-5815
alpha 0.001,3,387,-3,-1507,1387,-5818
alpha 0.001,3,388,-3,-1510,1388,-5821
alpha 0.001,3,389,-4,-1514,1389,-5825
alpha 0.001,3,390,-5,-1519,1390,-5830
alpha 0.001,3,391,-4,-1523,1391,-5834
alpha 0.001,3,392,-4,-1527,1392,-5838
alpha 0.001,3,393,-3,-1530,1393,-5841
alpha 0.001,3,394,-3,-1533,1394,-5844
alpha 0.001,3,395,-1,-1534,1395,-5845
alpha 0.001,3,396,-1,-1535,1396,-5846
alpha 0.001,3,397,-1,-1536,1397,-5847
alpha 0.001,3,398,2,-1534,1398,-5845
alpha 0.001,3,399,2,-1532,1399,-5843
alpha 0.001,3,400,-1,-1533,1400,-5844
alpha 0.001,3,401,-2,-1535,1401,-5846
alpha 0.001,3,402,-7,-1542,1402,-5853
alpha 0.001,3,403,-7,-1549,1403,-5860
alpha 0.001,3,404,-6,-1555,1404,-5866
alpha 0.001,3,405,-5,-1560,1405,-5871
alpha 0.001,3,406,-5,-1565,1406,-5876
alpha 0.001,3,407,-5,-1570,1407,-5881
alpha 0.001,3,408,-5,-1575,1408,-5886
alpha 0.001,3,409,-5,-1580,1409,-5891
alpha 0.001,3,410,-5,-1585,1410,-5896
alpha 0.001,3,411,-5,-1590,1411,-5901
alpha 0.001,3,412,-5,-1595,1412,-5906
alpha 0.001,3,413,-5,-1600,1413,-5911
alpha 0.001,3,414,-5,-1605,1414,-5916
alpha 0.001,3,415,-5,-1610,1415,-5921
alpha 0.001,3,416,-5,-1615,1416,-5926
alpha 0.001,3,417,-5,-1620,1417,-5931
alpha 0.001,3,418,-5,-1625,1418,-5936
alpha 0.001,3,419,-5,-1630,1419,-5941
alpha 0.001,3,420,-5,-1635,1420,-5946
alpha 0.001,3,421,-5,-1640,1421,-5951
alpha 0.001,3,422,-5,-1645,1422,-5956
alpha 0.001,3,423,-5,-1650,1423,-5961
alpha 0.001,3,424,-5,-1655,1424,-5966
alpha 0.001,3,425,-5,-1660,1425,-5971
alpha 0.001,3,426,-5,-1665,1426,-5976
alpha 0.001,3,427,-5,-1670,1427,-5981
alpha 0.001,3,428,-5,-1675,1428,-5986
alpha 0.001,3,429,-5,-1680,1429,-5991
alpha 0.001,3,430,-5,-1685,1430,-5996
alpha 0.001,3,431,-5,-1690,1431,-6001
alpha 0.001,3,432,-5,-1695,1432,-6006
alpha 0.001,3,433,-5,-1700,1433,-6011
alpha 0.001,3,434,-5,-1705,1434,-6016
alpha 0.001,3,435,-5,-1710,1435,-6021
alpha 0.001,3,436,-5,-1715,1436,-6026
alpha 0.001,3,437,-5,-1720,1437,-6031
alpha 0.001,3,438,-5,-1725,1438,-6036
alpha 0.001,3,439,-5,-1730,1439,-6041
alpha 0.001,3,440,-5,-1735,1440,-6046
alpha 0.001,3,441,-5,-1740,1441,-6051
alpha 0.001,3,442,-5,-1745,1442,-6056
alpha 0.001,3,443,-5,-1750,1443,-6061
alpha 0.001,3,444,-5,-1755,1444,-6066
alpha 0.001,3,445,-5,-1760,1445,-6071
alpha 0.001,3,446,-5,-1765,1446,-6076
alpha 0.001,3,447,-5,-1770,1447,-6081
alpha 0.001,3,448,-5,-1775,1448,-6086
alpha 0.001,3,449,-5,-1780,1449,-6091
alpha 0.001,3,450,-5,-1785,1450,-6096
alpha 0.001,3,451,-5,-1790,1451,-6101
alpha 0.001,3,452,-5,-1795,1452,-6106
alpha 0.001,3,453,-5,-1800,1453,-6111
alpha 0.001,3,454,-5,-1805,1454,-6116
alpha 0.001,3,455,-5,-1810,1455,-6121
alpha 0.001,3,456,-5,-1815,1456,-6126
alpha 0.001,3,457,-5,-1820,1457,-6131
alpha 0.001,3,458,-5,-1825,1458,-6136
alpha 0.001,3,459,-5,-1830,1459,-6141
alpha 0.001,3,460,-5,-1835,1460,-6146
alpha 0.001,3,461,-5,-1840,1461,-6151
alpha 0.001,3,462,-5,-1845,1462,-6156
alpha 0.001,3,463,-5,-1850,1463,-6161
alpha 0.001,3,464,-5,-1855,1464,-6166
alpha 0.001,3,465,-5,-1860,1465,-6171
alpha 0.001,3,466,-5,-1865,1466,-6176
alpha 0.001,3,467,-5,-1870,1467,-6181
alpha 0.001,3,468,-5,-1875,1468,-6186
alpha 0.001,3,469,-5,-1880,1469,-6191
alpha 0.001,3,470,-5,-1885,1470,-6196
alpha 0.001,3,471,-5,-1890,1471,-6201
alpha 0.001,3,472,-5,-1895,1472,-6206
alpha 0.001,3,473,-5,-1900,1473,-6211
alpha 0.001,3,474,-5,-1905,1474,-6216
alpha 0.001,3,475,-5,-1910,1475,-6221
alpha 0.001,3,476,-6,-1916,1476,-6227
alpha 0.001,3,477,-6,-1922,1477,-6233
alpha 0.001,3,478,-6,-1928,1478,-6239
alpha 0.001,3,479,-5,-1933,1479,-6244
alpha 0.001,3,480,-5,-1938,1480,-6249
alpha 0.001,3,481,-5,-1943,1481,-6254
alpha 0.001,3,482,-3,-1946,1482,-6257
alpha 0.001,3,483,-3,-1949,1483,-6260
alpha 0.001,3,484,-5,-1954,1484,-6265
alpha 0.001,3,485,-5,-1959,1485,-6270
alpha 0.001,3,486,-5,-1964,1486,-6275
alpha 0.001,3,487,-5,-1969,1487,-6280
alpha 0.001,3,488,-5,-1974,1488,-6285
alpha 0.001,3,489,-5,-1979,1489,-6290
alpha 0.001,3,490,-5,-1984,1490,-6295
alpha 0.001,3,491,-2,-1986,1491,-6297
alpha 0.001,3,492,-2,-1988,1492,-6299
alpha 0.001,3,493,-2,-1990,1493,-6301
alpha 0.001,3,494,-3,-1993,1494,-6304
alpha 0.001,3,495,-2,-1995,1495,-6306
alpha 0.001,3,496,-2,-1997,1496,-6308
alpha 0.001,3,497,-2,-1999,1497,-6310
alpha 0.001,3,498,-2,-2001,1498,-6312
alpha 0.001,3,499,-2,-2003,1499,-6314
alpha 0.001,3,500,-2,-2005,1500,-6316
alpha 0.001,4,1,4,4,1501,-6312
alpha 0.001,4,2,2,6,1502,-6310
alpha 0.001,4,3,1,7,1503,-6309
alpha 0.001,4,4,-2,5,1504,-6311
alpha 0.001,4,5,-4,1,1505,-6315
alpha 0.001,4,6,-7,-6,1506,-6322
alpha 0.001,4,7,-8,-14,1507,-6330
alpha 0.001,4,8,-8,-22,1508,-6338
alpha 0.001,4,9,-7,-29,1509,-6345
alpha 0.001,4,10,-6,-35,1510,-6351
alpha 0.001,4,11,-5,-40,1511,-6356
alpha 0.001,4,12,-5,-45,1512,-6361
alpha 0.001,4,13,-7,-52,1513,-6368
alpha 0.001,4,14,-7,-59,1514,-6375
alpha 0.001,4,15,-7,-66,1515,-6382
alpha 0.001,4,16,-7,-73,1516,-6389
alpha 0.001,4,17,-1,-74,1517,-6390
alpha 0.001,4,18,-1,-75,1518,-6391
alpha 0.001,4,19,-2,-77,1519,-6393
alpha 0.001,4,20,-3,-80,1520,-6396
alpha 0.001,4,21,-5,-85,1521,-6401
alpha 0.001,4,22,-5,-90,1522,-6406
alpha 0.001,4,23,-5,-95,1523,-6411
alpha 0.001,4,24,-5,-100,1524,-6416
alpha 0.001,4,25,-5,-105,1525,-6421
alpha 0.001,4,26,-3,-108,1526,-6424
alpha 0.001,4,27,-3,-111,1527,-6427
alpha 0.001,4,28,-5,-116,1528,-6432
alpha 0.001,4,29,-5,-121,1529,-6437
alpha 0.001,4,30,-5,-126,1530,-6442
alpha 0.001,4,31,-5,-131,1531,-6447
alpha 0.001,4,32,-3,-134,1532,-6450
alpha 0.001,4,33,-3,-137,1533,-6453
alpha 0.001,4,34,-3,-140,1534,-6456
alpha 0.001,4,35,-5,-145,1535,-6461
alpha 0.001,4,36,-5,-150,1536,-6466
alpha 0.001,4,37,-5,-155,1537,-6471
alpha 0.001,4,38,-5,-160,1538,-6476
alpha 0.001,4,39,-3,-163,1539,-6479
alpha 0.001,4,40,-3,-166,1540,-6482
alpha 0.001,4,41,-5,-171,1541,-6487
alpha 0.001,4,42,-5,-176,1542,-6492
alpha 0.001,4,43,-5,-181,1543,-6497
alpha 0.001,4,44,-5,-186,1544,-6502
alpha 0.001,4,45,-3,-189,1545,-6505
alpha 0.001,4,46,-3,-192,1546,-6508
alpha 0.001,4,47,-5,-197,1547,-6513
alpha 0.001,4,48,-5,-202,1548,-6518
alpha 0.001,4,49,-5,-207,1549,-6523
alpha 0.001,4,50,-5,-212,1550,-6528
alpha 0.001,4,51,-5,-217,1551,-6533
alpha 0.001,4,52,-3,-220,1552,-6536
alpha 0.001,4,53,-3,-223,1553,-6539
alpha 0.001,4,54,-5,-228,1554,-6544
alpha 0.001,4,55,-5,-233,1555,-6549
alpha 0.001,4,56,-5,-238,1556,-6554
alpha 0.001,4,57,-5,-243,1557,-6559
alpha 0.001,4,58,-5,-248,1558,-6564
alpha 0.001,4,59,-5,-253,1559,-6569
alpha 0.001,4,60,-5,-258,1560,-6574
alpha 0.001,4,61,-5,-263,1561,-6579
alpha 0.001,4,62,-5,-268,1562,-6584
alpha 0.001,4,63,-5,-273,1563,-6589
alpha 0.001,4,64,-5,-278,1564,-6594
alpha 0.001,4,65,-5,-283,1565,-6599
alpha 0.001,4,66,-5,-288,1566,-6604
alpha 0.001,4,67,-5,-293,1567,-6609
alpha 0.001,4,68,-5,-298,1568,-6614
alpha 0.001,4,69,-5,-303,1569,-6619
alpha 0.001,4,70,-5,-308,1570,-6624
alpha 0.001,4,71,-5,-313,1571,-6629
alpha 0.001,4,72,-5,-318,1572,-6634
alpha 0.001,4,73,-5,-323,1573,-6639
alpha 0.001,4,74,-5,-328,1574,-6644
alpha 0.001,4,75,-5,-333,1575,-6649
alpha 0.001,4,76,-5,-338,1576,-6654
alpha 0.001,4,77,-5,-343,1577,-6659
alpha 0.001,4,78,-5,-348,1578,-6664
alpha 0.001,4,79,-5,-353,1579,-6669
alpha 0.001,4,80,-5,-358,1580,-6674
alpha 0.001,4,81,-5,-363,1581,-6679
alpha 0.001,4,82,-5,-368,1582,-6684
alpha 0.001,4,83,-5,-373,1583,-6689
alpha 0.001,4,84,-5,-378,1584,-6694
alpha 0.001,4,85,-5,-383,1585,-6699
alpha 0.001,4,86,-5,-388,1586,-6704
alpha 0.001,4,87,-5,-393,1587,-6709
alpha 0.001,4,88,-5,-398,1588,-6714
alpha 0.001,4,89,-5,-403,1589,-6719
alpha 0.001,4,90,-5,-408,1590,-6724
alpha 0.001,4,91,-5,-413,1591,-6729
alpha 0.001,4,92,-6,-419,1592,-6735
alpha 0.001,4,93,-6,-425,1593,-6741
alpha 0.001,4,94,-6,-431,1594,-6747
alpha 0.001,4,95,-6,-437,1595,-6753
alpha 0.001,4,96,-6,-443,1596,-6759
alpha 0.001,4,97,-6,-449,1597,-6765
alpha 0.001,4,98,-6,-455,1598,-6771
alpha 0.001,4,99,-6,-461,1599,-6777
alpha 0.001,4,100,-6,-467,1600,-6783
alpha 0.001,4,101,-7,-474,1601,-6790
alpha 0.001,4,102,-7,-481,1602,-6797
alpha 0.001,4,103,-7,-488,1603,-6804
alpha 0.001,4,104,-7,-495,1604,-6811
alpha 0.001,4,105,-7,-502,1605,-6818
alpha 0.001,4,106,-7,-509,1606,-6825
alpha 0.001,4,107,-7,-516,1607,-6832
alpha 0.001,4,108,-7,-523,1608,-6839
alpha 0.001,4,109,-7,-530,1609,-6846
alpha 0.001,4,110,-7,-537,1610,-6853
alpha 0.001,4,111,-7,-544,1611,-6860
alpha 0.001,4,112,-7,-551,1612,-6867
alpha 0.001,4,113,-7,-558,1613,-6874
alpha 0.001,4,114,-7,-565,1614,-6881
alpha 0.001,4,115,-7,-572,1615,-6888
alpha 0.001,4,116,-7,-579,1616,-6895
alpha 0.001,4,117,-7,-586,1617,-6902
alpha 0.001,4,118,-7,-593,1618,-6909
alpha 0.001,4,119,-7,-600,1619,-6916
alpha 0.001,4,120,-7,-607,1620,-6923
alpha 0.001,4,121,-7,-614,1621,-6930
alpha 0.001,4,122,-7,-621,1622,-6937
alpha 0.001,4,123,-7,-628,1623,-6944
alpha 0.001,4,124,-7,-635,1624,-6951
alpha 0.001,4,125,-7,-642,1625,-6958
alpha 0.001,4,126,-7,-649,1626,-6965
alpha 0.001,4,127,-7,-656,1627,-6972
alpha 0.001,4,128,-7,-663,1628,-6979
alpha 0.001,4,129,-7,-670,1629,-6986
alpha 0.001,4,130,-7,-677,1630,-6993
alpha 0.001,4,131,-7,-684,1631,-7000
alpha 0.001,4,132,-7,-691,1632,-7007
alpha 0.001,4,133,-7,-698,1633,-7014
alpha 0.001,4,134,-7,-705,1634,-7021
alpha 0.001,4,135,-7,-712,1635,-7028
alpha 0.001,4,136,-7,-719,1636,-7035
alpha 0.001,4,137,-7,-726,1637,-7042
alpha 0.001,4,138,-6,-732,1638,-7048
alpha 0.001,4,139,-6,-738,1639,-7054
alpha 0.001,4,140,-6,-744,1640,-7060
alpha 0.001,4,141,-6,-750,1641,-7066
alpha 0.001,4,142,-6,-756,1642,-7072
alpha 0.001,4,143,-6,-762,1643,-7078
alpha 0.001,4,144,-6,-768,1644,-7084
alpha 0.001,4,145,-6,-774,1645,-7090
alpha 0.001,4,146,-6,-780,1646,-7096
alpha 0.001,4,147,-6,-786,1647,-7102
alpha 0.001,4,148,-5,-791,1648,-7107
alpha 0.001,4,149,-5,-796,1649,-7112
alpha 0.001,4,150,-5,-801,1650,-7117
alpha 0.001,4,151,-5,-806,1651,-7122
alpha 0.001,4,152,-5,-811,1652,-7127
alpha 0.001,4,153,-5,-816,1653,-7132
alpha 0.001,4,154,-5,-821,1654,-7137
alpha 0.001,4,155,-5,-826,1655,-7142
alpha 0.001,4,156,-5,-831,1656,-7147
alpha 0.001,4,157,-5,-836,1657,-7152
alpha 0.001,4,158,-5,-841,1658,-7157
alpha 0.001,4,159,-5,-846,1659,-7162
alpha 0.001,4,160,-5,-851,1660,-7167
alpha 0.001,4,161,-3,-854,1661,-7170
alpha 0.001,4,162,-3,-857,1662,-7173
alpha 0.001,4,163,-3,-860,1663,-7176
alpha 0.001,4,164,-5,-865,1664,-7181
alpha 0.001,4,165,-5,-870,1665,-7186
alpha 0.001,4,166,-5,-875,1666,-7191
alpha 0.001,4,167,-5,-880,1667,-7196
alpha 0.001,4,168,-3,-883,1668,-7199
alpha 0.001,4,169,-3,-886,1669,-7202
alpha 0.001,4,170,-3,-889,1670,-7205
alpha 0.001,4,171,-5,-894,1671,-7210
alpha 0.001,4,172,-5,-899,1672,-7215
alpha 0.001,4,173,-5,-904,1673,-7220
alpha 0.001,4,174,-5,-909,1674,-7225
alpha 0.001,4,175,-3,-912,1675,-7228
alpha 0.001,4,176,-3,-915,1676,-7231
alpha 0.001,4,177,-3,-918,1677,-7234
alpha 0.001,4,178,-3,-921,1678,-7237
alpha 0.001,4,179,-5,-926,1679,-7242
alpha 0.001,4,180,-5,-931,1680,-7247
alpha 0.001,4,181,-5,-936,1681,-7252
alpha 0.001,4,182,-5,-941,1682,-7257
alpha 0.001,4,183,-5,-946,1683,-7262
alpha 0.001,4,184,-5,-951,1684,-7267
alpha 0.001,4,185,-5,-956,1685,-7272
alpha 0.001,4,186,-5,-961,1686,-7277
alpha 0.001,4,187,-5,-966,1687,-7282
alpha 0.001,4,188,-6,-972,1688,-7288
alpha 0.001,4,189,-6,-978,1689,-7294
alpha 0.001,4,190,-6,-984,1690,-7300
alpha 0.001,4,191,-6,-990,1691,-7306
alpha 0.001,4,192,-6,-996,1692,-7312
alpha 0.001,4,193,-6,-1002,1693,-7318
alpha 0.001,4,194,-6,-1008,1694,-7324
alpha 0.001,4,195,-6,-1014,1695,-7330
alpha 0.001,4,196,-6,-1020,1696,-7336
alpha 0.001,4,197,-6,-1026,1697,-7342
alpha 0.001,4,198,-6,-1032,1698,-7348
alpha 0.001,4,199,-6,-1038,1699,-7354
alpha 0.001,4,200,-6,-1044,1700,-7360
alpha 0.001,4,201,-6,-1050,1701,-7366
alpha 0.001,4,202,-7,-1057,1702,-7373
alpha 0.001,4,203,-7,-1064,1703,-7380
alpha 0.001,4,204,-7,-1071,1704,-7387
alpha 0.001,4,205,-7,-1078,1705,-7394
alpha 0.001,4,206,-7,-1085,1706,-7401
alpha 0.001,4,207,-7,-1092,1707,-7408
alpha 0.001,4,208,-7,-1099,1708,-7415
alpha 0.001,4,209,-7,-1106,1709,-7422
alpha 0.001,4,210,-6,-1112,1710,-7428
alpha 0.001,4,211,-6,-1118,1711,-7434
alpha 0.001,4,212,-6,-1124,1712,-7440
alpha 0.001,4,213,-7,-1131,1713,-7447
alpha 0.001,4,214,-7,-1138,1714,-7454
alpha 0.001,4,215,-7,-1145,1715,-7461
alpha 0.001,4,216,-7,-1152,1716,-7468
alpha 0.001,4,217,-7,-1159,1717,-7475
alpha 0.001,4,218,-7,-1166,1718,-7482
alpha 0.001,4,219,-7,-1173,1719,-7489
alpha 0.001,4,220,-7,-1180,1720,-7496
alpha 0.001,4,221,-7,-1187,1721,-7503
alpha 0.001,4,222,-7,-1194,1722,-7510
alpha 0.001,4,223,-7,-1201,1723,-7517
alpha 0.001,4,224,-7,-1208,1724,-7524
alpha 0.001,4,225,-7,-1215,1725,-7531
alpha 0.001,4,226,-7,-1222,1726,-7538
alpha 0.001,4,227,-7,-1229,1727,-7545
alpha 0.001,4,228,-7,-1236,1728,-7552
alpha 0.001,4,229,-7,-1243,1729,-7559
alpha 0.001,4,230,-7,-1250,1730,-7566
alpha 0.001,4,231,-7,-1257,1731,-7573
alpha 0.001,4,232,-7,-1264,1732,-7580
alpha 0.001,4,233,-7,-1271,1733,-7587
alpha 0.001,4,234,-7,-1278,1734,-7594
alpha 0.001,4,235,-7,-1285,1735,-7601
alpha 0.001,4,236,-7,-1292,1736,-7608
alpha 0.001,4,237,-7,-1299,1737,-7615
alpha 0.001,4,238,-7,-1306,1738,-7622
alpha 0.001,4,239,-7,-1313,1739,-7629
alpha 0.001,4,240,-7,-1320,1740,-7636
alpha 0.001,4,241,-7,-1327,1741,-7643
alpha 0.001,4,242,-7,-1334,1742,-7650
alpha 0.001,4,243,-7,-1341,1743,-7657
alpha 0.001,4,244,-7,-1348,1744,-7664
alpha 0.001,4,245,-7,-1355,1745,-7671
alpha 0.001,4,246,-7,-1362,1746,-7678
alpha 0.001,4,247,-7,-1369,1747,-7685
alpha 0.001,4,248,-7,-1376,1748,-7692
alpha 0.001,4,249,-7,-1383,1749,-7699
alpha 0.001,4,250,-7,-1390,1750,-7706
alpha 0.001,4,251,-7,-1397,1751,-7713
alpha 0.001,4,252,-7,-1404,1752,-7720
alpha 0.001,4,253,-7,-1411,1753,-7727
alpha 0.001,4,254,-7,-1418,1754,-7734
alpha 0.001,4,255,-7,-1425,1755,-7741
alpha 0.001,4,256,-7,-1432,1756,-7748
alpha 0.001,4,257,-7,-1439,1757,-7755
alpha 0.001,4,258,-7,-1446,1758,-7762
alpha 0.001,4,259,-7,-1453,1759,-7769
alpha 0.001,4,260,-7,-1460,1760,-7776
alpha 0.001,4,261,-7,-1467,1761,-7783
alpha 0.001,4,262,-7,-1474,1762,-7790
alpha 0.001,4,263,-7,-1481,1763,-7797
alpha 0.001,4,264,-7,-1488,1764,-7804
alpha 0.001,4,265,-6,-1494,1765,-7810
alpha 0.001,4,266,-6,-1500,1766,-7816
alpha 0.001,4,267,-6,-1506,1767,-7822
alpha 0.001,4,268,-6,-1512,1768,-7828
alpha 0.001,4,269,-6,-1518,1769,-7834
alpha 0.001,4,270,-7,-1525,1770,-7841
alpha 0.001,4,271,-7,-1532,1771,-7848
alpha 0.001,4,272,-6,-1538,1772,-7854
alpha 0.001,4,273,-6,-1544,1773,-7860
alpha 0.001,4,274,-6,-1550,1774,-7866
alpha 0.001,4,275,-5,-1555,1775,-7871
alpha 0.001,4,276,-5,-1560,1776,-7876
alpha 0.001,4,277,-5,-1565,1777,-7881
alpha 0.001,4,278,-5,-1570,1778,-7886
alpha 0.001,4,279,-5,-1575,1779,-7891
alpha 0.001,4,280,-5,-1580,1780,-7896
alpha 0.001,4,281,-5,-1585,1781,-7901
alpha 0.001,4,282,-5,-1590,1782,-7906
alpha 0.001,4,283,-5,-1595,1783,-7911
alpha 0.001,4,284,-5,-1600,1784,-7916
alpha 0.001,4,285,-5,-1605,1785,-7921
alpha 0.001,4,286,-5,-1610,1786,-7926
alpha 0.001,4,287,-5,-1615,1787,-7931
alpha 0.001,4,288,-5,-1620,1788,-7936
alpha 0.001,4,289,-5,-1625,1789,-7941
alpha 0.001,4,290,-5,-1630,1790,-7946
alpha 0.001,4,291,-5,-1635,1791,-7951
alpha 0.001,4,292,-5,-1640,1792,-7956
alpha 0.001,4,293,-5,-1645,1793,-7961
alpha 0.001,4,294,-5,-1650,1794,-7966
alpha 0.001,4,295,-5,-1655,1795,-7971
alpha 0.001,4,296,-5,-1660,1796,-7976
alpha 0.001,4,297,-5,-1665,1797,-7981
alpha 0.001,4,298,-5,-1670,1798,-7986
alpha 0.001,4,299,-5,-1675,1799,-7991
alpha 0.001,4,300,-5,-1680,1800,-7996
alpha 0.001,4,301,-5,-1685,1801,-8001
alpha 0.001,4,302,-5,-1690,1802,-8006
alpha 0.001,4,303,-5,-1695,1803,-8011
alpha 0.001,4,304,-5,-1700,1804,-8016
alpha 0.001,4,305,-5,-1705,1805,-8021
alpha 0.001,4,306,-5,-1710,1806,-8026
alpha 0.001,4,307,-5,-1715,1807,-8031
alpha 0.001,4,308,-5,-1720,1808,-8036
alpha 0.001,4,309,-5,-1725,1809,-8041
alpha 0.001,4,310,-5,-1730,1810,-8046
alpha 0.001,4,311,-5,-1735,1811,-8051
alpha 0.001,4,312,-6,-1741,1812,-8057
alpha 0.001,4,313,-6,-1747,1813,-8063
alpha 0.001,4,314,-6,-1753,1814,-8069
alpha 0.001,4,315,-6,-1759,1815,-8075
alpha 0.001,4,316,-6,-1765,1816,-8081
alpha 0.001,4,317,-6,-1771,1817,-8087
alpha 0.001,4,318,-6,-1777,1818,-8093
alpha 0.001,4,319,-6,-1783,1819,-8099
alpha 0.001,4,320,-6,-1789,1820,-8105
alpha 0.001,4,321,-6,-1795,1821,-8111
alpha 0.001,4,322,-7,-1802,1822,-8118
alpha 0.001,4,323,-7,-1809,1823,-8125
alpha 0.001,4,324,-7,-1816,1824,-8132
alpha 0.001,4,325,-7,-1823,1825,-8139
alpha 0.001,4,326,-7,-1830,1826,-8146
alpha 0.001,4,327,-7,-1837,1827,-8153
alpha 0.001,4,328,-7,-1844,1828,-8160
alpha 0.001,4,329,-7,-1851,1829,-8167
alpha 0.001,4,330,-7,-1858,1830,-8174
alpha 0.001,4,331,-7,-1865,1831,-8181
alpha 0.001,4,332,-7,-1872,1832,-8188
alpha 0.001,4,333,-7,-1879,1833,-8195
alpha 0.001,4,334,-7,-1886,1834,-8202
alpha 0.001,4,335,-7,-1893,1835,-8209
alpha 0.001,4,336,-7,-1900,1836,-8216
alpha 0.001,4,337,-7,-1907,1837,-8223
alpha 0.001,4,338,-7,-1914,1838,-8230
alpha 0.001,4,339,-7,-1921,1839,-8237
alpha 0.001,4,340,-7,-1928,1840,-8244
alpha 0.001,4,341,-7,-1935,1841,-8251
alpha 0.001,4,342,-7,-1942,1842,-8258
alpha 0.001,4,343,-7,-1949,1843,-8265
alpha 0.001,4,344,-7,-1956,1844,-8272
alpha 0.001,4,345,-7,-1963,1845,-8279
alpha 0.001,4,346,-7,-1970,1846,-8286
alpha 0.001,4,347,-7,-1977,1847,-8293
alpha 0.001,4,348,-7,-1984,1848,-8300
alpha 0.001,4,349,-7,-1991,1849,-8307
alpha 0.001,4,350,-7,-1998,1850,-8314
alpha 0.001,4,351,-7,-2005,1851,-8321
alpha 0.001,4,352,-7,-2012,1852,-8328
alpha 0.001,4,353,-7,-2019,1853,-8335
alpha 0.001,4,354,-7,-2026,1854,-8342
alpha 0.001,4,355,-7,-2033,1855,-8349
alpha 0.001,4,356,-7,-2040,1856,-8356
alpha 0.001,4,357,-7,-2047,1857,-8363
alpha 0.001,4,358,-7,-2054,1858,-8370
alpha 0.001,4,359,-7,-2061,1859,-8377
alpha 0.001,4,360,-7,-2068,1860,-8384
alpha 0.001,4,361,-7,-2075,1861,-8391
alpha 0.001,4,362,-7,-2082,1862,-8398
alpha 0.001,4,363,-7,-2089,1863,-8405
alpha 0.001,4,364,-7,-2096,1864,-8412
alpha 0.001,4,365,-7,-2103,1865,-8419
alpha 0.001,4,366,-7,-2110,1866,-8426
alpha 0.001,4,367,-7,-2117,1867,-8433
alpha 0.001,4,368,-7,-2124,1868,-8440
alpha 0.001,4,369,-7,-2131,1869,-8447
alpha 0.001,4,370,-7,-2138,1870,-8454
alpha 0.001,4,371,-7,-2145,1871,-8461
alpha 0.001,4,372,-7,-2152,1872,-8468
alpha 0.001,4,373,-6,-2158,1873,-8474
alpha 0.001,4,374,-6,-2164,1874,-8480
alpha 0.001,4,375,-6,-2170,1875,-8486
alpha 0.001,4,376,-6,-2176,1876,-8492
alpha 0.001,4,377,-6,-2182,1877,-8498
alpha 0.001,4,378,-6,-2188,1878,-8504
alpha 0.001,4,379,-6,-2194,1879,-8510
alpha 0.001,4,380,-6,-2200,1880,-8516
alpha 0.001,4,381,-6,-2206,1881,-8522
alpha 0.001,4,382,-6,-2212,1882,-8528
alpha 0.001,4,383,-6,-2218,1883,-8534
alpha 0.001,4,384,-6,-2224,1884,-8540
alpha 0.001,4,385,-5,-2229,1885,-8545
alpha 0.001,4,386,-5,-2234,1886,-8550
alpha 0.001,4,387,-5,-2239,1887,-8555
alpha 0.001,4,388,-5,-2244,1888,-8560
alpha 0.001,4,389,-5,-2249,1889,-8565
alpha 0.001,4,390,-5,-2254,1890,-8570
alpha 0.001,4,391,-5,-2259,1891,-8575
alpha 0.001,4,392,-5,-2264,1892,-8580
alpha 0.001,4,393,-5,-2269,1893,-8585
alpha 0.001,4,394,-3,-2272,1894,-8588
alpha 0.001,4,395,-3,-2275,1895,-8591
alpha 0.001,4,396,-3,-2278,1896,-8594
alpha 0.001,4,397,-3,-2281,1897,-8597
alpha 0.001,4,398,-3,-2284,1898,-8600
alpha 0.001,4,399,-3,-2287,1899,-8603
alpha 0.001,4,400,-3,-2290,1900,-8606
alpha 0.001,4,401,-5,-2295,1901,-8611
alpha 0.001,4,402,-3,-2298,1902,-8614
alpha 0.001,4,403,-3,-2301,1903,-8617
alpha 0.001,4,404,-3,-2304,1904,-8620
alpha 0.001,4,405,-3,-2307,1905,-8623
alpha 0.001,4,406,-3,-2310,1906,-8626
alpha 0.001,4,407,-3,-2313,1907,-8629
alpha 0.001,4,408,-3,-2316,1908,-8632
alpha 0.001,4,409,-3,-2319,1909,-8635
alpha 0.001,4,410,-3,-2322,1910,-8638
alpha 0.001,4,411,-3,-2325,1911,-8641
alpha 0.001,4,412,-3,-2328,1912,-8644
alpha 0.001,4,413,-3,-2331,1913,-8647
alpha 0.001,4,414,-3,-2334,1914,-8650
alpha 0.001,4,415,-3,-2337,1915,-8653
alpha 0.001,4,416,-4,-2341,1916,-8657
alpha 0.001,4,417,-4,-2345,1917,-8661
alpha 0.001,4,418,-4,-2349,1918,-8665
alpha 0.001,4,419,-4,-2353,1919,-8669
alpha 0.001,4,420,-4,-2357,1920,-8673
alpha 0.001,4,421,-4,-2361,1921,-8677
alpha 0.001,4,422,-4,-2365,1922,-8681
alpha 0.001,4,423,-4,-2369,1923,-8685
alpha 0.001,4,424,-4,-2373,1924,-8689
alpha 0.001,4,425,-4,-2377,1925,-8693
alpha 0.001,4,426,-4,-2381,1926,-8697
alpha 0.001,4,427,-4,-2385,1927,-8701
alpha 0.001,4,428,-4,-2389,1928,-8705
alpha 0.001,4,429,-4,-2393,1929,-8709
alpha 0.001,4,430,-4,-2397,1930,-8713
alpha 0.001,4,431,-4,-2401,1931,-8717
alpha 0.001,4,432,-5,-2406,1932,-8722
alpha 0.001,4,433,-5,-2411,1933,-8727
alpha 0.001,4,434,-5,-2416,1934,-8732
alpha 0.001,4,435,-5,-2421,1935,-8737
alpha 0.001,4,436,-5,-2426,1936,-8742
alpha 0.001,4,437,-5,-2431,1937,-8747
alpha 0.001,4,438,-5,-2436,1938,-8752
alpha 0.001,4,439,-6,-2442,1939,-8758
alpha 0.001,4,440,-6,-2448,1940,-8764
alpha 0.001,4,441,-6,-2454,1941,-8770
alpha 0.001,4,442,-6,-2460,1942,-8776
alpha 0.001,4,443,-6,-2466,1943,-8782
alpha 0.001,4,444,-6,-2472,1944,-8788
alpha 0.001,4,445,-6,-2478,1945,-8794
alpha 0.001,4,446,-6,-2484,1946,-8800
alpha 0.001,4,447,-6,-2490,1947,-8806
alpha 0.001,4,448,-6,-2496,1948,-8812
alpha 0.001,4,449,-6,-2502,1949,-8818
alpha 0.001,4,450,-6,-2508,1950,-8824
alpha 0.001,4,451,-6,-2514,1951,-8830
alpha 0.001,4,452,-6,-2520,1952,-8836
alpha 0.001,4,453,-6,-2526,1953,-8842
alpha 0.001,4,454,-8,-2534,1954,-8850
alpha 0.001,4,455,-8,-2542,1955,-8858
alpha 0.001,4,456,-8,-2550,1956,-8866
alpha 0.001,4,457,-8,-2558,1957,-8874
alpha 0.001,4,458,-8,-2566,1958,-8882
alpha 0.001,4,459,-8,-2574,1959,-8890
alpha 0.001,4,460,-8,-2582,1960,-8898
alpha 0.001,4,461,-10,-2592,1961,-8908
alpha 0.001,4,462,-10,-2602,1962,-8918
alpha 0.001,4,463,-10,-2612,1963,-8928
alpha 0.001,4,464,-10,-2622,1964,-8938
alpha 0.001,4,465,-10,-2632,1965,-8948
alpha 0.001,4,466,-10,-2642,1966,-8958
alpha 0.001,4,467,-10,-2652,1967,-8968
alpha 0.001,4,468,-10,-2662,1968,-8978
alpha 0.001,4,469,-10,-2672,1969,-8988
alpha 0.001,4,470,-10,-2682,1970,-8998
alpha 0.001,4,471,-10,-2692,1971,-9008
alpha 0.001,4,472,-10,-2702,1972,-9018
alpha 0.001,4,473,-8,-2710,1973,-9026
alpha 0.001,4,474,-8,-2718,1974,-9034
alpha 0.001,4,475,-10,-2728,1975,-9044
alpha 0.001,4,476,-10,-2738,1976,-9054
alpha 0.001,4,477,-10,-2748,1977,-9064
alpha 0.001,4,478,-10,-2758,1978,-9074
alpha 0.001,4,479,-10,-2768,1979,-9084
alpha 0.001,4,480,-10,-2778,1980,-9094
alpha 0.001,4,481,-10,-2788,1981,-9104
alpha 0.001,4,482,-10,-2798,1982,-9114
alpha 0.001,4,483,-10,-2808,1983,-9124
alpha 0.001,4,484,-10,-2818,1984,-9134
alpha 0.001,4,485,-10,-2828,1985,-9144
alpha 0.001,4,486,-10,-2838,1986,-9154
alpha 0.001,4,487,-10,-2848,1987,-9164
alpha 0.001,4,488,-10,-2858,1988,-9174
alpha 0.001,4,489,-10,-2868,1989,-9184
alpha 0.001,4,490,-8,-2876,1990,-9192
alpha 0.001,4,491,-8,-2884,1991,-9200
alpha 0.001,4,492,-8,-2892,1992,-9208
alpha 0.001,4,493,-8,-2900,1993,-9216
alpha 0.001,4,494,-8,-2908,1994,-9224
alpha 0.001,4,495,-8,-2916,1995,-9232
alpha 0.001,4,496,-8,-2924,1996,-9240
alpha 0.001,4,497,-8,-2932,1997,-9248
alpha 0.001,4,498,-8,-2940,1998,-9256
alpha 0.001,4,499,-8,-2948,1999,-9264
alpha 0.001,4,500,-8,-2956,2000,-9272
alpha 0.001,5,1,4,4,2001,-9268
alpha 0.001,5,2,4,8,2002,-9264
alpha 0.001,5,3,2,10,2003,-9262
alpha 0.001,5,4,1,11,2004,-9261
alpha 0.001,5,5,1,12,2005,-9260
alpha 0.001,5,6,-1,11,2006,-9261
alpha 0.001,5,7,-2,9,2007,-9263
alpha 0.001,5,8,-3,6,2008,-9266
alpha 0.001,5,9,-3,3,2009,-9269
alpha 0.001,5,10,-3,0,2010,-9272
alpha 0.001,5,11,-4,-4,2011,-9276
alpha 0.001,5,12,-4,-8,2012,-9280
alpha 0.001,5,13,-4,-12,2013,-9284
alpha 0.001,5,14,-3,-15,2014,-9287
alpha 0.001,5,15,-3,-18,2015,-9290
alpha 0.001,5,16,-3,-21,2016,-9293
alpha 0.001,5,17,-3,-24,2017,-9296
alpha 0.001,5,18,-3,-27,2018,-9299
alpha 0.001,5,19,-3,-30,2019,-9302
alpha 0.001,5,20,-3,-33,2020,-9305
alpha 0.001,5,21,1,-32,2021,-9304
alpha 0.001,5,22,1,-31,2022,-9303
alpha 0.001,5,23,2,-29,2023,-9301
alpha 0.001,5,24,4,-25,2024,-9297
alpha 0.001,5,25,1,-24,2025,-9296
alpha 0.001,5,26,-2,-26,2026,-9298
alpha 0.001,5,27,-4,-30,2027,-9302
alpha 0.001,5,28,-4,-34,2028,-9306
alpha 0.001,5,29,-4,-38,2029,-9310
alpha 0.001,5,30,-5,-43,2030,-9315
alpha 0.001,5,31,-5,-48,2031,-9320
alpha 0.001,5,32,-4,-52,2032,-9324
alpha 0.001,5,33,-4,-56,2033,-9328
alpha 0.001,5,34,-4,-60,2034,-9332
alpha 0.001,5,35,-3,-63,2035,-9335
alpha 0.001,5,36,-3,-66,2036,-9338
alpha 0.001,5,37,-3,-69,2037,-9341
alpha 0.001,5,38,-4,-73,2038,-9345
alpha 0.001,5,39,-4,-77,2039,-9349
alpha 0.001,5,40,-4,-81,2040,-9353
alpha 0.001,5,41,-4,-85,2041,-9357
alpha 0.001,5,42,-4,-89,2042,-9361
alpha 0.001,5,43,-4,-93,2043,-9365
alpha 0.001,5,44,-4,-97,2044,-9369
alpha 0.001,5,45,-4,-101,2045,-9373
alpha 0.001,5,46,-4,-105,2046,-9377
alpha 0.001,5,47,-4,-109,2047,-9381
alpha 0.001,5,48,-4,-113,2048,-9385
alpha 0.001,5,49,-4,-117,2049,-9389
alpha 0.001,5,50,-4,-121,2050,-9393
alpha 0.001,5,51,-4,-125,2051,-9397
alpha 0.001,5,52,-4,-129,2052,-9401
alpha 0.001,5,53,-3,-132,2053,-9404
alpha 0.001,5,54,-3,-135,2054,-9407
alpha 0.001,5,55,-3,-138,2055,-9410
alpha 0.001,5,56,-3,-141,2056,-9413
alpha 0.001,5,57,-3,-144,2057,-9416
alpha 0.001,5,58,-3,-147,2058,-9419
alpha 0.001,5,59,-3,-150,2059,-9422
alpha 0.001,5,60,-3,-153,2060,-9425
alpha 0.001,5,61,-7,-160,2061,-9432
alpha 0.001,5,62,-6,-166,2062,-9438
alpha 0.001,5,63,-4,-170,2063,-9442
alpha 0.001,5,64,-4,-174,2064,-9446
alpha 0.001,5,65,-4,-178,2065,-9450
alpha 0.001,5,66,-3,-181,2066,-9453
alpha 0.001,5,67,-3,-184,2067,-9456
alpha 0.001,5,68,-3,-187,2068,-9459
alpha 0.001,5,69,-3,-190,2069,-9462
alpha 0.001,5,70,-3,-193,2070,-9465
alpha 0.001,5,71,-3,-196,2071,-9468
alpha 0.001,5,72,-2,-198,2072,-9470
alpha 0.001,5,73,-2,-200,2073,-9472
alpha 0.001,5,74,-2,-202,2074,-9474
alpha 0.001,5,75,-3,-205,2075,-9477
alpha 0.001,5,76,-3,-208,2076,-9480
alpha 0.001,5,77,-3,-211,2077,-9483
alpha 0.001,5,78,-2,-213,2078,-9485
alpha 0.001,5,79,-2,-215,2079,-9487
alpha 0.001,5,80,-2,-217,2080,-9489
alpha 0.001,5,81,-2,-219,2081,-9491
alpha 0.001,5,82,-3,-222,2082,-9494
alpha 0.001,5,83,-3,-225,2083,-9497
alpha 0.001,5,84,-3,-228,2084,-9500
alpha 0.001,5,85,-3,-231,2085,-9503
alpha 0.001,5,86,-3,-234,2086,-9506
alpha 0.001,5,87,-3,-237,2087,-9509
alpha 0.001,5,88,-4,-241,2088,-9513
alpha 0.001,5,89,-4,-245,2089,-9517
alpha 0.001,5,90,-4,-249,2090,-9521
alpha 0.001,5,91,-4,-253,2091,-9525
alpha 0.001,5,92,-4,-257,2092,-9529
alpha 0.001,5,93,-4,-261,2093,-9533
alpha 0.001,5,94,-4,-265,2094,-9537
alpha 0.001,5,95,-4,-269,2095,-9541
alpha 0.001,5,96,-4,-273,2096,-9545
alpha 0.001,5,97,-4,-277,2097,-9549
alpha 0.001,5,98,-4,-281,2098,-9553
alpha 0.001,5,99,-3,-284,2099,-9556
alpha 0.001,5,100,-3,-287,2100,-9559
alpha 0.001,5,101,-3,-290,2101,-9562
alpha 0.001,5,102,-3,-293,2102,-9565
alpha 0.001,5,103,-1,-294,2103,-9566
alpha 0.001,5,104,-1,-295,2104,-9567
alpha 0.001,5,105,-2,-297,2105,-9569
alpha 0.001,5,106,-2,-299,2106,-9571
alpha 0.001,5,107,-1,-300,2107,-9572
alpha 0.001,5,108,-2,-302,2108,-9574
alpha 0.001,5,109,-2,-304,2109,-9576
alpha 0.001,5,110,-3,-307,2110,-9579
alpha 0.001,5,111,-3,-310,2111,-9582
alpha 0.001,5,112,-2,-312,2112,-9584
alpha 0.001,5,113,-3,-315,2113,-9587
alpha 0.001,5,114,-3,-318,2114,-9590
alpha 0.001,5,115,-3,-321,2115,-9593
alpha 0.001,5,116,-3,-324,2116,-9596
alpha 0.001,5,117,-3,-327,2117,-9599
alpha 0.001,5,118,-3,-330,2118,-9602
alpha 0.001,5,119,-5,-335,2119,-9607
alpha 0.001,5,120,-5,-340,2120,-9612
alpha 0.001,5,121,-5,-345,2121,-9617
alpha 0.001,5,122,-5,-350,2122,-9622
alpha 0.001,5,123,-5,-355,2123,-9627
alpha 0.001,5,124,-5,-360,2124,-9632
alpha 0.001,5,125,-5,-365,2125,-9637
alpha 0.001,5,126,-5,-370,2126,-9642
alpha 0.001,5,127,-5,-375,2127,-9647
alpha 0.001,5,128,-5,-380,2128,-9652
alpha 0.001,5,129,-5,-385,2129,-9657
alpha 0.001,5,130,-5,-390,2130,-9662
alpha 0.001,5,131,-5,-395,2131,-9667
alpha 0.001,5,132,-5,-400,2132,-9672
alpha 0.001,5,133,-5,-405,2133,-9677
alpha 0.001,5,134,-5,-410,2134,-9682
alpha 0.001,5,135,-5,-415,2135,-9687
alpha 0.001,5,136,-3,-418,2136,-9690
alpha 0.001,5,137,-3,-421,2137,-9693
alpha 0.001,5,138,-2,-423,2138,-9695
alpha 0.001,5,139,-2,-425,2139,-9697
alpha 0.001,5,140,-2,-427,2140,-9699
alpha 0.001,5,141,-2,-429,2141,-9701
alpha 0.001,5,142,-2,-431,2142,-9703
alpha 0.001,5,143,-2,-433,2143,-9705
alpha 0.001,5,144,-3,-436,2144,-9708
alpha 0.001,5,145,-3,-439,2145,-9711
alpha 0.001,5,146,-3,-442,2146,-9714
alpha 0.001,5,147,-5,-447,2147,-9719
alpha 0.001,5,148,-5,-452,2148,-9724
alpha 0.001,5,149,-5,-457,2149,-9729
alpha 0.001,5,150,-5,-462,2150,-9734
alpha 0.001,5,151,-5,-467,2151,-9739
alpha 0.001,5,152,-5,-472,2152,-9744
alpha 0.001,5,153,-5,-477,2153,-9749
alpha 0.001,5,154,-5,-482,2154,-9754
alpha 0.001,5,155,-6,-488,2155,-9760
alpha 0.001,5,156,-6,-494,2156,-9766
alpha 0.001,5,157,-6,-500,2157,-9772
alpha 0.001,5,158,-5,-505,2158,-9777
alpha 0.001,5,159,-5,-510,2159,-9782
alpha 0.001,5,160,-5,-515,2160,-9787
alpha 0.001,5,161,-5,-520,2161,-9792
alpha 0.001,5,162,-5,-525,2162,-9797
alpha 0.001,5,163,-5,-530,2163,-9802
alpha 0.001,5,164,-6,-536,2164,-9808
alpha 0.001,5,165,-6,-542,2165,-9814
alpha 0.001,5,166,-6,-548,2166,-9820
alpha 0.001,5,167,-5,-553,2167,-9825
alpha 0.001,5,168,-5,-558,2168,-9830
alpha 0.001,5,169,-5,-563,2169,-9835
alpha 0.001,5,170,-5,-568,2170,-9840
alpha 0.001,5,171,-5,-573,2171,-9845
alpha 0.001,5,172,-5,-578,2172,-9850
alpha 0.001,5,173,-5,-583,2173,-9855
alpha 0.001,5,174,-5,-588,2174,-9860
alpha 0.001,5,175,-5,-593,2175,-9865
alpha 0.001,5,176,-5,-598,2176,-9870
alpha 0.001,5,177,-5,-603,2177,-9875
alpha 0.001,5,178,-5,-608,2178,-9880
alpha 0.001,5,179,-5,-613,2179,-9885
alpha 0.001,5,180,-5,-618,2180,-9890
alpha 0.001,5,181,-5,-623,2181,-9895
alpha 0.001,5,182,-5,-628,2182,-9900
alpha 0.001,5,183,-5,-633,2183,-9905
alpha 0.001,5,184,-5,-638,2184,-9910
alpha 0.001,5,185,-5,-643,2185,-9915
alpha 0.001,5,186,-5,-648,2186,-9920
alpha 0.001,5,187,-5,-653,2187,-9925
alpha 0.001,5,188,-5,-658,2188,-9930
alpha 0.001,5,189,-5,-663,2189,-9935
alpha 0.001,5,190,-5,-668,2190,-9940
alpha 0.001,5,191,-5,-673,2191,-9945
alpha 0.001,5,192,-5,-678,2192,-9950
alpha 0.001,5,193,-5,-683,2193,-9955
alpha 0.001,5,194,-5,-688,2194,-9960
alpha 0.001,5,195,-5,-693,2195,-9965
alpha 0.001,5,196,-5,-698,2196,-9970
alpha 0.001,5,197,-5,-703,2197,-9975
alpha 0.001,5,198,-5,-708,2198,-9980
alpha 0.001,5,199,-5,-713,2199,-9985
alpha 0.001,5,200,-5,-718,2200,-9990
alpha 0.001,5,201,-5,-723,2201,-9995
alpha 0.001,5,202,-5,-728,2202,-10000
alpha 0.001,5,203,-5,-733,2203,-10005
alpha 0.001,5,204,-6,-739,2204,-10011
alpha 0.001,5,205,-6,-745,2205,-10017
alpha 0.001,5,206,-6,-751,2206,-10023
alpha 0.001,5,207,-6,-757,2207,-10029
alpha 0.001,5,208,-6,-763,2208,-10035
alpha 0.001,5,209,-6,-769,2209,-10041
alpha 0.001,5,210,-6,-775,2210,-10047
alpha 0.001,5,211,-6,-781,2211,-10053
alpha 0.001,5,212,-6,-787,2212,-10059
alpha 0.001,5,213,-7,-794,2213,-10066
alpha 0.001,5,214,-7,-801,2214,-10073
alpha 0.001,5,215,-7,-808,2215,-10080
alpha 0.001,5,216,-7,-815,2216,-10087
alpha 0.001,5,217,-7,-822,2217,-10094
alpha 0.001,5,218,-7,-829,2218,-10101
alpha 0.001,5,219,-7,-836,2219,-10108
alpha 0.001,5,220,-7,-843,2220,-10115
alpha 0.001,5,221,-7,-850,2221,-10122
alpha 0.001,5,222,-7,-857,2222,-10129
alpha 0.001,5,223,-7,-864,2223,-10136
alpha 0.001,5,224,-7,-871,2224,-10143
alpha 0.001,5,225,-7,-878,2225,-10150
alpha 0.001,5,226,-7,-885,2226,-10157
alpha 0.001,5,227,-7,-892,2227,-10164
alpha 0.001,5,228,-7,-899,2228,-10171
alpha 0.001,5,229,-7,-906,2229,-10178
alpha 0.001,5,230,-7,-913,2230,-10185
alpha 0.001,5,231,-7,-920,2231,-10192
alpha 0.001,5,232,-7,-927,2232,-10199
alpha 0.001,5,233,-7,-934,2233,-10206
alpha 0.001,5,234,-7,-941,2234,-10213
alpha 0.001,5,235,-7,-948,2235,-10220
alpha 0.001,5,236,-7,-955,2236,-10227
alpha 0.001,5,237,-7,-962,2237,-10234
alpha 0.001,5,238,-7,-969,2238,-10241
alpha 0.001,5,239,-7,-976,2239,-10248
alpha 0.001,5,240,-7,-983,2240,-10255
alpha 0.001,5,241,-7,-990,2241,-10262
alpha 0.001,5,242,-7,-997,2242,-10269
alpha 0.001,5,243,-7,-1004,2243,-10276
alpha 0.001,5,244,-7,-1011,2244,-10283
alpha 0.001,5,245,-7,-1018,2245,-10290
alpha 0.001,5,246,-7,-1025,2246,-10297
alpha 0.001,5,247,-7,-1032,2247,-10304
alpha 0.001,5,248,-7,-1039,2248,-10311
alpha 0.001,5,249,-7,-1046,2249,-10318
alpha 0.001,5,250,-7,-1053,2250,-10325
alpha 0.001,5,251,-7,-1060,2251,-10332
alpha 0.001,5,252,-7,-1067,2252,-10339
alpha 0.001,5,253,-7,-1074,2253,-10346
alpha 0.001,5,254,-7,-1081,2254,-10353
alpha 0.001,5,255,-7,-1088,2255,-10360
alpha 0.001,5,256,-7,-1095,2256,-10367
alpha 0.001,5,257,-7,-1102,2257,-10374
alpha 0.001,5,258,-7,-1109,2258,-10381
alpha 0.001,5,259,-7,-1116,2259,-10388
alpha 0.001,5,260,-7,-1123,2260,-10395
alpha 0.001,5,261,-7,-1130,2261,-10402
alpha 0.001,5,262,-7,-1137,2262,-10409
alpha 0.001,5,263,-7,-1144,2263,-10416
alpha 0.001,5,264,-7,-1151,2264,-10423
alpha 0.001,5,265,-7,-1158,2265,-10430
alpha 0.001,5,266,-7,-1165,2266,-10437
alpha 0.001,5,267,-7,-1172,2267,-10444
alpha 0.001,5,268,-7,-1179,2268,-10451
alpha 0.001,5,269,-7,-1186,2269,-10458
alpha 0.001,5,270,-6,-1192,2270,-10464
alpha 0.001,5,271,-6,-1198,2271,-10470
alpha 0.001,5,272,-6,-1204,2272,-10476
alpha 0.001,5,273,-6,-1210,2273,-10482
alpha 0.001,5,274,-6,-1216,2274,-10488
alpha 0.001,5,275,-6,-1222,2275,-10494
alpha 0.001,5,276,-6,-1228,2276,-10500
alpha 0.001,5,277,-6,-1234,2277,-10506
alpha 0.001,5,278,-6,-1240,2278,-10512
alpha 0.001,5,279,-5,-1245,2279,-10517
alpha 0.001,5,280,-5,-1250,2280,-10522
alpha 0.001,5,281,-5,-1255,2281,-10527
alpha 0.001,5,282,-5,-1260,2282,-10532
alpha 0.001,5,283,-5,-1265,2283,-10537
alpha 0.001,5,284,-5,-1270,2284,-10542
alpha 0.001,5,285,-5,-1275,2285,-10547
alpha 0.001,5,286,-5,-1280,2286,-10552
alpha 0.001,5,287,-5,-1285,2287,-10557
alpha 0.001,5,288,-5,-1290,2288,-10562
alpha 0.001,5,289,-5,-1295,2289,-10567
alpha 0.001,5,290,-5,-1300,2290,-10572
alpha 0.001,5,291,-5,-1305,2291,-10577
alpha 0.001,5,292,-5,-1310,2292,-10582
alpha 0.001,5,293,-5,-1315,2293,-10587
alpha 0.001,5,294,-5,-1320,2294,-10592
alpha 0.001,5,295,-5,-1325,2295,-10597
alpha 0.001,5,296,-5,-1330,2296,-10602
alpha 0.001,5,297,-3,-1333,2297,-10605
alpha 0.001,5,298,-2,-1335,2298,-10607
alpha 0.001,5,299,-3,-1338,2299,-10610
alpha 0.001,5,300,-5,-1343,2300,-10615
alpha 0.001,5,301,-5,-1348,2301,-10620
alpha 0.001,5,302,-5,-1353,2302,-10625
alpha 0.001,5,303,-5,-1358,2303,-10630
alpha 0.001,5,304,-5,-1363,2304,-10635
alpha 0.001,5,305,-5,-1368,2305,-10640
alpha 0.001,5,306,-5,-1373,2306,-10645
alpha 0.001,5,307,-5,-1378,2307,-10650
alpha 0.001,5,308,-5,-1383,2308,-10655
alpha 0.001,5,309,-5,-1388,2309,-10660
alpha 0.001,5,310,-5,-1393,2310,-10665
alpha 0.001,5,311,-5,-1398,2311,-10670
alpha 0.001,5,312,-5,-1403,2312,-10675
alpha 0.001,5,313,-5,-1408,2313,-10680
alpha 0.001,5,314,-6,-1414,2314,-10686
alpha 0.001,5,315,-6,-1420,2315,-10692
alpha 0.001,5,316,-6,-1426,2316,-10698
alpha 0.001,5,317,-6,-1432,2317,-10704
alpha 0.001,5,318,-6,-1438,2318,-10710
alpha 0.001,5,319,-5,-1443,2319,-10715
alpha 0.001,5,320,-5,-1448,2320,-10720
alpha 0.001,5,321,-5,-1453,2321,-10725
alpha 0.001,5,322,-5,-1458,2322,-10730
alpha 0.001,5,323,-7,-1465,2323,-10737
alpha 0.001,5,324,-7,-1472,2324,-10744
alpha 0.001,5,325,-7,-1479,2325,-10751
alpha 0.001,5,326,-7,-1486,2326,-10758
alpha 0.001,5,327,-7,-1493,2327,-10765
alpha 0.001,5,328,-7,-1500,2328,-10772
alpha 0.001,5,329,-7,-1507,2329,-10779
alpha 0.001,5,330,-7,-1514,2330,-10786
alpha 0.001,5,331,-7,-1521,2331,-10793
alpha 0.001,5,332,-7,-1528,2332,-10800
alpha 0.001,5,333,-7,-1535,2333,-10807
alpha 0.001,5,334,-7,-1542,2334,-10814
alpha 0.001,5,335,-8,-1550,2335,-10822
alpha 0.001,5,336,-8,-1558,2336,-10830
alpha 0.001,5,337,-8,-1566,2337,-10838
alpha 0.001,5,338,-8,-1574,2338,-10846
alpha 0.001,5,339,-8,-1582,2339,-10854
alpha 0.001,5,340,-8,-1590,2340,-10862
alpha 0.001,5,341,-8,-1598,2341,-10870
alpha 0.001,5,342,-8,-1606,2342,-10878
alpha 0.001,5,343,-8,-1614,2343,-10886
alpha 0.001,5,344,-8,-1622,2344,-10894
alpha 0.001,5,345,-8,-1630,2345,-10902
alpha 0.001,5,346,-8,-1638,2346,-10910
alpha 0.001,5,347,-8,-1646,2347,-10918
alpha 0.001,5,348,-8,-1654,2348,-10926
alpha 0.001,5,349,-10,-1664,2349,-10936
alpha 0.001,5,350,-10,-1674,2350,-10946
alpha 0.001,5,351,-10,-1684,2351,-10956
alpha 0.001,5,352,-10,-1694,2352,-10966
alpha 0.001,5,353,-10,-1704,2353,-10976
alpha 0.001,5,354,-10,-1714,2354,-10986
alpha 0.001,5,355,-8,-1722,2355,-10994
alpha 0.001,5,356,-8,-1730,2356,-11002
alpha 0.001,5,357,-8,-1738,2357,-11010
alpha 0.001,5,358,-8,-1746,2358,-11018
alpha 0.001,5,359,-8,-1754,2359,-11026
alpha 0.001,5,360,-8,-1762,2360,-11034
alpha 0.001,5,361,-8,-1770,2361,-11042
alpha 0.001,5,362,-8,-1778,2362,-11050
alpha 0.001,5,363,-8,-1786,2363,-11058
alpha 0.001,5,364,-8,-1794,2364,-11066
alpha 0.001,5,365,-8,-1802,2365,-11074
alpha 0.001,5,366,-8,-1810,2366,-11082
alpha 0.001,5,367,-8,-1818,2367,-11090
alpha 0.001,5,368,-8,-1826,2368,-11098
alpha 0.001,5,369,-8,-1834,2369,-11106
alpha 0.001,5,370,-8,-1842,2370,-11114
alpha 0.001,5,371,-7,-1849,2371,-11121
alpha 0.001,5,372,-8,-1857,2372,-11129
alpha 0.001,5,373,-8,-1865,2373,-11137
alpha 0.001,5,374,-7,-1872,2374,-11144
alpha 0.001,5,375,-7,-1879,2375,-11151
alpha 0.001,5,376,-7,-1886,2376,-11158
alpha 0.001,5,377,-7,-1893,2377,-11165
alpha 0.001,5,378,-7,-1900,2378,-11172
alpha 0.001,5,379,-7,-1907,2379,-11179
alpha 0.001,5,380,-7,-1914,2380,-11186
alpha 0.001,5,381,-7,-1921,2381,-11193
alpha 0.001,5,382,-7,-1928,2382,-11200
alpha 0.001,5,383,-7,-1935,2383,-11207
alpha 0.001,5,384,-7,-1942,2384,-11214
alpha 0.001,5,385,-6,-1948,2385,-11220
alpha 0.001,5,386,-6,-1954,2386,-11226
alpha 0.001,5,387,-6,-1960,2387,-11232
alpha 0.001,5,388,-6,-1966,2388,-11238
alpha 0.001,5,389,-5,-1971,2389,-11243
alpha 0.001,5,390,-5,-1976,2390,-11248
alpha 0.001,5,391,-5,-1981,2391,-11253
alpha 0.001,5,392,-5,-1986,2392,-11258
alpha 0.001,5,393,-5,-1991,2393,-11263
alpha 0.001,5,394,-5,-1996,2394,-11268
alpha 0.001,5,395,-5,-2001,2395,-11273
alpha 0.001,5,396,-5,-2006,2396,-11278
alpha 0.001,5,397,-5,-2011,2397,-11283
alpha 0.001,5,398,-5,-2016,2398,-11288
alpha 0.001,5,399,-5,-2021,2399,-11293
alpha 0.001,5,400,-5,-2026,2400,-11298
alpha 0.001,5,401,-5,-2031,2401,-11303
alpha 0.001,5,402,-5,-2036,2402,-11308
alpha 0.001,5,403,-5,-2041,2403,-11313
alpha 0.001,5,404,-5,-2046,2404,-11318
alpha 0.001,5,405,-5,-2051,2405,-11323
alpha 0.001,5,406,-5,-2056,2406,-11328
alpha 0.001,5,407,-5,-2061,2407,-11333
alpha 0.001,5,408,-5,-2066,2408,-11338
alpha 0.001,5,409,-6,-2072,2409,-11344
alpha 0.001,5,410,-6,-2078,2410,-11350
alpha 0.001,5,411,-6,-2084,2411,-11356
alpha 0.001,5,412,-7,-2091,2412,-11363
alpha 0.001,5,413,-7,-2098,2413,-11370
alpha 0.001,5,414,-7,-2105,2414,-11377
alpha 0.001,5,415,-7,-2112,2415,-11384
alpha 0.001,5,416,-7,-2119,2416,-11391
alpha 0.001,5,417,-7,-2126,2417,-11398
alpha 0.001,5,418,-7,-2133,2418,-11405
alpha 0.001,5,419,-7,-2140,2419,-11412
alpha 0.001,5,420,-7,-2147,2420,-11419
alpha 0.001,5,421,-7,-2154,2421,-11426
alpha 0.001,5,422,-7,-2161,2422,-11433
alpha 0.001,5,423,-7,-2168,2423,-11440
alpha 0.001,5,424,-7,-2175,2424,-11447
alpha 0.001,5,425,-7,-2182,2425,-11454
alpha 0.001,5,426,-8,-2190,2426,-11462
alpha 0.001,5,427,-8,-2198,2427,-11470
alpha 0.001,5,428,-8,-2206,2428,-11478
alpha 0.001,5,429,-8,-2214,2429,-11486
alpha 0.001,5,430,-8,-2222,2430,-11494
alpha 0.001,5,431,-7,-2229,2431,-11501
alpha 0.001,5,432,-7,-2236,2432,-11508
alpha 0.001,5,433,-7,-2243,2433,-11515
alpha 0.001,5,434,-8,-2251,2434,-11523
alpha 0.001,5,435,-8,-2259,2435,-11531
alpha 0.001,5,436,-8,-2267,2436,-11539
alpha 0.001,5,437,-8,-2275,2437,-11547
alpha 0.001,5,438,-8,-2283,2438,-11555
alpha 0.001,5,439,-8,-2291,2439,-11563
alpha 0.001,5,440,-8,-2299,2440,-11571
alpha 0.001,5,441,-8,-2307,2441,-11579
alpha 0.001,5,442,-8,-2315,2442,-11587
alpha 0.001,5,443,-8,-2323,2443,-11595
alpha 0.001,5,444,-8,-2331,2444,-11603
alpha 0.001,5,445,-8,-2339,2445,-11611
alpha 0.001,5,446,-8,-2347,2446,-11619
alpha 0.001,5,447,-8,-2355,2447,-11627
alpha 0.001,5,448,-8,-2363,2448,-11635
alpha 0.001,5,449,-8,-2371,2449,-11643
alpha 0.001,5,450,-8,-2379,2450,-11651
alpha 0.001,5,451,-8,-2387,2451,-11659
alpha 0.001,5,452,-8,-2395,2452,-11667
alpha 0.001,5,453,-8,-2403,2453,-11675
alpha 0.001,5,454,-8,-2411,2454,-11683
alpha 0.001,5,455,-7,-2418,2455,-11690
alpha 0.001,5,456,-7,-2425,2456,-11697
alpha 0.001,5,457,-7,-2432,2457,-11704
alpha 0.001,5,458,-7,-2439,2458,-11711
alpha 0.001,5,459,-7,-2446,2459,-11718
alpha 0.001,5,460,-7,-2453,2460,-11725
alpha 0.001,5,461,-7,-2460,2461,-11732
alpha 0.001,5,462,-7,-2467,2462,-11739
alpha 0.001,5,463,-7,-2474,2463,-11746
alpha 0.001,5,464,-7,-2481,2464,-11753
alpha 0.001,5,465,-7,-2488,2465,-11760
alpha 0.001,5,466,-7,-2495,2466,-11767
alpha 0.001,5,467,-7,-2502,2467,-11774
alpha 0.001,5,468,-7,-2509,2468,-11781
alpha 0.001,5,469,-7,-2516,2469,-11788
alpha 0.001,5,470,-7,-2523,2470,-11795
alpha 0.001,5,471,-7,-2530,2471,-11802
alpha 0.001,5,472,-7,-2537,2472,-11809
alpha 0.001,5,473,-7,-2544,2473,-11816
alpha 0.001,5,474,-7,-2551,2474,-11823
alpha 0.001,5,475,-7,-2558,2475,-11830
alpha 0.001,5,476,-7,-2565,2476,-11837
alpha 0.001,5,477,-7,-2572,2477,-11844
alpha 0.001,5,478,-7,-2579,2478,-11851
alpha 0.001,5,479,-7,-2586,2479,-11858
alpha 0.001,5,480,-7,-2593,2480,-11865
alpha 0.001,5,481,-7,-2600,2481,-11872
alpha 0.001,5,482,-7,-2607,2482,-11879
alpha 0.001,5,483,-7,-2614,2483,-11886
alpha 0.001,5,484,-7,-2621,2484,-11893
alpha 0.001,5,485,-7,-2628,2485,-11900
alpha 0.001,5,486,-7,-2635,2486,-11907
alpha 0.001,5,487,-7,-2642,2487,-11914
alpha 0.001,5,488,-7,-2649,2488,-11921
alpha 0.001,5,489,-7,-2656,2489,-11928
alpha 0.001,5,490,-7,-2663,2490,-11935
alpha 0.001,5,491,-7,-2670,2491,-11942
alpha 0.001,5,492,-7,-2677,2492,-11949
alpha 0.001,5,493,-7,-2684,2493,-11956
alpha 0.001,5,494,-7,-2691,2494,-11963
alpha 0.001,5,495,-7,-2698,2495,-11970
alpha 0.001,5,496,-6,-2704,2496,-11976
alpha 0.001,5,497,-6,-2710,2497,-11982
alpha 0.001,5,498,-6,-2716,2498,-11988
alpha 0.001,5,499,-6,-2722,2499,-11994
alpha 0.001,5,500,-6,-2728,2500,-12000
alpha 0.001,6,1,4,4,2501,-11996
alpha 0.001,6,2,2,6,2502,-11994
alpha 0.001,6,3,-4,2,2503,-11998
alpha 0.001,6,4,-6,-4,2504,-12004
alpha 0.001,6,5,-8,-12,2505,-12012
alpha 0.001,6,6,-7,-19,2506,-12019
alpha 0.001,6,7,-6,-25,2507,-12025
alpha 0.001,6,8,-5,-30,2508,-12030
alpha 0.001,6,9,-5,-35,2509,-12035
alpha 0.001,6,10,-5,-40,2510,-12040
alpha 0.001,6,11,-6,-46,2511,-12046
alpha 0.001,6,12,-6,-52,2512,-12052
alpha 0.001,6,13,-7,-59,2513,-12059
alpha 0.001,6,14,-7,-66,2514,-12066
alpha 0.001,6,15,-7,-73,2515,-12073
alpha 0.001,6,16,-6,-79,2516,-12079
alpha 0.001,6,17,-6,-85,2517,-12085
alpha 0.001,6,18,-6,-91,2518,-12091
alpha 0.001,6,19,-6,-97,2519,-12097
alpha 0.001,6,20,-6,-103,2520,-12103
alpha 0.001,6,21,-6,-109,2521,-12109
alpha 0.001,6,22,-6,-115,2522,-12115
alpha 0.001,6,23,-6,-121,2523,-12121
alpha 0.001,6,24,-6,-127,2524,-12127
alpha 0.001,6,25,-6,-133,2525,-12133
alpha 0.001,6,26,-6,-139,2526,-12139
alpha 0.001,6,27,-6,-145,2527,-12145
alpha 0.001,6,28,-6,-151,2528,-12151
alpha 0.001,6,29,-6,-157,2529,-12157
alpha 0.001,6,30,-6,-163,2530,-12163
alpha 0.001,6,31,-6,-169,2531,-12169
alpha 0.001,6,32,-6,-175,2532,-12175
alpha 0.001,6,33,-6,-181,2533,-12181
alpha 0.001,6,34,-6,-187,2534,-12187
alpha 0.001,6,35,-6,-193,2535,-12193
alpha 0.001,6,36,-6,-199,2536,-12199
alpha 0.001,6,37,-5,-204,2537,-12204
alpha 0.001,6,38,-5,-209,2538,-12209
alpha 0.001,6,39,-5,-214,2539,-12214
alpha 0.001,6,40,-5,-219,2540,-12219
alpha 0.001,6,41,-5,-224,2541,-12224
alpha 0.001,6,42,-5,-229,2542,-12229
alpha 0.001,6,43,-5,-234,2543,-12234
alpha 0.001,6,44,-5,-239,2544,-12239
alpha 0.001,6,45,-5,-244,2545,-12244
alpha 0.001,6,46,-5,-249,2546,-12249
alpha 0.001,6,47,-5,-254,2547,-12254
alpha 0.001,6,48,-5,-259,2548,-12259
alpha 0.001,6,49,-5,-264,2549,-12264
alpha 0.001,6,50,-5,-269,2550,-12269
alpha 0.001,6,51,-5,-274,2551,-12274
alpha 0.001,6,52,-5,-279,2552,-12279
alpha 0.001,6,53,-5,-284,2553,-12284
alpha 0.001,6,54,-5,-289,2554,-12289
alpha 0.001,6,55,-5,-294,2555,-12294
alpha 0.001,6,56,-5,-299,2556,-12299
alpha 0.001,6,57,-5,-304,2557,-12304
alpha 0.001,6,58,-5,-309,2558,-12309
alpha 0.001,6,59,-5,-314,2559,-12314
alpha 0.001,6,60,-5,-319,2560,-12319
alpha 0.001,6,61,-5,-324,2561,-12324
alpha 0.001,6,62,-5,-329,2562,-12329
alpha 0.001,6,63,-5,-334,2563,-12334
alpha 0.001,6,64,-5,-339,2564,-12339
alpha 0.001,6,65,-5,-344,2565,-12344
alpha 0.001,6,66,-5,-349,2566,-12349
alpha 0.001,6,67,-5,-354,2567,-12354
alpha 0.001,6,68,-5,-359,2568,-12359
alpha 0.001,6,69,-5,-364,2569,-12364
alpha 0.001,6,70,-5,-369,2570,-12369
alpha 0.001,6,71,-5,-374,2571,-12374
alpha 0.001,6,72,-5,-379,2572,-12379
alpha 0.001,6,73,-5,-384,2573,-12384
alpha 0.001,6,74,-5,-389,2574,-12389
alpha 0.001,6,75,-5,-394,2575,-12394
alpha 0.001,6,76,-5,-399,2576,-12399
alpha 0.001,6,77,-5,-404,2577,-12404
alpha 0.001,6,78,-5,-409,2578,-12409
alpha 0.001,6,79,-5,-414,2579,-12414
alpha 0.001,6,80,-5,-419,2580,-12419
alpha 0.001,6,81,-5,-424,2581,-12424
alpha 0.001,6,82,-5,-429,2582,-12429
alpha 0.001,6,83,-5,-434,2583,-12434
alpha 0.001,6,84,-5,-439,2584,-12439
alpha 0.001,6,85,-5,-444,2585,-12444
alpha 0.001,6,86,-5,-449,2586,-12449
alpha 0.001,6,87,-5,-454,2587,-12454
alpha 0.001,6,88,-5,-459,2588,-12459
alpha 0.001,6,89,-5,-464,2589,-12464
alpha 0.001,6,90,-5,-469,2590,-12469
alpha 0.001,6,91,-5,-474,2591,-12474
alpha 0.001,6,92,-5,-479,2592,-12479
alpha 0.001,6,93,-5,-484,2593,-12484
alpha 0.001,6,94,-5,-489,2594,-12489
alpha 0.001,6,95,-5,-494,2595,-12494
alpha 0.001,6,96,-5,-499,2596,-12499
alpha 0.001,6,97,-5,-504,2597,-12504
alpha 0.001,6,98,-5,-509,2598,-12509
alpha 0.001,6,99,-5,-514,2599,-12514
alpha 0.001,6,100,-5,-519,2600,-12519
alpha 0.001,6,101,-5,-524,2601,-12524
alpha 0.001,6,102,-5,-529,2602,-12529
alpha 0.001,6,103,-5,-534,2603,-12534
alpha 0.001,6,104,-5,-539,2604,-12539
alpha 0.001,6,105,-5,-544,2605,-12544
alpha 0.001,6,106,-5,-549,2606,-12549
alpha 0.001,6,107,-5,-554,2607,-12554
alpha 0.001,6,108,-5,-559,2608,-12559
alpha 0.001,6,109,-5,-564,2609,-12564
alpha 0.001,6,110,-5,-569,2610,-12569
alpha 0.001,6,111,-5,-574,2611,-12574
alpha 0.001,6,112,-5,-579,2612,-12579
alpha 0.001,6,113,-5,-584,2613,-12584
alpha 0.001,6,114,-5,-589,2614,-12589
alpha 0.001,6,115,-5,-594,2615,-12594
alpha 0.001,6,116,-5,-599,2616,-12599
alpha 0.001,6,117,-5,-604,2617,-12604
alpha 0.001,6,118,-5,-609,2618,-12609
alpha 0.001,6,119,-5,-614,2619,-12614
alpha 0.001,6,120,-5,-619,2620,-12619
alpha 0.001,6,121,-5,-624,2621,-12624
alpha 0.001,6,122,-5,-629,2622,-12629
alpha 0.001,6,123,-5,-634,2623,-12634
alpha 0.001,6,124,-5,-639,2624,-12639
alpha 0.001,6,125,-5,-644,2625,-12644
alpha 0.001,6,126,-5,-649,2626,-12649
alpha 0.001,6,127,-5,-654,2627,-12654
alpha 0.001,6,128,-5,-659,2628,-12659
alpha 0.001,6,129,-5,-664,2629,-12664
alpha 0.001,6,130,-5,-669,2630,-12669
alpha 0.001,6,131,-5,-674,2631,-12674
alpha 0.001,6,132,-5,-679,2632,-12679
alpha 0.001,6,133,-5,-684,2633,-12684
alpha 0.001,6,134,-5,-689,2634,-12689
alpha 0.001,6,135,-5,-694,2635,-12694
alpha 0.001,6,136,-5,-699,2636,-12699
alpha 0.001,6,137,-5,-704,2637,-12704
alpha 0.001,6,138,-5,-709,2638,-12709
alpha 0.001,6,139,-5,-714,2639,-12714
alpha 0.001,6,140,-5,-719,2640,-12719
alpha 0.001,6,141,-5,-724,2641,-12724
alpha 0.001,6,142,-5,-729,2642,-12729
alpha 0.001,6,143,-5,-734,2643,-12734
alpha 0.001,6,144,-5,-739,2644,-12739
alpha 0.001,6,145,-5,-744,2645,-12744
alpha 0.001,6,146,-5,-749,2646,-12749
alpha 0.001,6,147,-5,-754,2647,-12754
alpha 0.001,6,148,-5,-759,2648,-12759
alpha 0.001,6,149,-5,-764,2649,-12764
alpha 0.001,6,150,-5,-769,2650,-12769
alpha 0.001,6,151,-5,-774,2651,-12774
alpha 0.001,6,152,-5,-779,2652,-12779
alpha 0.001,6,153,-5,-784,2653,-12784
alpha 0.001,6,154,-5,-789,2654,-12789
alpha 0.001,6,155,-5,-794,2655,-12794
alpha 0.001,6,156,-5,-799,2656,-12799
alpha 0.001,6,157,-5,-804,2657,-12804
alpha 0.001,6,158,-5,-809,2658,-12809
alpha 0.001,6,159,-5,-814,2659,-12814
alpha 0.001,6,160,-5,-819,2660,-12819
alpha 0.001,6,161,-5,-824,2661,-12824
alpha 0.001,6,162,-5,-829,2662,-12829
alpha 0.001,6,163,-5,-834,2663,-12834
alpha 0.001,6,164,-5,-839,2664,-12839
alpha 0.001,6,165,-5,-844,2665,-12844
alpha 0.001,6,166,-5,-849,2666,-12849
alpha 0.001,6,167,-5,-854,2667,-12854
alpha 0.001,6,168,-5,-859,2668,-12859
alpha 0.001,6,169,-5,-864,2669,-12864
alpha 0.001,6,170,-5,-869,2670,-12869
alpha 0.001,6,171,-5,-874,2671,-12874
alpha 0.001,6,172,-5,-879,2672,-12879
alpha 0.001,6,173,-5,-884,2673,-12884
alpha 0.001,6,174,-5,-889,2674,-12889
alpha 0.001,6,175,-5,-894,2675,-12894
alpha 0.001,6,176,-5,-899,2676,-12899
alpha 0.001,6,177,-5,-904,2677,-12904
alpha 0.001,6,178,-5,-909,2678,-12909
alpha 0.001,6,179,-5,-914,2679,-12914
alpha 0.001,6,180,-5,-919,2680,-12919
alpha 0.001,6,181,-5,-924,2681,-12924
alpha 0.001,6,182,-5,-929,2682,-12929
alpha 0.001,6,183,-5,-934,2683,-12934
alpha 0.001,6,184,-5,-939,2684,-12939
alpha 0.001,6,185,-5,-944,2685,-12944
alpha 0.001,6,186,-5,-949,2686,-12949
alpha 0.001,6,187,-5,-954,2687,-12954
alpha 0.001,6,188,-5,-959,2688,-12959
alpha 0.001,6,189,-5,-964,2689,-12964
alpha 0.001,6,190,-5,-969,2690,-12969
alpha 0.001,6,191,-5,-974,2691,-12974
alpha 0.001,6,192,-5,-979,2692,-12979
alpha 0.001,6,193,-5,-984,2693,-12984
alpha 0.001,6,194,-5,-989,2694,-12989
alpha 0.001,6,195,-5,-994,2695,-12994
alpha 0.001,6,196,-5,-999,2696,-12999
alpha 0.001,6,197,-5,-1004,2697,-13004
alpha 0.001,6,198,-5,-1009,2698,-13009
alpha 0.001,6,199,-5,-1014,2699,-13014
alpha 0.001,6,200,-5,-1019,2700,-13019
alpha 0.001,6,201,-5,-1024,2701,-13024
alpha 0.001,6,202,-5,-1029,2702,-13029
alpha 0.001,6,203,-5,-1034,2703,-13034
alpha 0.001,6,204,-5,-1039,2704,-13039
alpha 0.001,6,205,-5,-1044,2705,-13044
alpha 0.001,6,206,-5,-1049,2706,-13049
alpha 0.001,6,207,-5,-1054,2707,-13054
alpha 0.001,6,208,-5,-1059,2708,-13059
alpha 0.001,6,209,-5,-1064,2709,-13064
alpha 0.001,6,210,-5,-1069,2710,-13069
alpha 0.001,6,211,-5,-1074,2711,-13074
alpha 0.001,6,212,-5,-1079,2712,-13079
alpha 0.001,6,213,-5,-1084,2713,-13084
alpha 0.001,6,214,-5,-1089,2714,-13089
alpha 0.001,6,215,-5,-1094,2715,-13094
alpha 0.001,6,216,-5,-1099,2716,-13099
alpha 0.001,6,217,-5,-1104,2717,-13104
alpha 0.001,6,218,-5,-1109,2718,-13109
alpha 0.001,6,219,-5,-1114,2719,-13114
alpha 0.001,6,220,-5,-1119,2720,-13119
alpha 0.001,6,221,-5,-1124,2721,-13124
alpha 0.001,6,222,-5,-1129,2722,-13129
alpha 0.001,6,223,-5,-1134,2723,-13134
alpha 0.001,6,224,-5,-1139,2724,-13139
alpha 0.001,6,225,-5,-1144,2725,-13144
alpha 0.001,6,226,-5,-1149,2726,-13149
alpha 0.001,6,227,-5,-1154,2727,-13154
alpha 0.001,6,228,-5,-1159,2728,-13159
alpha 0.001,6,229,-5,-1164,2729,-13164
alpha 0.001,6,230,-5,-1169,2730,-13169
alpha 0.001,6,231,-5,-1174,2731,-13174
alpha 0.001,6,232,-5,-1179,2732,-13179
alpha 0.001,6,233,-5,-1184,2733,-13184
alpha 0.001,6,234,-5,-1189,2734,-13189
alpha 0.001,6,235,-5,-1194,2735,-13194
alpha 0.001,6,236,-5,-1199,2736,-13199
alpha 0.001,6,237,-5,-1204,2737,-13204
alpha 0.001,6,238,-6,-1210,2738,-13210
alpha 0.001,6,239,-6,-1216,2739,-13216
alpha 0.001,6,240,-6,-1222,2740,-13222
alpha 0.001,6,241,-6,-1228,2741,-13228
alpha 0.001,6,242,-6,-1234,2742,-13234
alpha 0.001,6,243,-6,-1240,2743,-13240
alpha 0.001,6,244,-6,-1246,2744,-13246
alpha 0.001,6,245,-6,-1252,2745,-13252
alpha 0.001,6,246,-6,-1258,2746,-13258
alpha 0.001,6,247,-6,-1264,2747,-13264
alpha 0.001,6,248,-6,-1270,2748,-13270
alpha 0.001,6,249,-6,-1276,2749,-13276
alpha 0.001,6,250,-6,-1282,2750,-13282
alpha 0.001,6,251,-6,-1288,2751,-13288
alpha 0.001,6,252,-6,-1294,2752,-13294
alpha 0.001,6,253,-6,-1300,2753,-13300
alpha 0.001,6,254,-6,-1306,2754,-13306
alpha 0.001,6,255,-6,-1312,2755,-13312
alpha 0.001,6,256,-7,-1319,2756,-13319
alpha 0.001,6,257,-7,-1326,2757,-13326
alpha 0.001,6,258,-7,-1333,2758,-13333
alpha 0.001,6,259,-6,-1339,2759,-13339
alpha 0.001,6,260,-6,-1345,2760,-13345
alpha 0.001,6,261,-6,-1351,2761,-13351
alpha 0.001,6,262,-6,-1357,2762,-13357
alpha 0.001,6,263,-6,-1363,2763,-13363
alpha 0.001,6,264,-6,-1369,2764,-13369
alpha 0.001,6,265,-6,-1375,2765,-13375
alpha 0.001,6,266,-6,-1381,2766,-13381
alpha 0.001,6,267,-6,-1387,2767,-13387
alpha 0.001,6,268,-6,-1393,2768,-13393
alpha 0.001,6,269,-6,-1399,2769,-13399
alpha 0.001,6,270,-6,-1405,2770,-13405
alpha 0.001,6,271,-6,-1411,2771,-13411
alpha 0.001,6,272,-6,-1417,2772,-13417
alpha 0.001,6,273,-6,-1423,2773,-13423
alpha 0.001,6,274,-6,-1429,2774,-13429
alpha 0.001,6,275,-6,-1435,2775,-13435
alpha 0.001,6,276,-6,-1441,2776,-13441
alpha 0.001,6,277,-6,-1447,2777,-13447
alpha 0.001,6,278,-6,-1453,2778,-13453
alpha 0.001,6,279,-6,-1459,2779,-13459
alpha 0.001,6,280,-6,-1465,2780,-13465
alpha 0.001,6,281,-5,-1470,2781,-13470
alpha 0.001,6,282,-5,-1475,2782,-13475
alpha 0.001,6,283,-5,-1480,2783,-13480
alpha 0.001,6,284,-5,-1485,2784,-13485
alpha 0.001,6,285,-5,-1490,2785,-13490
alpha 0.001,6,286,-5,-1495,2786,-13495
alpha 0.001,6,287,-5,-1500,2787,-13500
alpha 0.001,6,288,-5,-1505,2788,-13505
alpha 0.001,6,289,-5,-1510,2789,-13510
alpha 0.001,6,290,-5,-1515,2790,-13515
alpha 0.001,6,291,-5,-1520,2791,-13520
alpha 0.001,6,292,-5,-1525,2792,-13525
alpha 0.001,6,293,-5,-1530,2793,-13530
alpha 0.001,6,294,-5,-1535,2794,-13535
alpha 0.001,6,295,-5,-1540,2795,-13540
alpha 0.001,6,296,-5,-1545,2796,-13545
alpha 0.001,6,297,-5,-1550,2797,-13550
alpha 0.001,6,298,-5,-1555,2798,-13555
alpha 0.001,6,299,-5,-1560,2799,-13560
alpha 0.001,6,300,-5,-1565,2800,-13565
alpha 0.001,6,301,-5,-1570,2801,-13570
alpha 0.001,6,302,-5,-1575,2802,-13575
alpha 0.001,6,303,-5,-1580,2803,-13580
alpha 0.001,6,304,-5,-1585,2804,-13585
alpha 0.001,6,305,-5,-1590,2805,-13590
alpha 0.001,6,306,-5,-1595,2806,-13595
alpha 0.001,6,307,-5,-1600,2807,-13600
alpha 0.001,6,308,-5,-1605,2808,-13605
alpha 0.001,6,309,-5,-1610,2809,-13610
alpha 0.001,6,310,-5,-1615,2810,-13615
alpha 0.001,6,311,-5,-1620,2811,-13620
alpha 0.001,6,312,-5,-1625,2812,-13625
alpha 0.001,6,313,-5,-1630,2813,-13630
alpha 0.001,6,314,-5,-1635,2814,-13635
alpha 0.001,6,315,-5,-1640,2815,-13640
alpha 0.001,6,316,-5,-1645,2816,-13645
alpha 0.001,6,317,-5,-1650,2817,-13650
alpha 0.001,6,318,-5,-1655,2818,-13655
alpha 0.001,6,319,-5,-1660,2819,-13660
alpha 0.001,6,320,-5,-1665,2820,-13665
alpha 0.001,6,321,-5,-1670,2821,-13670
alpha 0.001,6,322,-5,-1675,2822,-13675
alpha 0.001,6,323,-5,-1680,2823,-13680
alpha 0.001,6,324,-5,-1685,2824,-13685
alpha 0.001,6,325,-5,-1690,2825,-13690
alpha 0.001,6,326,-6,-1696,2826,-13696
alpha 0.001,6,327,-6,-1702,2827,-13702
alpha 0.001,6,328,-6,-1708,2828,-13708
alpha 0.001,6,329,-6,-1714,2829,-13714
alpha 0.001,6,330,-7,-1721,2830,-13721
alpha 0.001,6,331,-7,-1728,2831,-13728
alpha 0.001,6,332,-7,-1735,2832,-13735
alpha 0.001,6,333,-7,-1742,2833,-13742
alpha 0.001,6,334,-7,-1749,2834,-13749
alpha 0.001,6,335,-7,-1756,2835,-13756
alpha 0.001,6,336,-7,-1763,2836,-13763
alpha 0.001,6,337,-7,-1770,2837,-13770
alpha 0.001,6,338,-7,-1777,2838,-13777
alpha 0.001,6,339,-7,-1784,2839,-13784
alpha 0.001,6,340,-7,-1791,2840,-13791
alpha 0.001,6,341,-7,-1798,2841,-13798
alpha 0.001,6,342,-7,-1805,2842,-13805
alpha 0.001,6,343,-7,-1812,2843,-13812
alpha 0.001,6,344,-7,-1819,2844,-13819
alpha 0.001,6,345,-7,-1826,2845,-13826
alpha 0.001,6,346,-7,-1833,2846,-13833
alpha 0.001,6,347,-7,-1840,2847,-13840
alpha 0.001,6,348,-7,-1847,2848,-13847
alpha 0.001,6,349,-7,-1854,2849,-13854
alpha 0.001,6,350,-7,-1861,2850,-13861
alpha 0.001,6,351,-7,-1868,2851,-13868
alpha 0.001,6,352,-7,-1875,2852,-13875
alpha 0.001,6,353,-7,-1882,2853,-13882
alpha 0.001,6,354,-7,-1889,2854,-13889
alpha 0.001,6,355,-7,-1896,2855,-13896
alpha 0.001,6,356,-7,-1903,2856,-13903
alpha 0.001,6,357,-7,-1910,2857,-13910
alpha 0.001,6,358,-7,-1917,2858,-13917
alpha 0.001,6,359,-7,-1924,2859,-13924
alpha 0.001,6,360,-7,-1931,2860,-13931
alpha 0.001,6,361,-7,-1938,2861,-13938
alpha 0.001,6,362,-7,-1945,2862,-13945
alpha 0.001,6,363,-7,-1952,2863,-13952
alpha 0.001,6,364,-7,-1959,2864,-13959
alpha 0.001,6,365,-7,-1966,2865,-13966
alpha 0.001,6,366,-7,-1973,2866,-13973
alpha 0.001,6,367,-7,-1980,2867,-13980
alpha 0.001,6,368,-7,-1987,2868,-13987
alpha 0.001,6,369,-7,-1994,2869,-13994
alpha 0.001,6,370,-7,-2001,2870,-14001
alpha 0.001,6,371,-7,-2008,2871,-14008
alpha 0.001,6,372,-7,-2015,2872,-14015
alpha 0.001,6,373,-7,-2022,2873,-14022
alpha 0.001,6,374,-7,-2029,2874,-14029
alpha 0.001,6,375,-7,-2036,2875,-14036
alpha 0.001,6,376,-7,-2043,2876,-14043
alpha 0.001,6,377,-7,-2050,2877,-14050
alpha 0.001,6,378,-7,-2057,2878,-14057
alpha 0.001,6,379,-7,-2064,2879,-14064
alpha 0.001,6,380,-7,-2071,2880,-14071
alpha 0.001,6,381,-7,-2078,2881,-14078
alpha 0.001,6,382,-7,-2085,2882,-14085
alpha 0.001,6,383,-7,-2092,2883,-14092
alpha 0.001,6,384,-7,-2099,2884,-14099
alpha 0.001,6,385,-7,-2106,2885,-14106
alpha 0.001,6,386,-7,-2113,2886,-14113
alpha 0.001,6,387,-6,-2119,2887,-14119
alpha 0.001,6,388,-6,-2125,2888,-14125
alpha 0.001,6,389,-6,-2131,2889,-14131
alpha 0.001,6,390,-6,-2137,2890,-14137
alpha 0.001,6,391,-6,-2143,2891,-14143
alpha 0.001,6,392,-6,-2149,2892,-14149
alpha 0.001,6,393,-6,-2155,2893,-14155
alpha 0.001,6,394,-6,-2161,2894,-14161
alpha 0.001,6,395,-6,-2167,2895,-14167
alpha 0.001,6,396,-6,-2173,2896,-14173
alpha 0.001,6,397,-5,-2178,2897,-14178
alpha 0.001,6,398,-5,-2183,2898,-14183
alpha 0.001,6,399,-5,-2188,2899,-14188
alpha 0.001,6,400,-5,-2193,2900,-14193
alpha 0.001,6,401,-5,-2198,2901,-14198
alpha 0.001,6,402,-5,-2203,2902,-14203
alpha 0.001,6,403,-5,-2208,2903,-14208
alpha 0.001,6,404,-5,-2213,2904,-14213
alpha 0.001,6,405,-5,-2218,2905,-14218
alpha 0.001,6,406,-5,-2223,2906,-14223
alpha 0.001,6,407,-5,-2228,2907,-14228
alpha 0.001,6,408,-5,-2233,2908,-14233
alpha 0.001,6,409,-5,-2238,2909,-14238
alpha 0.001,6,410,-5,-2243,2910,-14243
alpha 0.001,6,411,-5,-2248,2911,-14248
alpha 0.001,6,412,-5,-2253,2912,-14253
alpha 0.001,6,413,-5,-2258,2913,-14258
alpha 0.001,6,414,-5,-2263,2914,-14263
alpha 0.001,6,415,-5,-2268,2915,-14268
alpha 0.001,6,416,-5,-2273,2916,-14273
alpha 0.001,6,417,-5,-2278,2917,-14278
alpha 0.001,6,418,-5,-2283,2918,-14283
alpha 0.001,6,419,-5,-2288,2919,-14288
alpha 0.001,6,420,-5,-2293,2920,-14293
alpha 0.001,6,421,-5,-2298,2921,-14298
alpha 0.001,6,422,-5,-2303,2922,-14303
alpha 0.001,6,423,-5,-2308,2923,-14308
alpha 0.001,6,424,-5,-2313,2924,-14313
alpha 0.001,6,425,-5,-2318,2925,-14318
alpha 0.001,6,426,-5,-2323,2926,-14323
alpha 0.001,6,427,-5,-2328,2927,-14328
alpha 0.001,6,428,-5,-2333,2928,-14333
alpha 0.001,6,429,-5,-2338,2929,-14338
alpha 0.001,6,430,-5,-2343,2930,-14343
alpha 0.001,6,431,-5,-2348,2931,-14348
alpha 0.001,6,432,-5,-2353,2932,-14353
alpha 0.001,6,433,-5,-2358,2933,-14358
alpha 0.001,6,434,-5,-2363,2934,-14363
alpha 0.001,6,435,-5,-2368,2935,-14368
alpha 0.001,6,436,-5,-2373,2936,-14373
alpha 0.001,6,437,-5,-2378,2937,-14378
alpha 0.001,6,438,-5,-2383,2938,-14383
alpha 0.001,6,439,-6,-2389,2939,-14389
alpha 0.001,6,440,-5,-2394,2940,-14394
alpha 0.001,6,441,-5,-2399,2941,-14399
alpha 0.001,6,442,-5,-2404,2942,-14404
alpha 0.001,6,443,-5,-2409,2943,-14409
alpha 0.001,6,444,-5,-2414,2944,-14414
alpha 0.001,6,445,-5,-2419,2945,-14419
alpha 0.001,6,446,-6,-2425,2946,-14425
alpha 0.001,6,447,-6,-2431,2947,-14431
alpha 0.001,6,448,-6,-2437,2948,-14437
alpha 0.001,6,449,-6,-2443,2949,-14443
alpha 0.001,6,450,-6,-2449,2950,-14449
alpha 0.001,6,451,-6,-2455,2951,-14455
alpha 0.001,6,452,-6,-2461,2952,-14461
alpha 0.001,6,453,-6,-2467,2953,-14467
alpha 0.001,6,454,-6,-2473,2954,-14473
alpha 0.001,6,455,-6,-2479,2955,-14479
alpha 0.001,6,456,-6,-2485,2956,-14485
alpha 0.001,6,457,-6,-2491,2957,-14491
alpha 0.001,6,458,-6,-2497,2958,-14497
alpha 0.001,6,459,-6,-2503,2959,-14503
alpha 0.001,6,460,-6,-2509,2960,-14509
alpha 0.001,6,461,-5,-2514,2961,-14514
alpha 0.001,6,462,-5,-2519,2962,-14519
alpha 0.001,6,463,-5,-2524,2963,-14524
alpha 0.001,6,464,-5,-2529,2964,-14529
alpha 0.001,6,465,-5,-2534,2965,-14534
alpha 0.001,6,466,-5,-2539,2966,-14539
alpha 0.001,6,467,-5,-2544,2967,-14544
alpha 0.001,6,468,-5,-2549,2968,-14549
alpha 0.001,6,469,-5,-2554,2969,-14554
alpha 0.001,6,470,-5,-2559,2970,-14559
alpha 0.001,6,471,-5,-2564,2971,-14564
alpha 0.001,6,472,-5,-2569,2972,-14569
alpha 0.001,6,473,-5,-2574,2973,-14574
alpha 0.001,6,474,-5,-2579,2974,-14579
alpha 0.001,6,475,-5,-2584,2975,-14584
alpha 0.001,6,476,-5,-2589,2976,-14589
alpha 0.001,6,477,-5,-2594,2977,-14594
alpha 0.001,6,478,-5,-2599,2978,-14599
alpha 0.001,6,479,-5,-2604,2979,-14604
alpha 0.001,6,480,-5,-2609,2980,-14609
alpha 0.001,6,481,-5,-2614,2981,-14614
alpha 0.001,6,482,-5,-2619,2982,-14619
alpha 0.001,6,483,-6,-2625,2983,-14625
alpha 0.001,6,484,-6,-2631,2984,-14631
alpha 0.001,6,485,-5,-2636,2985,-14636
alpha 0.001,6,486,-5,-2641,2986,-14641
alpha 0.001,6,487,-5,-2646,2987,-14646
alpha 0.001,6,488,-5,-2651,2988,-14651
alpha 0.001,6,489,-5,-2656,2989,-14656
alpha 0.001,6,490,-5,-2661,2990,-14661
alpha 0.001,6,491,-5,-2666,2991,-14666
alpha 0.001,6,492,-5,-2671,2992,-14671
alpha 0.001,6,493,-5,-2676,2993,-14676
alpha 0.001,6,494,-5,-2681,2994,-14681
alpha 0.001,6,495,-5,-2686,2995,-14686
alpha 0.001,6,496,-5,-2691,2996,-14691
alpha 0.001,6,497,-5,-2696,2997,-14696
alpha 0.001,6,498,-5,-2701,2998,-14701
alpha 0.001,6,499,-5,-2706,2999,-14706
alpha 0.001,6,500,-5,-2711,3000,-14711
alpha 0.001,1,1,2,2,1,2
alpha 0.001,1,2,-1,1,2,1
alpha 0.001,1,3,-3,-2,3,-2
alpha 0.001,1,4,-7,-9,4,-9
alpha 0.001,1,5,-10,-19,5,-19
alpha 0.001,1,6,-10,-29,6,-29
alpha 0.001,1,7,-10,-39,7,-39
alpha 0.001,1,8,-10,-49,8,-49
alpha 0.001,1,9,-8,-57,9,-57
alpha 0.001,1,10,-8,-65,10,-65
alpha 0.001,1,11,-7,-72,11,-72
alpha 0.001,1,12,-7,-79,12,-79
alpha 0.001,1,13,-7,-86,13,-86
alpha 0.001,1,14,-7,-93,14,-93
alpha 0.001,1,15,-7,-100,15,-100
alpha 0.001,1,16,-7,-107,16,-107
alpha 0.001,1,17,-7,-114,17,-114
alpha 0.001,1,18,-8,-122,18,-122
alpha 0.001,1,19,-8,-130,19,-130
alpha 0.001,1,20,-10,-140,20,-140
alpha 0.001,1,21,-10,-150,21,-150
alpha 0.001,1,22,-10,-160,22,-160
alpha 0.001,1,23,-10,-170,23,-170
alpha 0.001,1,24,-10,-180,24,-180
alpha 0.001,1,25,-10,-190,25,-190
alpha 0.001,1,26,-10,-200,26,-200
alpha 0.001,1,27,-10,-210,27,-210
alpha 0.001,1,28,-10,-220,28,-220
alpha 0.001,1,29,-8,-228,29,-228
alpha 0.001,1,30,-8,-236,30,-236
alpha 0.001,1,31,-7,-243,31,-243
alpha 0.001,1,32,-7,-250,32,-250
alpha 0.001,1,33,-7,-257,33,-257
alpha 0.001,1,34,-7,-264,34,-264
alpha 0.001,1,35,-7,-271,35,-271
alpha 0.001,1,36,-7,-278,36,-278
alpha 0.001,1,37,-7,-285,37,-285
alpha 0.001,1,38,-7,-292,38,-292
alpha 0.001,1,39,-7,-299,39,-299
alpha 0.001,1,40,-7,-306,40,-306
alpha 0.001,1,41,-6,-312,41,-312
alpha 0.001,1,42,-6,-318,42,-318
alpha 0.001,1,43,-6,-324,43,-324
alpha 0.001,1,44,-5,-329,44,-329
alpha 0.001,1,45,-5,-334,45,-334
alpha 0.001,1,46,-5,-339,46,-339
alpha 0.001,1,47,-5,-344,47,-344
alpha 0.001,1,48,-5,-349,48,-349
alpha 0.001,1,49,-5,-354,49,-354
alpha 0.001,1,50,-5,-359,50,-359
alpha 0.001,1,51,-5,-364,51,-364
alpha 0.001,1,52,-5,-369,52,-369
alpha 0.001,1,53,-5,-374,53,-374
alpha 0.001,1,54,-6,-380,54,-380
alpha 0.001,1,55,-6,-386,55,-386
alpha 0.001,1,56,-7,-393,56,-393
alpha 0.001,1,57,-7,-400,57,-400
alpha 0.001,1,58,-7,-407,58,-407
alpha 0.001,1,59,-7,-414,59,-414
alpha 0.001,1,60,-7,-421,60,-421
alpha 0.001,1,61,-7,-428,61,-428
alpha 0.001,1,62,-7,-435,62,-435
alpha 0.001,1,63,-8,-443,63,-443
alpha 0.001,1,64,-8,-451,64,-451
alpha 0.001,1,65,-8,-459,65,-459
alpha 0.001,1,66,-8,-467,66,-467
alpha 0.001,1,67,-8,-475,67,-475
alpha 0.001,1,68,-10,-485,68,-485
alpha 0.001,1,69,-10,-495,69,-495
alpha 0.001,1,70,-10,-505,70,-505
alpha 0.001,1,71,-10,-515,71,-515
alpha 0.001,1,72,-10,-525,72,-525
alpha 0.001,1,73,-10,-535,73,-535
alpha 0.001,1,74,-10,-545,74,-545
alpha 0.001,1,75,-10,-555,75,-555
alpha 0.001,1,76,-10,-565,76,-565
alpha 0.001,1,77,-10,-575,77,-575
alpha 0.001,1,78,-10,-585,78,-585
alpha 0.001,1,79,-10,-595,79,-595
alpha 0.001,1,80,-10,-605,80,-605
alpha 0.001,1,81,-10,-615,81,-615
alpha 0.001,1,82,-10,-625,82,-625
alpha 0.001,1,83,-10,-635,83,-635
alpha 0.001,1,84,-10,-645,84,-645
alpha 0.001,1,85,-10,-655,85,-655
alpha 0.001,1,86,-10,-665,86,-665
alpha 0.001,1,87,-10,-675,87,-675
alpha 0.001,1,88,-10,-685,88,-685
alpha 0.001,1,89,-10,-695,89,-695
alpha 0.001,1,90,-10,-705,90,-705
alpha 0.001,1,91,-10,-715,91,-715
alpha 0.001,1,92,-10,-725,92,-725
alpha 0.001,1,93,-10,-735,93,-735
alpha 0.001,1,94,-10,-745,94,-745
alpha 0.001,1,95,-10,-755,95,-755
alpha 0.001,1,96,-10,-765,96,-765
alpha 0.001,1,97,-10,-775,97,-775
alpha 0.001,1,98,-10,-785,98,-785
alpha 0.001,1,99,-10,-795,99,-795
alpha 0.001,1,100,-10,-805,100,-805
alpha 0.001,1,101,-10,-815,101,-815
alpha 0.001,1,102,-10,-825,102,-825
alpha 0.001,1,103,-10,-835,103,-835
alpha 0.001,1,104,-10,-845,104,-845
alpha 0.001,1,105,-10,-855,105,-855
alpha 0.001,1,106,-10,-865,106,-865
alpha 0.001,1,107,-10,-875,107,-875
alpha 0.001,1,108,-10,-885,108,-885
alpha 0.001,1,109,-10,-895,109,-895
alpha 0.001,1,110,-10,-905,110,-905
alpha 0.001,1,111,-10,-915,111,-915
alpha 0.001,1,112,-10,-925,112,-925
alpha 0.001,1,113,-10,-935,113,-935
alpha 0.001,1,114,-10,-945,114,-945
alpha 0.001,1,115,-10,-955,115,-955
alpha 0.001,1,116,-10,-965,116,-965
alpha 0.001,1,117,-10,-975,117,-975
alpha 0.001,1,118,-10,-985,118,-985
alpha 0.001,1,119,-8,-993,119,-993
alpha 0.001,1,120,-10,-1003,120,-1003
alpha 0.001,1,121,-10,-1013,121,-1013
alpha 0.001,1,122,-8,-1021,122,-1021
alpha 0.001,1,123,-8,-1029,123,-1029
alpha 0.001,1,124,-8,-1037,124,-1037
alpha 0.001,1,125,-8,-1045,125,-1045
alpha 0.001,1,126,-8,-1053,126,-1053
alpha 0.001,1,127,-7,-1060,127,-1060
alpha 0.001,1,128,-7,-1067,128,-1067
alpha 0.001,1,129,-7,-1074,129,-1074
alpha 0.001,1,130,-5,-1079,130,-1079
alpha 0.001,1,131,-5,-1084,131,-1084
alpha 0.001,1,132,-7,-1091,132,-1091
alpha 0.001,1,133,-7,-1098,133,-1098
alpha 0.001,1,134,-7,-1105,134,-1105
alpha 0.001,1,135,-6,-1111,135,-1111
alpha 0.001,1,136,-4,-1115,136,-1115
alpha 0.001,1,137,-4,-1119,137,-1119
alpha 0.001,1,138,-5,-1124,138,-1124
alpha 0.001,1,139,-5,-1129,139,-1129
alpha 0.001,1,140,-5,-1134,140,-1134
alpha 0.001,1,141,-3,-1137,141,-1137
alpha 0.001,1,142,-3,-1140,142,-1140
alpha 0.001,1,143,-2,-1142,143,-1142
alpha 0.001,1,144,-2,-1144,144,-1144
alpha 0.001,1,145,-2,-1146,145,-1146
alpha 0.001,1,146,-2,-1148,146,-1148
alpha 0.001,1,147,-2,-1150,147,-1150
alpha 0.001,1,148,-2,-1152,148,-1152
alpha 0.001,1,149,-2,-1154,149,-1154
alpha 0.001,1,150,-2,-1156,150,-1156
alpha 0.001,1,151,-2,-1158,151,-1158
alpha 0.001,1,152,-2,-1160,152,-1160
alpha 0.001,1,153,-3,-1163,153,-1163
alpha 0.001,1,154,-4,-1167,154,-1167
alpha 0.001,1,155,-2,-1169,155,-1169
alpha 0.001,1,156,-2,-1171,156,-1171
alpha 0.001,1,157,-2,-1173,157,-1173
alpha 0.001,1,158,-2,-1175,158,-1175
alpha 0.001,1,159,-2,-1177,159,-1177
alpha 0.001,1,160,1,-1176,160,-1176
alpha 0.001,1,161,1,-1175,161,-1175
alpha 0.001,1,162,2,-1173,162,-1173
alpha 0.001,1,163,2,-1171,163,-1171
alpha 0.001,1,164,-3,-1174,164,-1174
alpha 0.001,1,165,-5,-1179,165,-1179
alpha 0.001,1,166,-5,-1184,166,-1184
alpha 0.001,1,167,-5,-1189,167,-1189
alpha 0.001,1,168,-5,-1194,168,-1194
alpha 0.001,1,169,-4,-1198,169,-1198
alpha 0.001,1,170,-4,-1202,170,-1202
alpha 0.001,1,171,-4,-1206,171,-1206
alpha 0.001,1,172,-4,-1210,172,-1210
alpha 0.001,1,173,-4,-1214,173,-1214
alpha 0.001,1,174,-4,-1218,174,-1218
alpha 0.001,1,175,-4,-1222,175,-1222
alpha 0.001,1,176,-4,-1226,176,-1226
alpha 0.001,1,177,-4,-1230,177,-1230
alpha 0.001,1,178,-4,-1234,178,-1234
alpha 0.001,1,179,-4,-1238,179,-1238
alpha 0.001,1,180,-4,-1242,180,-1242
alpha 0.001,1,181,-4,-1246,181,-1246
alpha 0.001,1,182,-4,-1250,182,-1250
alpha 0.001,1,183,-5,-1255,183,-1255
alpha 0.001,1,184,-5,-1260,184,-1260
alpha 0.001,1,185,-5,-1265,185,-1265
alpha 0.001,1,186,-5,-1270,186,-1270
alpha 0.001,1,187,-5,-1275,187,-1275
alpha 0.001,1,188,-5,-1280,188,-1280
alpha 0.001,1,189,-6,-1286,189,-1286
alpha 0.001,1,190,-6,-1292,190,-1292
alpha 0.001,1,191,-6,-1298,191,-1298
alpha 0.001,1,192,-6,-1304,192,-1304
alpha 0.001,1,193,-6,-1310,193,-1310
alpha 0.001,1,194,-6,-1316,194,-1316
alpha 0.001,1,195,-6,-1322,195,-1322
alpha 0.001,1,196,-8,-1330,196,-1330
alpha 0.001,1,197,-8,-1338,197,-1338
alpha 0.001,1,198,-8,-1346,198,-1346
alpha 0.001,1,199,-8,-1354,199,-1354
alpha 0.001,1,200,-8,-1362,200,-1362
alpha 0.001,1,201,-8,-1370,201,-1370
alpha 0.001,1,202,-8,-1378,202,-1378
alpha 0.001,1,203,-10,-1388,203,-1388
alpha 0.001,1,204,-10,-1398,204,-1398
alpha 0.001,1,205,-10,-1408,205,-1408
alpha 0.001,1,206,-10,-1418,206,-1418
alpha 0.001,1,207,-10,-1428,207,-1428
alpha 0.001,1,208,-10,-1438,208,-1438
alpha 0.001,1,209,-10,-1448,209,-1448
alpha 0.001,1,210,-10,-1458,210,-1458
alpha 0.001,1,211,-10,-1468,211,-1468
alpha 0.001,1,212,-10,-1478,212,-1478
alpha 0.001,1,213,-10,-1488,213,-1488
alpha 0.001,1,214,-10,-1498,214,-1498
alpha 0.001,1,215,-10,-1508,215,-1508
alpha 0.001,1,216,-10,-1518,216,-1518
alpha 0.001,1,217,-10,-1528,217,-1528
alpha 0.001,1,218,-10,-1538,218,-1538
alpha 0.001,1,219,-10,-1548,219,-1548
alpha 0.001,1,220,-10,-1558,220,-1558
alpha 0.001,1,221,-10,-1568,221,-1568
alpha 0.001,1,222,-10,-1578,222,-1578
alpha 0.001,1,223,-10,-1588,223,-1588
alpha 0.001,1,224,-10,-1598,224,-1598
alpha 0.001,1,225,-10,-1608,225,-1608
alpha 0.001,1,226,-10,-1618,226,-1618
alpha 0.001,1,227,-10,-1628,227,-1628
alpha 0.001,1,228,-10,-1638,228,-1638
alpha 0.001,1,229,-10,-1648,229,-1648
alpha 0.001,1,230,-10,-1658,230,-1658
alpha 0.001,1,231,-10,-1668,231,-1668
alpha 0.001,1,232,-10,-1678,232,-1678
alpha 0.001,1,233,-10,-1688,233,-1688
alpha 0.001,1,234,-10,-1698,234,-1698
alpha 0.001,1,235,-10,-1708,235,-1708
alpha 0.001,1,236,-10,-1718,236,-1718
alpha 0.001,1,237,-10,-1728,237,-1728
alpha 0.001,1,238,-10,-1738,238,-1738
alpha 0.001,1,239,-10,-1748,239,-1748
alpha 0.001,1,240,-10,-1758,240,-1758
alpha 0.001,1,241,-10,-1768,241,-1768
alpha 0.001,1,242,-10,-1778,242,-1778
alpha 0.001,1,243,-10,-1788,243,-1788
alpha 0.001,1,244,-10,-1798,244,-1798
alpha 0.001,1,245,-10,-1808,245,-1808
alpha 0.001,1,246,-8,-1816,246,-1816
alpha 0.001,1,247,-8,-1824,247,-1824
alpha 0.001,1,248,-8,-1832,248,-1832
alpha 0.001,1,249,-8,-1840,249,-1840
alpha 0.001,1,250,-8,-1848,250,-1848
alpha 0.001,1,251,-8,-1856,251,-1856
alpha 0.001,1,252,-8,-1864,252,-1864
alpha 0.001,1,253,-8,-1872,253,-1872
alpha 0.001,1,254,-8,-1880,254,-1880
alpha 0.001,1,255,-8,-1888,255,-1888
alpha 0.001,1,256,-8,-1896,256,-1896
alpha 0.001,1,257,-7,-1903,257,-1903
alpha 0.001,1,258,-7,-1910,258,-1910
alpha 0.001,1,259,-7,-1917,259,-1917
alpha 0.001,1,260,-7,-1924,260,-1924
alpha 0.001,1,261,-7,-1931,261,-1931
alpha 0.001,1,262,-7,-1938,262,-1938
alpha 0.001,1,263,-7,-1945,263,-1945
alpha 0.001,1,264,-7,-1952,264,-1952
alpha 0.001,1,265,-7,-1959,265,-1959
alpha 0.001,1,266,-7,-1966,266,-1966
alpha 0.001,1,267,-6,-1972,267,-1972
alpha 0.001,1,268,-6,-1978,268,-1978
alpha 0.001,1,269,-6,-1984,269,-1984
alpha 0.001,1,270,-5,-1989,270,-1989
alpha 0.001,1,271,-5,-1994,271,-1994
alpha 0.001,1,272,-5,-1999,272,-1999
alpha 0.001,1,273,-5,-2004,273,-2004
alpha 0.001,1,274,-5,-2009,274,-2009
alpha 0.001,1,275,-5,-2014,275,-2014
alpha 0.001,1,276,-5,-2019,276,-2019
alpha 0.001,1,277,-5,-2024,277,-2024
alpha 0.001,1,278,-5,-2029,278,-2029
alpha 0.001,1,279,-5,-2034,279,-2034
alpha 0.001,1,280,-5,-2039,280,-2039
alpha 0.001,1,281,-5,-2044,281,-2044
alpha 0.001,1,282,-6,-2050,282,-2050
alpha 0.001,1,283,-6,-2056,283,-2056
alpha 0.001,1,284,-6,-2062,284,-2062
alpha 0.001,1,285,-6,-2068,285,-2068
alpha 0.001,1,286,-7,-2075,286,-2075
alpha 0.001,1,287,-7,-2082,287,-2082
alpha 0.001,1,288,-7,-2089,288,-2089
alpha 0.001,1,289,-7,-2096,289,-2096
alpha 0.001,1,290,-7,-2103,290,-2103
alpha 0.001,1,291,-7,-2110,291,-2110
alpha 0.001,1,292,-7,-2117,292,-2117
alpha 0.001,1,293,-7,-2124,293,-2124
alpha 0.001,1,294,-7,-2131,294,-2131
alpha 0.001,1,295,-7,-2138,295,-2138
alpha 0.001,1,296,-7,-2145,296,-2145
alpha 0.001,1,297,-7,-2152,297,-2152
alpha 0.001,1,298,-7,-2159,298,-2159
alpha 0.001,1,299,-7,-2166,299,-2166
alpha 0.001,1,300,-7,-2173,300,-2173
alpha 0.001,1,301,-8,-2181,301,-2181
alpha 0.001,1,302,-8,-2189,302,-2189
alpha 0.001,1,303,-8,-2197,303,-2197
alpha 0.001,1,304,-8,-2205,304,-2205
alpha 0.001,1,305,-8,-2213,305,-2213
alpha 0.001,1,306,-8,-2221,306,-2221
alpha 0.001,1,307,-8,-2229,307,-2229
alpha 0.001,1,308,-8,-2237,308,-2237
alpha 0.001,1,309,-8,-2245,309,-2245
alpha 0.001,1,310,-8,-2253,310,-2253
alpha 0.001,1,311,-8,-2261,311,-2261
alpha 0.001,1,312,-10,-2271,312,-2271
alpha 0.001,1,313,-10,-2281,313,-2281
alpha 0.001,1,314,-10,-2291,314,-2291
alpha 0.001,1,315,-10,-2301,315,-2301
alpha 0.001,1,316,-10,-2311,316,-2311
alpha 0.001,1,317,-10,-2321,317,-2321
alpha 0.001,1,318,-10,-2331,318,-2331
alpha 0.001,1,319,-10,-2341,319,-2341
alpha 0.001,1,320,-10,-2351,320,-2351
alpha 0.001,1,321,-10,-2361,321,-2361
alpha 0.001,1,322,-10,-2371,322,-2371
alpha 0.001,1,323,-10,-2381,323,-2381
alpha 0.001,1,324,-10,-2391,324,-2391
alpha 0.001,1,325,-10,-2401,325,-2401
alpha 0.001,1,326,-10,-2411,326,-2411
alpha 0.001,1,327,-10,-2421,327,-2421
alpha 0.001,1,328,-10,-2431,328,-2431
alpha 0.001,1,329,-10,-2441,329,-2441
alpha 0.001,1,330,-10,-2451,330,-2451
alpha 0.001,1,331,-10,-2461,331,-2461
alpha 0.001,1,332,-10,-2471,332,-2471
alpha 0.001,1,333,-10,-2481,333,-2481
alpha 0.001,1,334,-10,-2491,334,-2491
alpha 0.001,1,335,-10,-2501,335,-2501
alpha 0.001,1,336,-10,-2511,336,-2511
alpha 0.001,1,337,-10,-2521,337,-2521
alpha 0.001,1,338,-10,-2531,338,-2531
alpha 0.001,1,339,-10,-2541,339,-2541
alpha 0.001,1,340,-10,-2551,340,-2551
alpha 0.001,1,341,-10,-2561,341,-2561
alpha 0.001,1,342,-10,-2571,342,-2571
alpha 0.001,1,343,-10,-2581,343,-2581
alpha 0.001,1,344,-10,-2591,344,-2591
alpha 0.001,1,345,-10,-2601,345,-2601
alpha 0.001,1,346,-10,-2611,346,-2611
alpha 0.001,1,347,-10,-2621,347,-2621
alpha 0.001,1,348,-10,-2631,348,-2631
alpha 0.001,1,349,-10,-2641,349,-2641
alpha 0.001,1,350,-8,-2649,350,-2649
alpha 0.001,1,351,-8,-2657,351,-2657
alpha 0.001,1,352,-8,-2665,352,-2665
alpha 0.001,1,353,-8,-2673,353,-2673
alpha 0.001,1,354,-8,-2681,354,-2681
alpha 0.001,1,355,-8,-2689,355,-2689
alpha 0.001,1,356,-6,-2695,356,-2695
alpha 0.001,1,357,-6,-2701,357,-2701
alpha 0.001,1,358,-6,-2707,358,-2707
alpha 0.001,1,359,-6,-2713,359,-2713
alpha 0.001,1,360,-6,-2719,360,-2719
alpha 0.001,1,361,-6,-2725,361,-2725
alpha 0.001,1,362,-6,-2731,362,-2731
alpha 0.001,1,363,-6,-2737,363,-2737
alpha 0.001,1,364,-6,-2743,364,-2743
alpha 0.001,1,365,-6,-2749,365,-2749
alpha 0.001,1,366,-5,-2754,366,-2754
alpha 0.001,1,367,-5,-2759,367,-2759
alpha 0.001,1,368,-5,-2764,368,-2764
alpha 0.001,1,369,-5,-2769,369,-2769
alpha 0.001,1,370,-5,-2774,370,-2774
alpha 0.001,1,371,-5,-2779,371,-2779
alpha 0.001,1,372,-5,-2784,372,-2784
alpha 0.001,1,373,-5,-2789,373,-2789
alpha 0.001,1,374,-5,-2794,374,-2794
alpha 0.001,1,375,-5,-2799,375,-2799
alpha 0.001,1,376,-5,-2804,376,-2804
alpha 0.001,1,377,-5,-2809,377,-2809
alpha 0.001,1,378,-5,-2814,378,-2814
alpha 0.001,1,379,-3,-2817,379,-2817
alpha 0.001,1,380,-3,-2820,380,-2820
alpha 0.001,1,381,-3,-2823,381,-2823
alpha 0.001,1,382,-3,-2826,382,-2826
alpha 0.001,1,383,-3,-2829,383,-2829
alpha 0.001,1,384,-3,-2832,384,-2832
alpha 0.001,1,385,-2,-2834,385,-2834
alpha 0.001,1,386,-2,-2836,386,-2836
alpha 0.001,1,387,-2,-2838,387,-2838
alpha 0.001,1,388,-2,-2840,388,-2840
alpha 0.001,1,389,-3,-2843,389,-2843
alpha 0.001,1,390,-3,-2846,390,-2846
alpha 0.001,1,391,-3,-2849,391,-2849
alpha 0.001,1,392,-3,-2852,392,-2852
alpha 0.001,1,393,-3,-2855,393,-2855
alpha 0.001,1,394,-3,-2858,394,-2858
alpha 0.001,1,395,-3,-2861,395,-2861
alpha 0.001,1,396,-2,-2863,396,-2863
alpha 0.001,1,397,-2,-2865,397,-2865
alpha 0.001,1,398,-2,-2867,398,-2867
alpha 0.001,1,399,-2,-2869,399,-2869
alpha 0.001,1,400,-2,-2871,400,-2871
alpha 0.001,1,401,-3,-2874,401,-2874
alpha 0.001,1,402,-3,-2877,402,-2877
alpha 0.001,1,403,-2,-2879,403,-2879
alpha 0.001,1,404,-2,-2881,404,-2881
alpha 0.001,1,405,-2,-2883,405,-2883
alpha 0.001,1,406,-2,-2885,406,-2885
alpha 0.001,1,407,-2,-2887,407,-2887
alpha 0.001,1,408,-2,-2889,408,-2889
alpha 0.001,1,409,-2,-2891,409,-2891
alpha 0.001,1,410,-2,-2893,410,-2893
alpha 0.001,1,411,-3,-2896,411,-2896
alpha 0.001,1,412,-3,-2899,412,-2899
alpha 0.001,1,413,-3,-2902,413,-2902
alpha 0.001,1,414,-3,-2905,414,-2905
alpha 0.001,1,415,-1,-2906,415,-2906
alpha 0.001,1,416,1,-2905,416,-2905
alpha 0.001,1,417,1,-2904,417,-2904
alpha 0.001,1,418,-1,-2905,418,-2905
alpha 0.001,1,419,1,-2904,419,-2904
alpha 0.001,1,420,1,-2903,420,-2903
alpha 0.001,1,421,-2,-2905,421,-2905
alpha 0.001,1,422,-1,-2906,422,-2906
alpha 0.001,1,423,1,-2905,423,-2905
alpha 0.001,1,424,1,-2904,424,-2904
alpha 0.001,1,425,2,-2902,425,-2902
alpha 0.001,1,426,1,-2901,426,-2901
alpha 0.001,1,427,-2,-2903,427,-2903
alpha 0.001,1,428,-2,-2905,428,-2905
alpha 0.001,1,429,-2,-2907,429,-2907
alpha 0.001,1,430,-2,-2909,430,-2909
alpha 0.001,1,431,-3,-2912,431,-2912
alpha 0.001,1,432,-5,-2917,432,-2917
alpha 0.001,1,433,-3,-2920,433,-2920
alpha 0.001,1,434,-2,-2922,434,-2922
alpha 0.001,1,435,-2,-2924,435,-2924
alpha 0.001,1,436,-2,-2926,436,-2926
alpha 0.001,1,437,-2,-2928,437,-2928
alpha 0.001,1,438,-2,-2930,438,-2930
alpha 0.001,1,439,-3,-2933,439,-2933
alpha 0.001,1,440,-3,-2936,440,-2936
alpha 0.001,1,441,-4,-2940,441,-2940
alpha 0.001,1,442,-4,-2944,442,-2944
alpha 0.001,1,443,-3,-2947,443,-2947
alpha 0.001,1,444,2,-2945,444,-2945
alpha 0.001,1,445,1,-2944,445,-2944
alpha 0.001,1,446,1,-2943,446,-2943
alpha 0.001,1,447,-1,-2944,447,-2944
alpha 0.001,1,448,-2,-2946,448,-2946
alpha 0.001,1,449,-2,-2948,449,-2948
alpha 0.001,1,450,-3,-2951,450,-2951
alpha 0.001,1,451,-3,-2954,451,-2954
alpha 0.001,1,452,-3,-2957,452,-2957
alpha 0.001,1,453,-3,-2960,453,-2960
alpha 0.001,1,454,-3,-2963,454,-2963
alpha 0.001,1,455,-3,-2966,455,-2966
alpha 0.001,1,456,-3,-2969,456,-2969
alpha 0.001,1,457,-2,-2971,457,-2971
alpha 0.001,1,458,-3,-2974,458,-2974
alpha 0.001,1,459,-3,-2977,459,-2977
alpha 0.001,1,460,-3,-2980,460,-2980
alpha 0.001,1,461,-4,-2984,461,-2984
alpha 0.001,1,462,-5,-2989,462,-2989
alpha 0.001,1,463,-5,-2994,463,-2994
alpha 0.001,1,464,-5,-2999,464,-2999
alpha 0.001,1,465,-5,-3004,465,-3004
alpha 0.001,1,466,-5,-3009,466,-3009
alpha 0.001,1,467,-5,-3014,467,-3014
alpha 0.001,1,468,-5,-3019,468,-3019
alpha 0.001,1,469,-5,-3024,469,-3024
alpha 0.001,1,470,-5,-3029,470,-3029
alpha 0.001,1,471,-5,-3034,471,-3034
alpha 0.001,1,472,-5,-3039,472,-3039
alpha 0.001,1,473,-5,-3044,473,-3044
alpha 0.001,1,474,-5,-3049,474,-3049
alpha 0.001,1,475,-5,-3054,475,-3054
alpha 0.001,1,476,-5,-3059,476,-3059
alpha 0.001,1,477,-5,-3064,477,-3064
alpha 0.001,1,478,-5,-3069,478,-3069
alpha 0.001,1,479,-5,-3074,479,-3074
alpha 0.001,1,480,-5,-3079,480,-3079
alpha 0.001,1,481,-5,-3084,481,-3084
alpha 0.001,1,482,-5,-3089,482,-3089
alpha 0.001,1,483,-5,-3094,483,-3094
alpha 0.001,1,484,-5,-3099,484,-3099
alpha 0.001,1,485,-5,-3104,485,-3104
alpha 0.001,1,486,-5,-3109,486,-3109
alpha 0.001,1,487,-5,-3114,487,-3114
alpha 0.001,1,488,-5,-3119,488,-3119
alpha 0.001,1,489,-5,-3124,489,-3124
alpha 0.001,1,490,-7,-3131,490,-3131
alpha 0.001,1,491,-7,-3138,491,-3138
alpha 0.001,1,492,-7,-3145,492,-3145
alpha 0.001,1,493,-7,-3152,493,-3152
alpha 0.001,1,494,-7,-3159,494,-3159
alpha 0.001,1,495,-7,-3166,495,-3166
alpha 0.001,1,496,-7,-3173,496,-3173
alpha 0.001,1,497,-7,-3180,497,-3180
alpha 0.001,1,498,-7,-3187,498,-3187
alpha 0.001,1,499,-7,-3194,499,-3194
alpha 0.001,1,500,-7,-3201,500,-3201
alpha 0.001,2,1,2,2,501,-3199
alpha 0.001,2,2,1,3,502,-3198
alpha 0.001,2,3,-2,1,503,-3200
alpha 0.001,2,4,-2,-1,504,-3202
alpha 0.001,2,5,-2,-3,505,-3204
alpha 0.001,2,6,-2,-5,506,-3206
alpha 0.001,2,7,-2,-7,507,-3208
alpha 0.001,2,8,-2,-9,508,-3210
alpha 0.001,2,9,-3,-12,509,-3213
alpha 0.001,2,10,-3,-15,510,-3216
alpha 0.001,2,11,-3,-18,511,-3219
alpha 0.001,2,12,-3,-21,512,-3222
alpha 0.001,2,13,-3,-24,513,-3225
alpha 0.001,2,14,-3,-27,514,-3228
alpha 0.001,2,15,-2,-29,515,-3230
alpha 0.001,2,16,-2,-31,516,-3232
alpha 0.001,2,17,-2,-33,517,-3234
alpha 0.001,2,18,-2,-35,518,-3236
alpha 0.001,2,19,-2,-37,519,-3238
alpha 0.001,2,20,-2,-39,520,-3240
alpha 0.001,2,21,-2,-41,521,-3242
alpha 0.001,2,22,-2,-43,522,-3244
alpha 0.001,2,23,-3,-46,523,-3247
alpha 0.001,2,24,-3,-49,524,-3250
alpha 0.001,2,25,-3,-52,525,-3253
alpha 0.001,2,26,-3,-55,526,-3256
alpha 0.001,2,27,-3,-58,527,-3259
alpha 0.001,2,28,-3,-61,528,-3262
alpha 0.001,2,29,-3,-64,529,-3265
alpha 0.001,2,30,-3,-67,530,-3268
alpha 0.001,2,31,-3,-70,531,-3271
alpha 0.001,2,32,-4,-74,532,-3275
alpha 0.001,2,33,-4,-78,533,-3279
alpha 0.001,2,34,-3,-81,534,-3282
alpha 0.001,2,35,-4,-85,535,-3286
alpha 0.001,2,36,-4,-89,536,-3290
alpha 0.001,2,37,-4,-93,537,-3294
alpha 0.001,2,38,-4,-97,538,-3298
alpha 0.001,2,39,-4,-101,539,-3302
alpha 0.001,2,40,-4,-105,540,-3306
alpha 0.001,2,41,-5,-110,541,-3311
alpha 0.001,2,42,-5,-115,542,-3316
alpha 0.001,2,43,-5,-120,543,-3321
alpha 0.001,2,44,-5,-125,544,-3326
alpha 0.001,2,45,-5,-130,545,-3331
alpha 0.001,2,46,-5,-135,546,-3336
alpha 0.001,2,47,-5,-140,547,-3341
alpha 0.001,2,48,-5,-145,548,-3346
alpha 0.001,2,49,-5,-150,549,-3351
alpha 0.001,2,50,-5,-155,550,-3356
alpha 0.001,2,51,-5,-160,551,-3361
alpha 0.001,2,52,-5,-165,552,-3366
alpha 0.001,2,53,-5,-170,553,-3371
alpha 0.001,2,54,-5,-175,554,-3376
alpha 0.001,2,55,-5,-180,555,-3381
alpha 0.001,2,56,-5,-185,556,-3386
alpha 0.001,2,57,-4,-189,557,-3390
alpha 0.001,2,58,-4,-193,558,-3394
alpha 0.001,2,59,-4,-197,559,-3398
alpha 0.001,2,60,-4,-201,560,-3402
alpha 0.001,2,61,-4,-205,561,-3406
alpha 0.001,2,62,-4,-209,562,-3410
alpha 0.001,2,63,-4,-213,563,-3414
alpha 0.001,2,64,-4,-217,564,-3418
alpha 0.001,2,65,-4,-221,565,-3422
alpha 0.001,2,66,-4,-225,566,-3426
alpha 0.001,2,67,-4,-229,567,-3430
alpha 0.001,2,68,-4,-233,568,-3434
alpha 0.001,2,69,-4,-237,569,-3438
alpha 0.001,2,70,-4,-241,570,-3442
alpha 0.001,2,71,-4,-245,571,-3446
alpha 0.001,2,72,-4,-249,572,-3450
alpha 0.001,2,73,-4,-253,573,-3454
alpha 0.001,2,74,-4,-257,574,-3458
alpha 0.001,2,75,-4,-261,575,-3462
alpha 0.001,2,76,-4,-265,576,-3466
alpha 0.001,2,77,-4,-269,577,-3470
alpha 0.001,2,78,-4,-273,578,-3474
alpha 0.001,2,79,-4,-277,579,-3478
alpha 0.001,2,80,-4,-281,580,-3482
alpha 0.001,2,81,-4,-285,581,-3486
alpha 0.001,2,82,-4,-289,582,-3490
alpha 0.001,2,83,-4,-293,583,-3494
alpha 0.001,2,84,-4,-297,584,-3498
alpha 0.001,2,85,-4,-301,585,-3502
alpha 0.001,2,86,-4,-305,586,-3506
alpha 0.001,2,87,-4,-309,587,-3510
alpha 0.001,2,88,-4,-313,588,-3514
alpha 0.001,2,89,-4,-317,589,-3518
alpha 0.001,2,90,-4,-321,590,-3522
alpha 0.001,2,91,-5,-326,591,-3527
alpha 0.001,2,92,-4,-330,592,-3531
alpha 0.001,2,93,-3,-333,593,-3534
alpha 0.001,2,94,-3,-336,594,-3537
alpha 0.001,2,95,-3,-339,595,-3540
alpha 0.001,2,96,-3,-342,596,-3543
alpha 0.001,2,97,-3,-345,597,-3546
alpha 0.001,2,98,-2,-347,598,-3548
alpha 0.001,2,99,-2,-349,599,-3550
alpha 0.001,2,100,-2,-351,600,-3552
alpha 0.001,2,101,-2,-353,601,-3554
alpha 0.001,2,102,-2,-355,602,-3556
alpha 0.001,2,103,-2,-357,603,-3558
alpha 0.001,2,104,-2,-359,604,-3560
alpha 0.001,2,105,-2,-361,605,-3562
alpha 0.001,2,106,-2,-363,606,-3564
alpha 0.001,2,107,-2,-365,607,-3566
alpha 0.001,2,108,-2,-367,608,-3568
alpha 0.001,2,109,-2,-369,609,-3570
alpha 0.001,2,110,-2,-371,610,-3572
alpha 0.001,2,111,-2,-373,611,-3574
alpha 0.001,2,112,-2,-375,612,-3576
alpha 0.001,2,113,-2,-377,613,-3578
alpha 0.001,2,114,-2,-379,614,-3580
alpha 0.001,2,115,-2,-381,615,-3582
alpha 0.001,2,116,-2,-383,616,-3584
alpha 0.001,2,117,-2,-385,617,-3586
alpha 0.001,2,118,-2,-387,618,-3588
alpha 0.001,2,119,-2,-389,619,-3590
alpha 0.001,2,120,-1,-390,620,-3591
alpha 0.001,2,121,-1,-391,621,-3592
alpha 0.001,2,122,-1,-392,622,-3593
alpha 0.001,2,123,-2,-394,623,-3595
alpha 0.001,2,124,-2,-396,624,-3597
alpha 0.001,2,125,-2,-398,625,-3599
alpha 0.001,2,126,-2,-400,626,-3601
alpha 0.001,2,127,-2,-402,627,-3603
alpha 0.001,2,128,-2,-404,628,-3605
alpha 0.001,2,129,-2,-406,629,-3607
alpha 0.001,2,130,-2,-408,630,-3609
alpha 0.001,2,131,-2,-410,631,-3611
alpha 0.001,2,132,-2,-412,632,-3613
alpha 0.001,2,133,-2,-414,633,-3615
alpha 0.001,2,134,-2,-416,634,-3617
alpha 0.001,2,135,-2,-418,635,-3619
alpha 0.001,2,136,-2,-420,636,-3621
alpha 0.001,2,137,-2,-422,637,-3623
alpha 0.001,2,138,-3,-425,638,-3626
alpha 0.001,2,139,-3,-428,639,-3629
alpha 0.001,2,140,-3,-431,640,-3632
alpha 0.001,2,141,-3,-434,641,-3635
alpha 0.001,2,142,-3,-437,642,-3638
alpha 0.001,2,143,-3,-440,643,-3641
alpha 0.001,2,144,-3,-443,644,-3644
alpha 0.001,2,145,-3,-446,645,-3647
alpha 0.001,2,146,-3,-449,646,-3650
alpha 0.001,2,147,-3,-452,647,-3653
alpha 0.001,2,148,-3,-455,648,-3656
alpha 0.001,2,149,-3,-458,649,-3659
alpha 0.001,2,150,-3,-461,650,-3662
alpha 0.001,2,151,-2,-463,651,-3664
alpha 0.001,2,152,-2,-465,652,-3666
alpha 0.001,2,153,-2,-467,653,-3668
alpha 0.001,2,154,-3,-470,654,-3671
alpha 0.001,2,155,-3,-473,655,-3674
alpha 0.001,2,156,-3,-476,656,-3677
alpha 0.001,2,157,-3,-479,657,-3680
alpha 0.001,2,158,-3,-482,658,-3683
alpha 0.001,2,159,-3,-485,659,-3686
alpha 0.001,2,160,-3,-488,660,-3689
alpha 0.001,2,161,-3,-491,661,-3692
alpha 0.001,2,162,-3,-494,662,-3695
alpha 0.001,2,163,-3,-497,663,-3698
alpha 0.001,2,164,-3,-500,664,-3701
alpha 0.001,2,165,-3,-503,665,-3704
alpha 0.001,2,166,-3,-506,666,-3707
alpha 0.001,2,167,-3,-509,667,-3710
alpha 0.001,2,168,-3,-512,668,-3713
alpha 0.001,2,169,-2,-514,669,-3715
alpha 0.001,2,170,-2,-516,670,-3717
alpha 0.001,2,171,-2,-518,671,-3719
alpha 0.001,2,172,-2,-520,672,-3721
alpha 0.001,2,173,-3,-523,673,-3724
alpha 0.001,2,174,-3,-526,674,-3727
alpha 0.001,2,175,-2,-528,675,-3729
alpha 0.001,2,176,-2,-530,676,-3731
alpha 0.001,2,177,-2,-532,677,-3733
alpha 0.001,2,178,-2,-534,678,-3735
alpha 0.001,2,179,-2,-536,679,-3737
alpha 0.001,2,180,-2,-538,680,-3739
alpha 0.001,2,181,-1,-539,681,-3740
alpha 0.001,2,182,-1,-540,682,-3741
alpha 0.001,2,183,-1,-541,683,-3742
alpha 0.001,2,184,-1,-542,684,-3743
alpha 0.001,2,185,-1,-543,685,-3744
alpha 0.001,2,186,-1,-544,686,-3745
alpha 0.001,2,187,-1,-545,687,-3746
alpha 0.001,2,188,-1,-546,688,-3747
alpha 0.001,2,189,1,-545,689,-3746
alpha 0.001,2,190,1,-544,690,-3745
alpha 0.001,2,191,1,-543,691,-3744
alpha 0.001,2,192,-1,-544,692,-3745
alpha 0.001,2,193,-1,-545,693,-3746
alpha 0.001,2,194,1,-544,694,-3745
alpha 0.001,2,195,4,-540,695,-3741
alpha 0.001,2,196,2,-538,696,-3739
alpha 0.001,2,197,-1,-539,697,-3740
alpha 0.001,2,198,-2,-541,698,-3742
alpha 0.001,2,199,-3,-544,699,-3745
alpha 0.001,2,200,1,-543,700,-3744
alpha 0.001,2,201,1,-542,701,-3743
alpha 0.001,2,202,1,-541,702,-3742
alpha 0.001,2,203,1,-540,703,-3741
alpha 0.001,2,204,1,-539,704,-3740
alpha 0.001,2,205,1,-538,705,-3739
alpha 0.001,2,206,1,-537,706,-3738
alpha 0.001,2,207,1,-536,707,-3737
alpha 0.001,2,208,1,-535,708,-3736
alpha 0.001,2,209,1,-534,709,-3735
alpha 0.001,2,210,1,-533,710,-3734
alpha 0.001,2,211,-2,-535,711,-3736
alpha 0.001,2,212,-2,-537,712,-3738
alpha 0.001,2,213,-2,-539,713,-3740
alpha 0.001,2,214,-2,-541,714,-3742
alpha 0.001,2,215,-2,-543,715,-3744
alpha 0.001,2,216,-2,-545,716,-3746
alpha 0.001,2,217,-2,-547,717,-3748
alpha 0.001,2,218,-2,-549,718,-3750
alpha 0.001,2,219,-2,-551,719,-3752
alpha 0.001,2,220,-2,-553,720,-3754
alpha 0.001,2,221,1,-552,721,-3753
alpha 0.001,2,222,1,-551,722,-3752
alpha 0.001,2,223,1,-550,723,-3751
alpha 0.001,2,224,1,-549,724,-3750
alpha 0.001,2,225,1,-548,725,-3749
alpha 0.001,2,226,1,-547,726,-3748
alpha 0.001,2,227,1,-546,727,-3747
alpha 0.001,2,228,1,-545,728,-3746
alpha 0.001,2,229,1,-544,729,-3745
alpha 0.001,2,230,1,-543,730,-3744
alpha 0.001,2,231,1,-542,731,-3743
alpha 0.001,2,232,-2,-544,732,-3745
alpha 0.001,2,233,-2,-546,733,-3747
alpha 0.001,2,234,-2,-548,734,-3749
alpha 0.001,2,235,-2,-550,735,-3751
alpha 0.001,2,236,-2,-552,736,-3753
alpha 0.001,2,237,-2,-554,737,-3755
alpha 0.001,2,238,-2,-556,738,-3757
alpha 0.001,2,239,-2,-558,739,-3759
alpha 0.001,2,240,-2,-560,740,-3761
alpha 0.001,2,241,-2,-562,741,-3763
alpha 0.001,2,242,-2,-564,742,-3765
alpha 0.001,2,243,-2,-566,743,-3767
alpha 0.001,2,244,-2,-568,744,-3769
alpha 0.001,2,245,-2,-570,745,-3771
alpha 0.001,2,246,-2,-572,746,-3773
alpha 0.001,2,247,-2,-574,747,-3775
alpha 0.001,2,248,-2,-576,748,-3777
alpha 0.001,2,249,-2,-578,749,-3779
alpha 0.001,2,250,-2,-580,750,-3781
alpha 0.001,2,251,-2,-582,751,-3783
alpha 0.001,2,252,-2,-584,752,-3785
alpha 0.001,2,253,-2,-586,753,-3787
alpha 0.001,2,254,-2,-588,754,-3789
alpha 0.001,2,255,-2,-590,755,-3791
alpha 0.001,2,256,-2,-592,756,-3793
alpha 0.001,2,257,-2,-594,757,-3795
alpha 0.001,2,258,-2,-596,758,-3797
alpha 0.001,2,259,-2,-598,759,-3799
alpha 0.001,2,260,-2,-600,760,-3801
alpha 0.001,2,261,-2,-602,761,-3803
alpha 0.001,2,262,-2,-604,762,-3805
alpha 0.001,2,263,-2,-606,763,-3807
alpha 0.001,2,264,-2,-608,764,-3809
alpha 0.001,2,265,-2,-610,765,-3811
alpha 0.001,2,266,-2,-612,766,-3813
alpha 0.001,2,267,-2,-614,767,-3815
alpha 0.001,2,268,-2,-616,768,-3817
alpha 0.001,2,269,-2,-618,769,-3819
alpha 0.001,2,270,-2,-620,770,-3821
alpha 0.001,2,271,-2,-622,771,-3823
alpha 0.001,2,272,-2,-624,772,-3825
alpha 0.001,2,273,-2,-626,773,-3827
alpha 0.001,2,274,-2,-628,774,-3829
alpha 0.001,2,275,-2,-630,775,-3831
alpha 0.001,2,276,-2,-632,776,-3833
alpha 0.001,2,277,-3,-635,777,-3836
alpha 0.001,2,278,-3,-638,778,-3839
alpha 0.001,2,279,-3,-641,779,-3842
alpha 0.001,2,280,-3,-644,780,-3845
alpha 0.001,2,281,-3,-647,781,-3848
alpha 0.001,2,282,-3,-650,782,-3851
alpha 0.001,2,283,-3,-653,783,-3854
alpha 0.001,2,284,-3,-656,784,-3857
alpha 0.001,2,285,-2,-658,785,-3859
alpha 0.001,2,286,-2,-660,786,-3861
alpha 0.001,2,287,-2,-662,787,-3863
alpha 0.001,2,288,-2,-664,788,-3865
alpha 0.001,2,289,-2,-666,789,-3867
alpha 0.001,2,290,-2,-668,790,-3869
alpha 0.001,2,291,-2,-670,791,-3871
alpha 0.001,2,292,-2,-672,792,-3873
alpha 0.001,2,293,-2,-674,793,-3875
alpha 0.001,2,294,-3,-677,794,-3878
alpha 0.001,2,295,-3,-680,795,-3881
alpha 0.001,2,296,-3,-683,796,-3884
alpha 0.001,2,297,-3,-686,797,-3887
alpha 0.001,2,298,-3,-689,798,-3890
alpha 0.001,2,299,-3,-692,799,-3893
alpha 0.001,2,300,-3,-695,800,-3896
alpha 0.001,2,301,-3,-698,801,-3899
alpha 0.001,2,302,-3,-701,802,-3902
alpha 0.001,2,303,-3,-704,803,-3905
alpha 0.001,2,304,-3,-707,804,-3908
alpha 0.001,2,305,-3,-710,805,-3911
alpha 0.001,2,306,-3,-713,806,-3914
alpha 0.001,2,307,-3,-716,807,-3917
alpha 0.001,2,308,-3,-719,808,-3920
alpha 0.001,2,309,-3,-722,809,-3923
alpha 0.001,2,310,-3,-725,810,-3926
alpha 0.001,2,311,-3,-728,811,-3929
alpha 0.001,2,312,-3,-731,812,-3932
alpha 0.001,2,313,-3,-734,813,-3935
alpha 0.001,2,314,-3,-737,814,-3938
alpha 0.001,2,315,-3,-740,815,-3941
alpha 0.001,2,316,-3,-743,816,-3944
alpha 0.001,2,317,-3,-746,817,-3947
alpha 0.001,2,318,-3,-749,818,-3950
alpha 0.001,2,319,-3,-752,819,-3953
alpha 0.001,2,320,-3,-755,820,-3956
alpha 0.001,2,321,-3,-758,821,-3959
alpha 0.001,2,322,-3,-761,822,-3962
alpha 0.001,2,323,-2,-763,823,-3964
alpha 0.001,2,324,-2,-765,824,-3966
alpha 0.001,2,325,-3,-768,825,-3969
alpha 0.001,2,326,-3,-771,826,-3972
alpha 0.001,2,327,-3,-774,827,-3975
alpha 0.001,2,328,-3,-777,828,-3978
alpha 0.001,2,329,-3,-780,829,-3981
alpha 0.001,2,330,-3,-783,830,-3984
alpha 0.001,2,331,-3,-786,831,-3987
alpha 0.001,2,332,-2,-788,832,-3989
alpha 0.001,2,333,-2,-790,833,-3991
alpha 0.001,2,334,-2,-792,834,-3993
alpha 0.001,2,335,-2,-794,835,-3995
alpha 0.001,2,336,-2,-796,836,-3997
alpha 0.001,2,337,-2,-798,837,-3999
alpha 0.001,2,338,-2,-800,838,-4001
alpha 0.001,2,339,-2,-802,839,-4003
alpha 0.001,2,340,-2,-804,840,-4005
alpha 0.001,2,341,-2,-806,841,-4007
alpha 0.001,2,342,-2,-808,842,-4009
alpha 0.001,2,343,-2,-810,843,-4011
alpha 0.001,2,344,-2,-812,844,-4013
alpha 0.001,2,345,-2,-814,845,-4015
alpha 0.001,2,346,-2,-816,846,-4017
alpha 0.001,2,347,-2,-818,847,-4019
alpha 0.001,2,348,-2,-820,848,-4021
alpha 0.001,2,349,-2,-822,849,-4023
alpha 0.001,2,350,-2,-824,850,-4025
alpha 0.001,2,351,-2,-826,851,-4027
alpha 0.001,2,352,-2,-828,852,-4029
alpha 0.001,2,353,-2,-830,853,-4031
alpha 0.001,2,354,-2,-832,854,-4033
alpha 0.001,2,355,-2,-834,855,-4035
alpha 0.001,2,356,-2,-836,856,-4037
alpha 0.001,2,357,-2,-838,857,-4039
alpha 0.001,2,358,-2,-840,858,-4041
alpha 0.001,2,359,-2,-842,859,-4043
alpha 0.001,2,360,-2,-844,860,-4045
alpha 0.001,2,361,-2,-846,861,-4047
alpha 0.001,2,362,-2,-848,862,-4049
alpha 0.001,2,363,-2,-850,863,-4051
alpha 0.001,2,364,-2,-852,864,-4053
alpha 0.001,2,365,-2,-854,865,-4055
alpha 0.001,2,366,-2,-856,866,-4057
alpha 0.001,2,367,-2,-858,867,-4059
alpha 0.001,2,368,-2,-860,868,-4061
alpha 0.001,2,369,-2,-862,869,-4063
alpha 0.001,2,370,-2,-864,870,-4065
alpha 0.001,2,371,-2,-866,871,-4067
alpha 0.001,2,372,-2,-868,872,-4069
alpha 0.001,2,373,-2,-870,873,-4071
alpha 0.001,2,374,-3,-873,874,-4074
alpha 0.001,2,375,-3,-876,875,-4077
alpha 0.001,2,376,-3,-879,876,-4080
alpha 0.001,2,377,-3,-882,877,-4083
alpha 0.001,2,378,-3,-885,878,-4086
alpha 0.001,2,379,-3,-888,879,-4089
alpha 0.001,2,380,-3,-891,880,-4092
alpha 0.001,2,381,-3,-894,881,-4095
alpha 0.001,2,382,-3,-897,882,-4098
alpha 0.001,2,383,-3,-900,883,-4101
alpha 0.001,2,384,-3,-903,884,-4104
alpha 0.001,2,385,-3,-906,885,-4107
alpha 0.001,2,386,-3,-909,886,-4110
alpha 0.001,2,387,-3,-912,887,-4113
alpha 0.001,2,388,-3,-915,888,-4116
alpha 0.001,2,389,-3,-918,889,-4119
alpha 0.001,2,390,-3,-921,890,-4122
alpha 0.001,2,391,-3,-924,891,-4125
alpha 0.001,2,392,-3,-927,892,-4128
alpha 0.001,2,393,-3,-930,893,-4131
alpha 0.001,2,394,-3,-933,894,-4134
alpha 0.001,2,395,-3,-936,895,-4137
alpha 0.001,2,396,-3,-939,896,-4140
alpha 0.001,2,397,-3,-942,897,-4143
alpha 0.001,2,398,-3,-945,898,-4146
alpha 0.001,2,399,-3,-948,899,-4149
alpha 0.001,2,400,-3,-951,900,-4152
alpha 0.001,2,401,-3,-954,901,-4155
alpha 0.001,2,402,-3,-957,902,-4158
alpha 0.001,2,403,-3,-960,903,-4161
alpha 0.001,2,404,-3,-963,904,-4164
alpha 0.001,2,405,-3,-966,905,-4167
alpha 0.001,2,406,-3,-969,906,-4170
alpha 0.001,2,407,-3,-972,907,-4173
alpha 0.001,2,408,-3,-975,908,-4176
alpha 0.001,2,409,-3,-978,909,-4179
alpha 0.001,2,410,-3,-981,910,-4182
alpha 0.001,2,411,-3,-984,911,-4185
alpha 0.001,2,412,-3,-987,912,-4188
alpha 0.001,2,413,-3,-990,913,-4191
alpha 0.001,2,414,-3,-993,914,-4194
alpha 0.001,2,415,-3,-996,915,-4197
alpha 0.001,2,416,-3,-999,916,-4200
alpha 0.001,2,417,-3,-1002,917,-4203
alpha 0.001,2,418,-3,-1005,918,-4206
alpha 0.001,2,419,-3,-1008,919,-4209
alpha 0.001,2,420,-3,-1011,920,-4212
alpha 0.001,2,421,-3,-1014,921,-4215
alpha 0.001,2,422,-2,-1016,922,-4217
alpha 0.001,2,423,-2,-1018,923,-4219
alpha 0.001,2,424,-2,-1020,924,-4221
alpha 0.001,2,425,-2,-1022,925,-4223
alpha 0.001,2,426,-2,-1024,926,-4225
alpha 0.001,2,427,-2,-1026,927,-4227
alpha 0.001,2,428,-2,-1028,928,-4229
alpha 0.001,2,429,-2,-1030,929,-4231
alpha 0.001,2,430,-2,-1032,930,-4233
alpha 0.001,2,431,-2,-1034,931,-4235
alpha 0.001,2,432,-2,-1036,932,-4237
alpha 0.001,2,433,-2,-1038,933,-4239
alpha 0.001,2,434,-2,-1040,934,-4241
alpha 0.001,2,435,-2,-1042,935,-4243
alpha 0.001,2,436,-2,-1044,936,-4245
alpha 0.001,2,437,-2,-1046,937,-4247
alpha 0.001,2,438,1,-1045,938,-4246
alpha 0.001,2,439,1,-1044,939,-4245
alpha 0.001,2,440,1,-1043,940,-4244
alpha 0.001,2,441,2,-1041,941,-4242
alpha 0.001,2,442,2,-1039,942,-4240
alpha 0.001,2,443,1,-1038,943,-4239
alpha 0.001,2,444,1,-1037,944,-4238
alpha 0.001,2,445,-2,-1039,945,-4240
alpha 0.001,2,446,-2,-1041,946,-4242
alpha 0.001,2,447,-2,-1043,947,-4244
alpha 0.001,2,448,-1,-1044,948,-4245
alpha 0.001,2,449,1,-1043,949,-4244
alpha 0.001,2,450,1,-1042,950,-4243
alpha 0.001,2,451,1,-1041,951,-4242
alpha 0.001,2,452,-2,-1043,952,-4244
alpha 0.001,2,453,-2,-1045,953,-4246
alpha 0.001,2,454,-2,-1047,954,-4248
alpha 0.001,2,455,-2,-1049,955,-4250
alpha 0.001,2,456,-1,-1050,956,-4251
alpha 0.001,2,457,-1,-1051,957,-4252
alpha 0.001,2,458,-1,-1052,958,-4253
alpha 0.001,2,459,-1,-1053,959,-4254
alpha 0.001,2,460,-1,-1054,960,-4255
alpha 0.001,2,461,-1,-1055,961,-4256
alpha 0.001,2,462,1,-1054,962,-4255
alpha 0.001,2,463,1,-1053,963,-4254
alpha 0.001,2,464,1,-1052,964,-4253
alpha 0.001,2,465,1,-1051,965,-4252
alpha 0.001,2,466,1,-1050,966,-4251
alpha 0.001,2,467,1,-1049,967,-4250
alpha 0.001,2,468,1,-1048,968,-4249
alpha 0.001,2,469,1,-1047,969,-4248
alpha 0.001,2,470,1,-1046,970,-4247
alpha 0.001,2,471,1,-1045,971,-4246
alpha 0.001,2,472,1,-1044,972,-4245
alpha 0.001,2,473,2,-1042,973,-4243
alpha 0.001,2,474,2,-1040,974,-4241
alpha 0.001,2,475,2,-1038,975,-4239
alpha 0.001,2,476,2,-1036,976,-4237
alpha 0.001,2,477,2,-1034,977,-4235
alpha 0.001,2,478,2,-1032,978,-4233
alpha 0.001,2,479,1,-1031,979,-4232
alpha 0.001,2,480,-2,-1033,980,-4234
alpha 0.001,2,481,-2,-1035,981,-4236
alpha 0.001,2,482,-3,-1038,982,-4239
alpha 0.001,2,483,-3,-1041,983,-4242
alpha 0.001,2,484,-5,-1046,984,-4247
alpha 0.001,2,485,-5,-1051,985,-4252
alpha 0.001,2,486,-5,-1056,986,-4257
alpha 0.001,2,487,-5,-1061,987,-4262
alpha 0.001,2,488,-3,-1064,988,-4265
alpha 0.001,2,489,-5,-1069,989,-4270
alpha 0.001,2,490,-5,-1074,990,-4275
alpha 0.001,2,491,-5,-1079,991,-4280
alpha 0.001,2,492,-3,-1082,992,-4283
alpha 0.001,2,493,-3,-1085,993,-4286
alpha 0.001,2,494,-3,-1088,994,-4289
alpha 0.001,2,495,-3,-1091,995,-4292
alpha 0.001,2,496,-3,-1094,996,-4295
alpha 0.001,2,497,-3,-1097,997,-4298
alpha 0.001,2,498,-3,-1100,998,-4301
alpha 0.001,2,499,-5,-1105,999,-4306
alpha 0.001,2,500,-5,-1110,1000,-4311
alpha 0.001,3,1,4,4,1001,-4307
alpha 0.001,3,2,2,6,1002,-4305
alpha 0.001,3,3,1,7,1003,-4304
alpha 0.001,3,4,-1,6,1004,-4305
alpha 0.001,3,5,-2,4,1005,-4307
alpha 0.001,3,6,-2,2,1006,-4309
alpha 0.001,3,7,-2,0,1007,-4311
alpha 0.001,3,8,-3,-3,1008,-4314
alpha 0.001,3,9,-3,-6,1009,-4317
alpha 0.001,3,10,-2,-8,1010,-4319
alpha 0.001,3,11,-2,-10,1011,-4321
alpha 0.001,3,12,-2,-12,1012,-4323
alpha 0.001,3,13,-2,-14,1013,-4325
alpha 0.001,3,14,-2,-16,1014,-4327
alpha 0.001,3,15,-2,-18,1015,-4329
alpha 0.001,3,16,-2,-20,1016,-4331
alpha 0.001,3,17,-2,-22,1017,-4333
alpha 0.001,3,18,-2,-24,1018,-4335
alpha 0.001,3,19,-2,-26,1019,-4337
alpha 0.001,3,20,-2,-28,1020,-4339
alpha 0.001,3,21,-2,-30,1021,-4341
alpha 0.001,3,22,-2,-32,1022,-4343
alpha 0.001,3,23,-2,-34,1023,-4345
alpha 0.001,3,24,-3,-37,1024,-4348
alpha 0.001,3,25,-3,-40,1025,-4351
alpha 0.001,3,26,-3,-43,1026,-4354
alpha 0.001,3,27,-3,-46,1027,-4357
alpha 0.001,3,28,-3,-49,1028,-4360
alpha 0.001,3,29,-3,-52,1029,-4363
alpha 0.001,3,30,-3,-55,1030,-4366
alpha 0.001,3,31,-3,-58,1031,-4369
alpha 0.001,3,32,-3,-61,1032,-4372
alpha 0.001,3,33,-3,-64,1033,-4375
alpha 0.001,3,34,-3,-67,1034,-4378
alpha 0.001,3,35,-3,-70,1035,-4381
alpha 0.001,3,36,-3,-73,1036,-4384
alpha 0.001,3,37,-3,-76,1037,-4387
alpha 0.001,3,38,-3,-79,1038,-4390
alpha 0.001,3,39,-3,-82,1039,-4393
alpha 0.001,3,40,-3,-85,1040,-4396
alpha 0.001,3,41,-3,-88,1041,-4399
alpha 0.001,3,42,-3,-91,1042,-4402
alpha 0.001,3,43,-3,-94,1043,-4405
alpha 0.001,3,44,-3,-97,1044,-4408
alpha 0.001,3,45,-3,-100,1045,-4411
alpha 0.001,3,46,-3,-103,1046,-4414
alpha 0.001,3,47,-3,-106,1047,-4417
alpha 0.001,3,48,-3,-109,1048,-4420
alpha 0.001,3,49,-3,-112,1049,-4423
alpha 0.001,3,50,-3,-115,1050,-4426
alpha 0.001,3,51,-3,-118,1051,-4429
alpha 0.001,3,52,-3,-121,1052,-4432
alpha 0.001,3,53,-3,-124,1053,-4435
alpha 0.001,3,54,-3,-127,1054,-4438
alpha 0.001,3,55,-3,-130,1055,-4441
alpha 0.001,3,56,-3,-133,1056,-4444
alpha 0.001,3,57,-3,-136,1057,-4447
alpha 0.001,3,58,-3,-139,1058,-4450
alpha 0.001,3,59,-3,-142,1059,-4453
alpha 0.001,3,60,-3,-145,1060,-4456
alpha 0.001,3,61,-3,-148,1061,-4459
alpha 0.001,3,62,-3,-151,1062,-4462
alpha 0.001,3,63,-3,-154,1063,-4465
alpha 0.001,3,64,-3,-157,1064,-4468
alpha 0.001,3,65,-3,-160,1065,-4471
alpha 0.001,3,66,-3,-163,1066,-4474
alpha 0.001,3,67,-3,-166,1067,-4477
alpha 0.001,3,68,-3,-169,1068,-4480
alpha 0.001,3,69,-3,-172,1069,-4483
alpha 0.001,3,70,-3,-175,1070,-4486
alpha 0.001,3,71,-3,-178,1071,-4489
alpha 0.001,3,72,-3,-181,1072,-4492
alpha 0.001,3,73,-3,-184,1073,-4495
alpha 0.001,3,74,-3,-187,1074,-4498
alpha 0.001,3,75,-4,-191,1075,-4502
alpha 0.001,3,76,-4,-195,1076,-4506
alpha 0.001,3,77,-4,-199,1077,-4510
alpha 0.001,3,78,-4,-203,1078,-4514
alpha 0.001,3,79,-4,-207,1079,-4518
alpha 0.001,3,80,-4,-211,1080,-4522
alpha 0.001,3,81,-4,-215,1081,-4526
alpha 0.001,3,82,-4,-219,1082,-4530
alpha 0.001,3,83,-4,-223,1083,-4534
alpha 0.001,3,84,-4,-227,1084,-4538
alpha 0.001,3,85,-4,-231,1085,-4542
alpha 0.001,3,86,-5,-236,1086,-4547
alpha 0.001,3,87,-5,-241,1087,-4552
alpha 0.001,3,88,-4,-245,1088,-4556
alpha 0.001,3,89,-4,-249,1089,-4560
alpha 0.001,3,90,-4,-253,1090,-4564
alpha 0.001,3,91,-4,-257,1091,-4568
alpha 0.001,3,92,-4,-261,1092,-4572
alpha 0.001,3,93,-4,-265,1093,-4576
alpha 0.001,3,94,-4,-269,1094,-4580
alpha 0.001,3,95,-4,-273,1095,-4584
alpha 0.001,3,96,-4,-277,1096,-4588
alpha 0.001,3,97,-4,-281,1097,-4592
alpha 0.001,3,98,-4,-285,1098,-4596
alpha 0.001,3,99,-4,-289,1099,-4600
alpha 0.001,3,100,-4,-293,1100,-4604
alpha 0.001,3,101,-4,-297,1101,-4608
alpha 0.001,3,102,-2,-299,1102,-4610
alpha 0.001,3,103,-2,-301,1103,-4612
alpha 0.001,3,104,-2,-303,1104,-4614
alpha 0.001,3,105,-3,-306,1105,-4617
alpha 0.001,3,106,-3,-309,1106,-4620
alpha 0.001,3,107,-3,-312,1107,-4623
alpha 0.001,3,108,-3,-315,1108,-4626
alpha 0.001,3,109,-3,-318,1109,-4629
alpha 0.001,3,110,-2,-320,1110,-4631
alpha 0.001,3,111,-2,-322,1111,-4633
alpha 0.001,3,112,-2,-324,1112,-4635
alpha 0.001,3,113,-2,-326,1113,-4637
alpha 0.001,3,114,-1,-327,1114,-4638
alpha 0.001,3,115,-1,-328,1115,-4639
alpha 0.001,3,116,1,-327,1116,-4638
alpha 0.001,3,117,1,-326,1117,-4637
alpha 0.001,3,118,1,-325,1118,-4636
alpha 0.001,3,119,2,-323,1119,-4634
alpha 0.001,3,120,2,-321,1120,-4632
alpha 0.001,3,121,4,-317,1121,-4628
alpha 0.001,3,122,-2,-319,1122,-4630
alpha 0.001,3,123,-3,-322,1123,-4633
alpha 0.001,3,124,-3,-325,1124,-4636
alpha 0.001,3,125,-3,-328,1125,-4639
alpha 0.001,3,126,-2,-330,1126,-4641
alpha 0.001,3,127,-2,-332,1127,-4643
alpha 0.001,3,128,-2,-334,1128,-4645
alpha 0.001,3,129,-3,-337,1129,-4648
alpha 0.001,3,130,-4,-341,1130,-4652
alpha 0.001,3,131,-6,-347,1131,-4658
alpha 0.001,3,132,-6,-353,1132,-4664
alpha 0.001,3,133,-6,-359,1133,-4670
alpha 0.001,3,134,-6,-365,1134,-4676
alpha 0.001,3,135,-7,-372,1135,-4683
alpha 0.001,3,136,-7,-379,1136,-4690
alpha 0.001,3,137,-7,-386,1137,-4697
alpha 0.001,3,138,-7,-393,1138,-4704
alpha 0.001,3,139,-7,-400,1139,-4711
alpha 0.001,3,140,-7,-407,1140,-4718
alpha 0.001,3,141,-7,-414,1141,-4725
alpha 0.001,3,142,-7,-421,1142,-4732
alpha 0.001,3,143,-7,-428,1143,-4739
alpha 0.001,3,144,-7,-435,1144,-4746
alpha 0.001,3,145,-5,-440,1145,-4751
alpha 0.001,3,146,-5,-445,1146,-4756
alpha 0.001,3,147,-5,-450,1147,-4761
alpha 0.001,3,148,-5,-455,1148,-4766
alpha 0.001,3,149,-5,-460,1149,-4771
alpha 0.001,3,150,-5,-465,1150,-4776
alpha 0.001,3,151,-5,-470,1151,-4781
alpha 0.001,3,152,-5,-475,1152,-4786
alpha 0.001,3,153,-6,-481,1153,-4792
alpha 0.001,3,154,-6,-487,1154,-4798
alpha 0.001,3,155,-6,-493,1155,-4804
alpha 0.001,3,156,-6,-499,1156,-4810
alpha 0.001,3,157,-6,-505,1157,-4816
alpha 0.001,3,158,-6,-511,1158,-4822
alpha 0.001,3,159,-6,-517,1159,-4828
alpha 0.001,3,160,-6,-523,1160,-4834
alpha 0.001,3,161,-6,-529,1161,-4840
alpha 0.001,3,162,-6,-535,1162,-4846
alpha 0.001,3,163,-6,-541,1163,-4852
alpha 0.001,3,164,-6,-547,1164,-4858
alpha 0.001,3,165,-8,-555,1165,-4866
alpha 0.001,3,166,-8,-563,1166,-4874
alpha 0.001,3,167,-8,-571,1167,-4882
alpha 0.001,3,168,-8,-579,1168,-4890
alpha 0.001,3,169,-8,-587,1169,-4898
alpha 0.001,3,170,-6,-593,1170,-4904
alpha 0.001,3,171,-6,-599,1171,-4910
alpha 0.001,3,172,-6,-605,1172,-4916
alpha 0.001,3,173,-6,-611,1173,-4922
alpha 0.001,3,174,-6,-617,1174,-4928
alpha 0.001,3,175,-8,-625,1175,-4936
alpha 0.001,3,176,-8,-633,1176,-4944
alpha 0.001,3,177,-8,-641,1177,-4952
alpha 0.001,3,178,-8,-649,1178,-4960
alpha 0.001,3,179,-8,-657,1179,-4968
alpha 0.001,3,180,-8,-665,1180,-4976
alpha 0.001,3,181,-8,-673,1181,-4984
alpha 0.001,3,182,-8,-681,1182,-4992
alpha 0.001,3,183,-6,-687,1183,-4998
alpha 0.001,3,184,-6,-693,1184,-5004
alpha 0.001,3,185,-6,-699,1185,-5010
alpha 0.001,3,186,-6,-705,1186,-5016
alpha 0.001,3,187,-6,-711,1187,-5022
alpha 0.001,3,188,-6,-717,1188,-5028
alpha 0.001,3,189,-6,-723,1189,-5034
alpha 0.001,3,190,-6,-729,1190,-5040
alpha 0.001,3,191,-5,-734,1191,-5045
alpha 0.001,3,192,-5,-739,1192,-5050
alpha 0.001,3,193,-5,-744,1193,-5055
alpha 0.001,3,194,-5,-749,1194,-5060
alpha 0.001,3,195,-5,-754,1195,-5065
alpha 0.001,3,196,-5,-759,1196,-5070
alpha 0.001,3,197,-5,-764,1197,-5075
alpha 0.001,3,198,-5,-769,1198,-5080
alpha 0.001,3,199,-5,-774,1199,-5085
alpha 0.001,3,200,-5,-779,1200,-5090
alpha 0.001,3,201,-5,-784,1201,-5095
alpha 0.001,3,202,-5,-789,1202,-5100
alpha 0.001,3,203,-4,-793,1203,-5104
alpha 0.001,3,204,-4,-797,1204,-5108
alpha 0.001,3,205,-4,-801,1205,-5112
alpha 0.001,3,206,-4,-805,1206,-5116
alpha 0.001,3,207,-4,-809,1207,-5120
alpha 0.001,3,208,-4,-813,1208,-5124
alpha 0.001,3,209,-3,-816,1209,-5127
alpha 0.001,3,210,-2,-818,1210,-5129
alpha 0.001,3,211,-2,-820,1211,-5131
alpha 0.001,3,212,1,-819,1212,-5130
alpha 0.001,3,213,1,-818,1213,-5129
alpha 0.001,3,214,-2,-820,1214,-5131
alpha 0.001,3,215,-2,-822,1215,-5133
alpha 0.001,3,216,-2,-824,1216,-5135
alpha 0.001,3,217,-2,-826,1217,-5137
alpha 0.001,3,218,-2,-828,1218,-5139
alpha 0.001,3,219,-2,-830,1219,-5141
alpha 0.001,3,220,-2,-832,1220,-5143
alpha 0.001,3,221,-2,-834,1221,-5145
alpha 0.001,3,222,-2,-836,1222,-5147
alpha 0.001,3,223,-2,-838,1223,-5149
alpha 0.001,3,224,-2,-840,1224,-5151
alpha 0.001,3,225,-2,-842,1225,-5153
alpha 0.001,3,226,-2,-844,1226,-5155
alpha 0.001,3,227,-2,-846,1227,-5157
alpha 0.001,3,228,-2,-848,1228,-5159
alpha 0.001,3,229,-2,-850,1229,-5161
alpha 0.001,3,230,-2,-852,1230,-5163
alpha 0.001,3,231,-2,-854,1231,-5165
alpha 0.001,3,232,-3,-857,1232,-5168
alpha 0.001,3,233,-3,-860,1233,-5171
alpha 0.001,3,234,-3,-863,1234,-5174
alpha 0.001,3,235,-3,-866,1235,-5177
alpha 0.001,3,236,-3,-869,1236,-5180
alpha 0.001,3,237,-3,-872,1237,-5183
alpha 0.001,3,238,-3,-875,1238,-5186
alpha 0.001,3,239,-3,-878,1239,-5189
alpha 0.001,3,240,-3,-881,1240,-5192
alpha 0.001,3,241,-3,-884,1241,-5195
alpha 0.001,3,242,-4,-888,1242,-5199
alpha 0.001,3,243,-4,-892,1243,-5203
alpha 0.001,3,244,-4,-896,1244,-5207
alpha 0.001,3,245,-3,-899,1245,-5210
alpha 0.001,3,246,-3,-902,1246,-5213
alpha 0.001,3,247,-5,-907,1247,-5218
alpha 0.001,3,248,-5,-912,1248,-5223
alpha 0.001,3,249,-5,-917,1249,-5228
alpha 0.001,3,250,-5,-922,1250,-5233
alpha 0.001,3,251,-5,-927,1251,-5238
alpha 0.001,3,252,-5,-932,1252,-5243
alpha 0.001,3,253,-5,-937,1253,-5248
alpha 0.001,3,254,-5,-942,1254,-5253
alpha 0.001,3,255,-5,-947,1255,-5258
alpha 0.001,3,256,-5,-952,1256,-5263
alpha 0.001,3,257,-5,-957,1257,-5268
alpha 0.001,3,258,-5,-962,1258,-5273
alpha 0.001,3,259,-5,-967,1259,-5278
alpha 0.001,3,260,-5,-972,1260,-5283
alpha 0.001,3,261,-5,-977,1261,-5288
alpha 0.001,3,262,-5,-982,1262,-5293
alpha 0.001,3,263,-5,-987,1263,-5298
alpha 0.001,3,264,-5,-992,1264,-5303
alpha 0.001,3,265,-5,-997,1265,-5308
alpha 0.001,3,266,-5,-1002,1266,-5313
alpha 0.001,3,267,-5,-1007,1267,-5318
alpha 0.001,3,268,-5,-1012,1268,-5323
alpha 0.001,3,269,-5,-1017,1269,-5328
alpha 0.001,3,270,-5,-1022,1270,-5333
alpha 0.001,3,271,-6,-1028,1271,-5339
alpha 0.001,3,272,-6,-1034,1272,-5345
alpha 0.001,3,273,-6,-1040,1273,-5351
alpha 0.001,3,274,-6,-1046,1274,-5357
alpha 0.001,3,275,-6,-1052,1275,-5363
alpha 0.001,3,276,-6,-1058,1276,-5369
alpha 0.001,3,277,-6,-1064,1277,-5375
alpha 0.001,3,278,-6,-1070,1278,-5381
alpha 0.001,3,279,-6,-1076,1279,-5387
alpha 0.001,3,280,-6,-1082,1280,-5393
alpha 0.001,3,281,-6,-1088,1281,-5399
alpha 0.001,3,282,-6,-1094,1282,-5405
alpha 0.001,3,283,-6,-1100,1283,-5411
alpha 0.001,3,284,-6,-1106,1284,-5417
alpha 0.001,3,285,-6,-1112,1285,-5423
alpha 0.001,3,286,-6,-1118,1286,-5429
alpha 0.001,3,287,-6,-1124,1287,-5435
alpha 0.001,3,288,-6,-1130,1288,-5441
alpha 0.001,3,289,-6,-1136,1289,-5447
alpha 0.001,3,290,-6,-1142,1290,-5453
alpha 0.001,3,291,-4,-1146,1291,-5457
alpha 0.001,3,292,-4,-1150,1292,-5461
alpha 0.001,3,293,-4,-1154,1293,-5465
alpha 0.001,3,294,-4,-1158,1294,-5469
alpha 0.001,3,295,-4,-1162,1295,-5473
alpha 0.001,3,296,-4,-1166,1296,-5477
alpha 0.001,3,297,-4,-1170,1297,-5481
alpha 0.001,3,298,-4,-1174,1298,-5485
alpha 0.001,3,299,-4,-1178,1299,-5489
alpha 0.001,3,300,-3,-1181,1300,-5492
alpha 0.001,3,301,-3,-1184,1301,-5495
alpha 0.001,3,302,-3,-1187,1302,-5498
alpha 0.001,3,303,-3,-1190,1303,-5501
alpha 0.001,3,304,-3,-1193,1304,-5504
alpha 0.001,3,305,-3,-1196,1305,-5507
alpha 0.001,3,306,-3,-1199,1306,-5510
alpha 0.001,3,307,-3,-1202,1307,-5513
alpha 0.001,3,308,-3,-1205,1308,-5516
alpha 0.001,3,309,-3,-1208,1309,-5519
alpha 0.001,3,310,-3,-1211,1310,-5522
alpha 0.001,3,311,-2,-1213,1311,-5524
alpha 0.001,3,312,1,-1212,1312,-5523
alpha 0.001,3,313,1,-1211,1313,-5522
alpha 0.001,3,314,1,-1210,1314,-5521
alpha 0.001,3,315,1,-1209,1315,-5520
alpha 0.001,3,316,1,-1208,1316,-5519
alpha 0.001,3,317,1,-1207,1317,-5518
alpha 0.001,3,318,1,-1206,1318,-5517
alpha 0.001,3,319,-1,-1207,1319,-5518
alpha 0.001,3,320,-2,-1209,1320,-5520
alpha 0.001,3,321,-2,-1211,1321,-5522
alpha 0.001,3,322,-2,-1213,1322,-5524
alpha 0.001,3,323,-2,-1215,1323,-5526
alpha 0.001,3,324,-3,-1218,1324,-5529
alpha 0.001,3,325,-3,-1221,1325,-5532
alpha 0.001,3,326,-4,-1225,1326,-5536
alpha 0.001,3,327,-4,-1229,1327,-5540
alpha 0.001,3,328,-4,-1233,1328,-5544
alpha 0.001,3,329,-4,-1237,1329,-5548
alpha 0.001,3,330,-4,-1241,1330,-5552
alpha 0.001,3,331,-4,-1245,1331,-5556
alpha 0.001,3,332,-4,-1249,1332,-5560
alpha 0.001,3,333,-4,-1253,1333,-5564
alpha 0.001,3,334,-4,-1257,1334,-5568
alpha 0.001,3,335,-4,-1261,1335,-5572
alpha 0.001,3,336,-4,-1265,1336,-5576
alpha 0.001,3,337,-4,-1269,1337,-5580
alpha 0.001,3,338,-4,-1273,1338,-5584
alpha 0.001,3,339,-4,-1277,1339,-5588
alpha 0.001,3,340,-5,-1282,1340,-5593
alpha 0.001,3,341,-5,-1287,1341,-5598
alpha 0.001,3,342,-5,-1292,1342,-5603
alpha 0.001,3,343,-5,-1297,1343,-5608
alpha 0.001,3,344,-5,-1302,1344,-5613
alpha 0.001,3,345,-5,-1307,1345,-5618
alpha 0.001,3,346,-5,-1312,1346,-5623
alpha 0.001,3,347,-5,-1317,1347,-5628
alpha 0.001,3,348,-5,-1322,1348,-5633
alpha 0.001,3,349,-5,-1327,1349,-5638
alpha 0.001,3,350,-5,-1332,1350,-5643
alpha 0.001,3,351,-5,-1337,1351,-5648
alpha 0.001,3,352,-5,-1342,1352,-5653
alpha 0.001,3,353,-5,-1347,1353,-5658
alpha 0.001,3,354,-5,-1352,1354,-5663
alpha 0.001,3,355,-5,-1357,1355,-5668
alpha 0.001,3,356,-5,-1362,1356,-5673
alpha 0.001,3,357,-5,-1367,1357,-5678
alpha 0.001,3,358,-5,-1372,1358,-5683
alpha 0.001,3,359,-5,-1377,1359,-5688
alpha 0.001,3,360,-5,-1382,1360,-5693
alpha 0.001,3,361,-5,-1387,1361,-5698
alpha 0.001,3,362,-5,-1392,1362,-5703
alpha 0.001,3,363,-5,-1397,1363,-5708
alpha 0.001,3,364,-5,-1402,1364,-5713
alpha 0.001,3,365,-5,-1407,1365,-5718
alpha 0.001,3,366,-5,-1412,1366,-5723
alpha 0.001,3,367,-5,-1417,1367,-5728
alpha 0.001,3,368,-5,-1422,1368,-5733
alpha 0.001,3,369,-5,-1427,1369,-5738
alpha 0.001,3,370,-5,-1432,1370,-5743
alpha 0.001,3,371,-5,-1437,1371,-5748
alpha 0.001,3,372,-5,-1442,1372,-5753
alpha 0.001,3,373,-5,-1447,1373,-5758
alpha 0.001,3,374,-5,-1452,1374,-5763
alpha 0.001,3,375,-5,-1457,1375,-5768
alpha 0.001,3,376,-5,-1462,1376,-5773
alpha 0.001,3,377,-5,-1467,1377,-5778
alpha 0.001,3,378,-5,-1472,1378,-5783
alpha 0.001,3,379,-5,-1477,1379,-5788
alpha 0.001,3,380,-4,-1481,1380,-5792
alpha 0.001,3,381,-4,-1485,1381,-5796
alpha 0.001,3,382,-4,-1489,1382,-5800
alpha 0.001,3,383,-4,-1493,1383,-5804
alpha 0.001,3,384,-4,-1497,1384,-5808
alpha 0.001,3,385,-4,-1501,1385,-5812
alpha 0.001,3,386,-3,-1504,1386,-5815
alpha 0.001,3,387,-3,-1507,1387,-5818
alpha 0.001,3,388,-3,-1510,1388,-5821
alpha 0.001,3,389,-4,-1514,1389,-5825
alpha 0.001,3,390,-5,-1519,1390,-5830
alpha 0.001,3,391,-4,-1523,1391,-5834
alpha 0.001,3,392,-4,-1527,1392,-5838
alpha 0.001,3,393,-3,-1530,1393,-5841
alpha 0.001,3,394,-3,-1533,1394,-5844
alpha 0.001,3,395,-1,-1534,1395,-5845
alpha 0.001,3,396,-1,-1535,1396,-5846
alpha 0.001,3,397,-1,-1536,1397,-5847
alpha 0.001,3,398,2,-1534,1398,-5845
alpha 0.001,3,399,2,-1532,1399,-5843
alpha 0.001,3,400,-1,-1533,1400,-5844
alpha 0.001,3,401,-2,-1535,1401,-5846
alpha 0.001,3,402,-7,-1542,1402,-5853
alpha 0.001,3,403,-7,-1549,1403,-5860
alpha 0.001,3,404,-6,-1555,1404,-5866
alpha 0.001,3,405,-5,-1560,1405,-5871
alpha 0.001,3,406,-5,-1565,1406,-5876
alpha 0.001,3,407,-5,-1570,1407,-5881
alpha 0.001,3,408,-5,-1575,1408,-5886
alpha 0.001,3,409,-5,-1580,1409,-5891
alpha 0.001,3,410,-5,-1585,1410,-5896
alpha 0.001,3,411,-5,-1590,1411,-5901
alpha 0.001,3,412,-5,-1595,1412,-5906
alpha 0.001,3,413,-5,-1600,1413,-5911
alpha 0.001,3,414,-5,-1605,1414,-5916
alpha 0.001,3,415,-5,-1610,1415,-5921
alpha 0.001,3,416,-5,-1615,1416,-5926
alpha 0.001,3,417,-5,-1620,1417,-5931
alpha 0.001,3,418,-5,-1625,1418,-5936
alpha 0.001,3,419,-5,-1630,1419,-5941
alpha 0.001,3,420,-5,-1635,1420,-5946
alpha 0.001,3,421,-5,-1640,1421,-5951
alpha 0.001,3,422,-5,-1645,1422,-5956
alpha 0.001,3,423,-5,-1650,1423,-5961
alpha 0.001,3,424,-5,-1655,1424,-5966
alpha 0.001,3,425,-5,-1660,1425,-5971
alpha 0.001,3,426,-5,-1665,1426,-5976
alpha 0.001,3,427,-5,-1670,1427,-5981
alpha 0.001,3,428,-5,-1675,1428,-5986
alpha 0.001,3,429,-5,-1680,1429,-5991
alpha 0.001,3,430,-5,-1685,1430,-5996
alpha 0.001,3,431,-5,-1690,1431,-6001
alpha 0.001,3,432,-5,-1695,1432,-6006
alpha 0.001,3,433,-5,-1700,1433,-6011
alpha 0.001,3,434,-5,-1705,1434,-6016
alpha 0.001,3,435,-5,-1710,1435,-6021
alpha 0.001,3,436,-5,-1715,1436,-6026
alpha 0.001,3,437,-5,-1720,1437,-6031
alpha 0.001,3,438,-5,-1725,1438,-6036
alpha 0.001,3,439,-5,-1730,1439,-6041
alpha 0.001,3,440,-5,-1735,1440,-6046
alpha 0.001,3,441,-5,-1740,1441,-6051
alpha 0.001,3,442,-5,-1745,1442,-6056
alpha 0.001,3,443,-5,-1750,1443,-6061
alpha 0.001,3,444,-5,-1755,1444,-6066
alpha 0.001,3,445,-5,-1760,1445,-6071
alpha 0.001,3,446,-5,-1765,1446,-6076
alpha 0.001,3,447,-5,-1770,1447,-6081
alpha 0.001,3,448,-5,-1775,1448,-6086
alpha 0.001,3,449,-5,-1780,1449,-6091
alpha 0.001,3,450,-5,-1785,1450,-6096
alpha 0.001,3,451,-5,-1790,1451,-6101
alpha 0.001,3,452,-5,-1795,1452,-6106
alpha 0.001,3,453,-5,-1800,1453,-6111
alpha 0.001,3,454,-5,-1805,1454,-6116
alpha 0.001,3,455,-5,-1810,1455,-6121
alpha 0.001,3,456,-5,-1815,1456,-6126
alpha 0.001,3,457,-5,-1820,1457,-6131
alpha 0.001,3,458,-5,-1825,1458,-6136
alpha 0.001,3,459,-5,-1830,1459,-6141
alpha 0.001,3,460,-5,-1835,1460,-6146
alpha 0.001,3,461,-5,-1840,1461,-6151
alpha 0.001,3,462,-5,-1845,1462,-6156
alpha 0.001,3,463,-5,-1850,1463,-6161
alpha 0.001,3,464,-5,-1855,1464,-6166
alpha 0.001,3,465,-5,-1860,1465,-6171
alpha 0.001,3,466,-5,-1865,1466,-6176
alpha 0.001,3,467,-5,-1870,1467,-6181
alpha 0.001,3,468,-5,-1875,1468,-6186
alpha 0.001,3,469,-5,-1880,1469,-6191
alpha 0.001,3,470,-5,-1885,1470,-6196
alpha 0.001,3,471,-5,-1890,1471,-6201
alpha 0.001,3,472,-5,-1895,1472,-6206
alpha 0.001,3,473,-5,-1900,1473,-6211
alpha 0.001,3,474,-5,-1905,1474,-6216
alpha 0.001,3,475,-5,-1910,1475,-6221
alpha 0.001,3,476,-6,-1916,1476,-6227
alpha 0.001,3,477,-6,-1922,1477,-6233
alpha 0.001,3,478,-6,-1928,1478,-6239
alpha 0.001,3,479,-5,-1933,1479,-6244
alpha 0.001,3,480,-5,-1938,1480,-6249
alpha 0.001,3,481,-5,-1943,1481,-6254
alpha 0.001,3,482,-3,-1946,1482,-6257
alpha 0.001,3,483,-3,-1949,1483,-6260
alpha 0.001,3,484,-5,-1954,1484,-6265
alpha 0.001,3,485,-5,-1959,1485,-6270
alpha 0.001,3,486,-5,-1964,1486,-6275
alpha 0.001,3,487,-5,-1969,1487,-6280
alpha 0.001,3,488,-5,-1974,1488,-6285
alpha 0.001,3,489,-5,-1979,1489,-6290
alpha 0.001,3,490,-5,-1984,1490,-6295
alpha 0.001,3,491,-2,-1986,1491,-6297
alpha 0.001,3,492,-2,-1988,1492,-6299
alpha 0.001,3,493,-2,-1990,1493,-6301
alpha 0.001,3,494,-3,-1993,1494,-6304
alpha 0.001,3,495,-2,-1995,1495,-6306
alpha 0.001,3,496,-2,-1997,1496,-6308
alpha 0.001,3,497,-2,-1999,1497,-6310
alpha 0.001,3,498,-2,-2001,1498,-6312
alpha 0.001,3,499,-2,-2003,1499,-6314
alpha 0.001,3,500,-2,-2005,1500,-6316
alpha 0.001,4,1,4,4,1501,-6312
alpha 0.001,4,2,2,6,1502,-6310
alpha 0.001,4,3,1,7,1503,-6309
alpha 0.001,4,4,-2,5,1504,-6311
alpha 0.001,4,5,-4,1,1505,-6315
alpha 0.001,4,6,-7,-6,1506,-6322
alpha 0.001,4,7,-8,-14,1507,-6330
alpha 0.001,4,8,-8,-22,1508,-6338
alpha 0.001,4,9,-7,-29,1509,-6345
alpha 0.001,4,10,-6,-35,1510,-6351
alpha 0.001,4,11,-5,-40,1511,-6356
alpha 0.001,4,12,-5,-45,1512,-6361
alpha 0.001,4,13,-7,-52,1513,-6368
alpha 0.001,4,14,-7,-59,1514,-6375
alpha 0.001,4,15,-7,-66,1515,-6382
alpha 0.001,4,16,-7,-73,1516,-6389
alpha 0.001,4,17,-1,-74,1517,-6390
alpha 0.001,4,18,-1,-75,1518,-6391
alpha 0.001,4,19,-2,-77,1519,-6393
alpha 0.001,4,20,-3,-80,1520,-6396
alpha 0.001,4,21,-5,-85,1521,-6401
alpha 0.001,4,22,-5,-90,1522,-6406
alpha 0.001,4,23,-5,-95,1523,-6411
alpha 0.001,4,24,-5,-100,1524,-6416
alpha 0.001,4,25,-5,-105,1525,-6421
alpha 0.001,4,26,-3,-108,1526,-6424
alpha 0.001,4,27,-3,-111,1527,-6427
alpha 0.001,4,28,-5,-116,1528,-6432
alpha 0.001,4,29,-5,-121,1529,-6437
alpha 0.001,4,30,-5,-126,1530,-6442
alpha 0.001,4,31,-5,-131,1531,-6447
alpha 0.001,4,32,-3,-134,1532,-6450
alpha 0.001,4,33,-3,-137,1533,-6453
alpha 0.001,4,34,-3,-140,1534,-6456
alpha 0.001,4,35,-5,-145,1535,-6461
alpha 0.001,4,36,-5,-150,1536,-6466
alpha 0.001,4,37,-5,-155,1537,-6471
alpha 0.001,4,38,-5,-160,1538,-6476
alpha 0.001,4,39,-3,-163,1539,-6479
alpha 0.001,4,40,-3,-166,1540,-6482
alpha 0.001,4,41,-5,-171,1541,-6487
alpha 0.001,4,42,-5,-176,1542,-6492
alpha 0.001,4,43,-5,-181,1543,-6497
alpha 0.001,4,44,-5,-186,1544,-6502
alpha 0.001,4,45,-3,-189,1545,-6505
alpha 0.001,4,46,-3,-192,1546,-6508
alpha 0.001,4,47,-5,-197,1547,-6513
alpha 0.001,4,48,-5,-202,1548,-6518
alpha 0.001,4,49,-5,-207,1549,-6523
alpha 0.001,4,50,-5,-212,1550,-6528
alpha 0.001,4,51,-5,-217,1551,-6533
alpha 0.001,4,52,-3,-220,1552,-6536
alpha 0.001,4,53,-3,-223,1553,-6539
alpha 0.001,4,54,-5,-228,1554,-6544
alpha 0.001,4,55,-5,-233,1555,-6549
alpha 0.001,4,56,-5,-238,1556,-6554
alpha 0.001,4,57,-5,-243,1557,-6559
alpha 0.001,4,58,-5,-248,1558,-6564
alpha 0.001,4,59,-5,-253,1559,-6569
alpha 0.001,4,60,-5,-258,1560,-6574
alpha 0.001,4,61,-5,-263,1561,-6579
alpha 0.001,4,62,-5,-268,1562,-6584
alpha 0.001,4,63,-5,-273,1563,-6589
alpha 0.001,4,64,-5,-278,1564,-6594
alpha 0.001,4,65,-5,-283,1565,-6599
alpha 0.001,4,66,-5,-288,1566,-6604
alpha 0.001,4,67,-5,-293,1567,-6609
alpha 0.001,4,68,-5,-298,1568,-6614
alpha 0.001,4,69,-5,-303,1569,-6619
alpha 0.001,4,70,-5,-308,1570,-6624
alpha 0.001,4,71,-5,-313,1571,-6629
alpha 0.001,4,72,-5,-318,1572,-6634
alpha 0.001,4,73,-5,-323,1573,-6639
alpha 0.001,4,74,-5,-328,1574,-6644
alpha 0.001,4,75,-5,-333,1575,-6649
alpha 0.001,4,76,-5,-338,1576,-6654
alpha 0.001,4,77,-5,-343,1577,-6659
alpha 0.001,4,78,-5,-348,1578,-6664
alpha 0.001,4,79,-5,-353,1579,-6669
alpha 0.001,4,80,-5,-358,1580,-6674
alpha 0.001,4,81,-5,-363,1581,-6679
alpha 0.001,4,82,-5,-368,1582,-6684
alpha 0.001,4,83,-5,-373,1583,-6689
alpha 0.001,4,84,-5,-378,1584,-6694
alpha 0.001,4,85,-5,-383,1585,-6699
alpha 0.001,4,86,-5,-388,1586,-6704
alpha 0.001,4,87,-5,-393,1587,-6709
alpha 0.001,4,88,-5,-398,1588,-6714
alpha 0.001,4,89,-5,-403,1589,-6719
alpha 0.001,4,90,-5,-408,1590,-6724
alpha 0.001,4,91,-5,-413,1591,-6729
alpha 0.001,4,92,-6,-419,1592,-6735
alpha 0.001,4,93,-6,-425,1593,-6741
alpha 0.001,4,94,-6,-431,1594,-6747
alpha 0.001,4,95,-6,-437,1595,-6753
alpha 0.001,4,96,-6,-443,1596,-6759
alpha 0.001,4,97,-6,-449,1597,-6765
alpha 0.001,4,98,-6,-455,1598,-6771
alpha 0.001,4,99,-6,-461,1599,-6777
alpha 0.001,4,100,-6,-467,1600,-6783
alpha 0.001,4,101,-7,-474,1601,-6790
alpha 0.001,4,102,-7,-481,1602,-6797
alpha 0.001,4,103,-7,-488,1603,-6804
alpha 0.001,4,104,-7,-495,1604,-6811
alpha 0.001,4,105,-7,-502,1605,-6818
alpha 0.001,4,106,-7,-509,1606,-6825
alpha 0.001,4,107,-7,-516,1607,-6832
alpha 0.001,4,108,-7,-523,1608,-6839
alpha 0.001,4,109,-7,-530,1609,-6846
alpha 0.001,4,110,-7,-537,1610,-6853
alpha 0.001,4,111,-7,-544,1611,-6860
alpha 0.001,4,112,-7,-551,1612,-6867
alpha 0.001,4,113,-7,-558,1613,-6874
alpha 0.001,4,114,-7,-565,1614,-6881
alpha 0.001,4,115,-7,-572,1615,-6888
alpha 0.001,4,116,-7,-579,1616,-6895
alpha 0.001,4,117,-7,-586,1617,-6902
alpha 0.001,4,118,-7,-593,1618,-6909
alpha 0.001,4,119,-7,-600,1619,-6916
alpha 0.001,4,120,-7,-607,1620,-6923
alpha 0.001,4,121,-7,-614,1621,-6930
alpha 0.001,4,122,-7,-621,1622,-6937
alpha 0.001,4,123,-7,-628,1623,-6944
alpha 0.001,4,124,-7,-635,1624,-6951
alpha 0.001,4,125,-7,-642,1625,-6958
alpha 0.001,4,126,-7,-649,1626,-6965
alpha 0.001,4,127,-7,-656,1627,-6972
alpha 0.001,4,128,-7,-663,1628,-6979
alpha 0.001,4,129,-7,-670,1629,-6986
alpha 0.001,4,130,-7,-677,1630,-6993
alpha 0.001,4,131,-7,-684,1631,-7000
alpha 0.001,4,132,-7,-691,1632,-7007
alpha 0.001,4,133,-7,-698,1633,-7014
alpha 0.001,4,134,-7,-705,1634,-7021
alpha 0.001,4,135,-7,-712,1635,-7028
alpha 0.001,4,136,-7,-719,1636,-7035
alpha 0.001,4,137,-7,-726,1637,-7042
alpha 0.001,4,138,-6,-732,1638,-7048
alpha 0.001,4,139,-6,-738,1639,-7054
alpha 0.001,4,140,-6,-744,1640,-7060
alpha 0.001,4,141,-6,-750,1641,-7066
alpha 0.001,4,142,-6,-756,1642,-7072
alpha 0.001,4,143,-6,-762,1643,-7078
alpha 0.001,4,144,-6,-768,1644,-7084
alpha 0.001,4,145,-6,-774,1645,-7090
alpha 0.001,4,146,-6,-780,1646,-7096
alpha 0.001,4,147,-6,-786,1647,-7102
alpha 0.001,4,148,-5,-791,1648,-7107
alpha 0.001,4,149,-5,-796,1649,-7112
alpha 0.001,4,150,-5,-801,1650,-7117
alpha 0.001,4,151,-5,-806,1651,-7122
alpha 0.001,4,152,-5,-811,1652,-7127
alpha 0.001,4,153,-5,-816,1653,-7132
alpha 0.001,4,154,-5,-821,1654,-7137
alpha 0.001,4,155,-5,-826,1655,-7142
alpha 0.001,4,156,-5,-831,1656,-7147
alpha 0.001,4,157,-5,-836,1657,-7152
alpha 0.001,4,158,-5,-841,1658,-7157
alpha 0.001,4,159,-5,-846,1659,-7162
alpha 0.001,4,160,-5,-851,1660,-7167
alpha 0.001,4,161,-3,-854,1661,-7170
alpha 0.001,4,162,-3,-857,1662,-7173
alpha 0.001,4,163,-3,-860,1663,-7176
alpha 0.001,4,164,-5,-865,1664,-7181
alpha 0.001,4,165,-5,-870,1665,-7186
alpha 0.001,4,166,-5,-875,1666,-7191
alpha 0.001,4,167,-5,-880,1667,-7196
alpha 0.001,4,168,-3,-883,1668,-7199
alpha 0.001,4,169,-3,-886,1669,-7202
alpha 0.001,4,170,-3,-889,1670,-7205
alpha 0.001,4,171,-5,-894,1671,-7210
alpha 0.001,4,172,-5,-899,1672,-7215
alpha 0.001,4,173,-5,-904,1673,-7220
alpha 0.001,4,174,-5,-909,1674,-7225
alpha 0.001,4,175,-3,-912,1675,-7228
alpha 0.001,4,176,-3,-915,1676,-7231
alpha 0.001,4,177,-3,-918,1677,-7234
alpha 0.001,4,178,-3,-921,1678,-7237
alpha 0.001,4,179,-5,-926,1679,-7242
alpha 0.001,4,180,-5,-931,1680,-7247
alpha 0.001,4,181,-5,-936,1681,-7252
alpha 0.001,4,182,-5,-941,1682,-7257
alpha 0.001,4,183,-5,-946,1683,-7262
alpha 0.001,4,184,-5,-951,1684,-7267
alpha 0.001,4,185,-5,-956,1685,-7272
alpha 0.001,4,186,-5,-961,1686,-7277
alpha 0.001,4,187,-5,-966,1687,-7282
alpha 0.001,4,188,-6,-972,1688,-7288
alpha 0.001,4,189,-6,-978,1689,-7294
alpha 0.001,4,190,-6,-984,1690,-7300
alpha 0.001,4,191,-6,-990,1691,-7306
alpha 0.001,4,192,-6,-996,1692,-7312
alpha 0.001,4,193,-6,-1002,1693,-7318
alpha 0.001,4,194,-6,-1008,1694,-7324
alpha 0.001,4,195,-6,-1014,1695,-7330
alpha 0.001,4,196,-6,-1020,1696,-7336
alpha 0.001,4,197,-6,-1026,1697,-7342
alpha 0.001,4,198,-6,-1032,1698,-7348
alpha 0.001,4,199,-6,-1038,1699,-7354
alpha 0.001,4,200,-6,-1044,1700,-7360
alpha 0.001,4,201,-6,-1050,1701,-7366
alpha 0.001,4,202,-7,-1057,1702,-7373
alpha 0.001,4,203,-7,-1064,1703,-7380
alpha 0.001,4,204,-7,-1071,1704,-7387
alpha 0.001,4,205,-7,-1078,1705,-7394
alpha 0.001,4,206,-7,-1085,1706,-7401
alpha 0.001,4,207,-7,-1092,1707,-7408
alpha 0.001,4,208,-7,-1099,1708,-7415
alpha 0.001,4,209,-7,-1106,1709,-7422
alpha 0.001,4,210,-6,-1112,1710,-7428
alpha 0.001,4,211,-6,-1118,1711,-7434
alpha 0.001,4,212,-6,-1124,1712,-7440
alpha 0.001,4,213,-7,-1131,1713,-7447
alpha 0.001,4,214,-7,-1138,1714,-7454
alpha 0.001,4,215,-7,-1145,1715,-7461
alpha 0.001,4,216,-7,-1152,1716,-7468
alpha 0.001,4,217,-7,-1159,1717,-7475
alpha 0.001,4,218,-7,-1166,1718,-7482
alpha 0.001,4,219,-7,-1173,1719,-7489
alpha 0.001,4,220,-7,-1180,1720,-7496
alpha 0.001,4,221,-7,-1187,1721,-7503
alpha 0.001,4,222,-7,-1194,1722,-7510
alpha 0.001,4,223,-7,-1201,1723,-7517
alpha 0.001,4,224,-7,-1208,1724,-7524
alpha 0.001,4,225,-7,-1215,1725,-7531
alpha 0.001,4,226,-7,-1222,1726,-7538
alpha 0.001,4,227,-7,-1229,1727,-7545
alpha 0.001,4,228,-7,-1236,1728,-7552
alpha 0.001,4,229,-7,-1243,1729,-7559
alpha 0.001,4,230,-7,-1250,1730,-7566
alpha 0.001,4,231,-7,-1257,1731,-7573
alpha 0.001,4,232,-7,-1264,1732,-7580
alpha 0.001,4,233,-7,-1271,1733,-7587
alpha 0.001,4,234,-7,-1278,1734,-7594
alpha 0.001,4,235,-7,-1285,1735,-7601
alpha 0.001,4,236,-7,-1292,1736,-7608
alpha 0.001,4,237,-7,-1299,1737,-7615
alpha 0.001,4,238,-7,-1306,1738,-7622
alpha 0.001,4,239,-7,-1313,1739,-7629
alpha 0.001,4,240,-7,-1320,1740,-7636
alpha 0.001,4,241,-7,-1327,1741,-7643
alpha 0.001,4,242,-7,-1334,1742,-7650
alpha 0.001,4,243,-7,-1341,1743,-7657
alpha 0.001,4,244,-7,-1348,1744,-7664
alpha 0.001,4,245,-7,-1355,1745,-7671
alpha 0.001,4,246,-7,-1362,1746,-7678
alpha 0.001,4,247,-7,-1369,1747,-7685
alpha 0.001,4,248,-7,-1376,1748,-7692
alpha 0.001,4,249,-7,-1383,1749,-7699
alpha 0.001,4,250,-7,-1390,1750,-7706
alpha 0.001,4,251,-7,-1397,1751,-7713
alpha 0.001,4,252,-7,-1404,1752,-7720
alpha 0.001,4,253,-7,-1411,1753,-7727
alpha 0.001,4,254,-7,-1418,1754,-7734
alpha 0.001,4,255,-7,-1425,1755,-7741
alpha 0.001,4,256,-7,-1432,1756,-7748
alpha 0.001,4,257,-7,-1439,1757,-7755
alpha 0.001,4,258,-7,-1446,1758,-7762
alpha 0.001,4,259,-7,-1453,1759,-7769
alpha 0.001,4,260,-7,-1460,1760,-7776
alpha 0.001,4,261,-7,-1467,1761,-7783
alpha 0.001,4,262,-7,-1474,1762,-7790
alpha 0.001,4,263,-7,-1481,1763,-7797
alpha 0.001,4,264,-7,-1488,1764,-7804
alpha 0.001,4,265,-6,-1494,1765,-7810
alpha 0.001,4,266,-6,-1500,1766,-7816
alpha 0.001,4,267,-6,-1506,1767,-7822
alpha 0.001,4,268,-6,-1512,1768,-7828
alpha 0.001,4,269,-6,-1518,1769,-7834
alpha 0.001,4,270,-7,-1525,1770,-7841
alpha 0.001,4,271,-7,-1532,1771,-7848
alpha 0.001,4,272,-6,-1538,1772,-7854
alpha 0.001,4,273,-6,-1544,1773,-7860
alpha 0.001,4,274,-6,-1550,1774,-7866
alpha 0.001,4,275,-5,-1555,1775,-7871
alpha 0.001,4,276,-5,-1560,1776,-7876
alpha 0.001,4,277,-5,-1565,1777,-7881
alpha 0.001,4,278,-5,-1570,1778,-7886
alpha 0.001,4,279,-5,-1575,1779,-7891
alpha 0.001,4,280,-5,-1580,1780,-7896
alpha 0.001,4,281,-5,-1585,1781,-7901
alpha 0.001,4,282,-5,-1590,1782,-7906
alpha 0.001,4,283,-5,-1595,1783,-7911
alpha 0.001,4,284,-5,-1600,1784,-7916
alpha 0.001,4,285,-5,-1605,1785,-7921
alpha 0.001,4,286,-5,-1610,1786,-7926
alpha 0.001,4,287,-5,-1615,1787,-7931
alpha 0.001,4,288,-5,-1620,1788,-7936
alpha 0.001,4,289,-5,-1625,1789,-7941
alpha 0.001,4,290,-5,-1630,1790,-7946
alpha 0.001,4,291,-5,-1635,1791,-7951
alpha 0.001,4,292,-5,-1640,1792,-7956
alpha 0.001,4,293,-5,-1645,1793,-7961
alpha 0.001,4,294,-5,-1650,1794,-7966
alpha 0.001,4,295,-5,-1655,1795,-7971
alpha 0.001,4,296,-5,-1660,1796,-7976
alpha 0.001,4,297,-5,-1665,1797,-7981
alpha 0.001,4,298,-5,-1670,1798,-7986
alpha 0.001,4,299,-5,-1675,1799,-7991
alpha 0.001,4,300,-5,-1680,1800,-7996
alpha 0.001,4,301,-5,-1685,1801,-8001
alpha 0.001,4,302,-5,-1690,1802,-8006
alpha 0.001,4,303,-5,-1695,1803,-8011
alpha 0.001,4,304,-5,-1700,1804,-8016
alpha 0.001,4,305,-5,-1705,1805,-8021
alpha 0.001,4,306,-5,-1710,1806,-8026
alpha 0.001,4,307,-5,-1715,1807,-8031
alpha 0.001,4,308,-5,-1720,1808,-8036
alpha 0.001,4,309,-5,-1725,1809,-8041
alpha 0.001,4,310,-5,-1730,1810,-8046
alpha 0.001,4,311,-5,-1735,1811,-8051
alpha 0.001,4,312,-6,-1741,1812,-8057
alpha 0.001,4,313,-6,-1747,1813,-8063
alpha 0.001,4,314,-6,-1753,1814,-8069
alpha 0.001,4,315,-6,-1759,1815,-8075
alpha 0.001,4,316,-6,-1765,1816,-8081
alpha 0.001,4,317,-6,-1771,1817,-8087
alpha 0.001,4,318,-6,-1777,1818,-8093
alpha 0.001,4,319,-6,-1783,1819,-8099
alpha 0.001,4,320,-6,-1789,1820,-8105
alpha 0.001,4,321,-6,-1795,1821,-8111
alpha 0.001,4,322,-7,-1802,1822,-8118
alpha 0.001,4,323,-7,-1809,1823,-8125
alpha 0.001,4,324,-7,-1816,1824,-8132
alpha 0.001,4,325,-7,-1823,1825,-8139
alpha 0.001,4,326,-7,-1830,1826,-8146
alpha 0.001,4,327,-7,-1837,1827,-8153
alpha 0.001,4,328,-7,-1844,1828,-8160
alpha 0.001,4,329,-7,-1851,1829,-8167
alpha 0.001,4,330,-7,-1858,1830,-8174
alpha 0.001,4,331,-7,-1865,1831,-8181
alpha 0.001,4,332,-7,-1872,1832,-8188
alpha 0.001,4,333,-7,-1879,1833,-8195
alpha 0.001,4,334,-7,-1886,1834,-8202
alpha 0.001,4,335,-7,-1893,1835,-8209
alpha 0.001,4,336,-7,-1900,1836,-8216
alpha 0.001,4,337,-7,-1907,1837,-8223
alpha 0.001,4,338,-7,-1914,1838,-8230
alpha 0.001,4,339,-7,-1921,1839,-8237
alpha 0.001,4,340,-7,-1928,1840,-8244
alpha 0.001,4,341,-7,-1935,1841,-8251
alpha 0.001,4,342,-7,-1942,1842,-8258
alpha 0.001,4,343,-7,-1949,1843,-8265
alpha 0.001,4,344,-7,-1956,1844,-8272
alpha 0.001,4,345,-7,-1963,1845,-8279
alpha 0.001,4,346,-7,-1970,1846,-8286
alpha 0.001,4,347,-7,-1977,1847,-8293
alpha 0.001,4,348,-7,-1984,1848,-8300
alpha 0.001,4,349,-7,-1991,1849,-8307
alpha 0.001,4,350,-7,-1998,1850,-8314
alpha 0.001,4,351,-7,-2005,1851,-8321
alpha 0.001,4,352,-7,-2012,1852,-8328
alpha 0.001,4,353,-7,-2019,1853,-8335
alpha 0.001,4,354,-7,-2026,1854,-8342
alpha 0.001,4,355,-7,-2033,1855,-8349
alpha 0.001,4,356,-7,-2040,1856,-8356
alpha 0.001,4,357,-7,-2047,1857,-8363
alpha 0.001,4,358,-7,-2054,1858,-8370
alpha 0.001,4,359,-7,-2061,1859,-8377
alpha 0.001,4,360,-7,-2068,1860,-8384
alpha 0.001,4,361,-7,-2075,1861,-8391
alpha 0.001,4,362,-7,-2082,1862,-8398
alpha 0.001,4,363,-7,-2089,1863,-8405
alpha 0.001,4,364,-7,-2096,1864,-8412
alpha 0.001,4,365,-7,-2103,1865,-8419
alpha 0.001,4,366,-7,-2110,1866,-8426
alpha 0.001,4,367,-7,-2117,1867,-8433
alpha 0.001,4,368,-7,-2124,1868,-8440
alpha 0.001,4,369,-7,-2131,1869,-8447
alpha 0.001,4,370,-7,-2138,1870,-8454
alpha 0.001,4,371,-7,-2145,1871,-8461
alpha 0.001,4,372,-7,-2152,1872,-8468
alpha 0.001,4,373,-6,-2158,1873,-8474
alpha 0.001,4,374,-6,-2164,1874,-8480
alpha 0.001,4,375,-6,-2170,1875,-8486
alpha 0.001,4,376,-6,-2176,1876,-8492
alpha 0.001,4,377,-6,-2182,1877,-8498
alpha 0.001,4,378,-6,-2188,1878,-8504
alpha 0.001,4,379,-6,-2194,1879,-8510
alpha 0.001,4,380,-6,-2200,1880,-8516
alpha 0.001,4,381,-6,-2206,1881,-8522
alpha 0.001,4,382,-6,-2212,1882,-8528
alpha 0.001,4,383,-6,-2218,1883,-8534
alpha 0.001,4,384,-6,-2224,1884,-8540
alpha 0.001,4,385,-5,-2229,1885,-8545
alpha 0.001,4,386,-5,-2234,1886,-8550
alpha 0.001,4,387,-5,-2239,1887,-8555
alpha 0.001,4,388,-5,-2244,1888,-8560
alpha 0.001,4,389,-5,-2249,1889,-8565
alpha 0.001,4,390,-5,-2254,1890,-8570
alpha 0.001,4,391,-5,-2259,1891,-8575
alpha 0.001,4,392,-5,-2264,1892,-8580
alpha 0.001,4,393,-5,-2269,1893,-8585
alpha 0.001,4,394,-3,-2272,1894,-8588
alpha 0.001,4,395,-3,-2275,1895,-8591
alpha 0.001,4,396,-3,-2278,1896,-8594
alpha 0.001,4,397,-3,-2281,1897,-8597
alpha 0.001,4,398,-3,-2284,1898,-8600
alpha 0.001,4,399,-3,-2287,1899,-8603
alpha 0.001,4,400,-3,-2290,1900,-8606
alpha 0.001,4,401,-5,-2295,1901,-8611
alpha 0.001,4,402,-3,-2298,1902,-8614
alpha 0.001,4,403,-3,-2301,1903,-8617
alpha 0.001,4,404,-3,-2304,1904,-8620
alpha 0.001,4,405,-3,-2307,1905,-8623
alpha 0.001,4,406,-3,-2310,1906,-8626
alpha 0.001,4,407,-3,-2313,1907,-8629
alpha 0.001,4,408,-3,-2316,1908,-8632
alpha 0.001,4,409,-3,-2319,1909,-8635
alpha 0.001,4,410,-3,-2322,1910,-8638
alpha 0.001,4,411,-3,-2325,1911,-8641
alpha 0.001,4,412,-3,-2328,1912,-8644
alpha 0.001,4,413,-3,-2331,1913,-8647
alpha 0.001,4,414,-3,-2334,1914,-8650
alpha 0.001,4,415,-3,-2337,1915,-8653
alpha 0.001,4,416,-4,-2341,1916,-8657
alpha 0.001,4,417,-4,-2345,1917,-8661
alpha 0.001,4,418,-4,-2349,1918,-8665
alpha 0.001,4,419,-4,-2353,1919,-8669
alpha 0.001,4,420,-4,-2357,1920,-8673
alpha 0.001,4,421,-4,-2361,1921,-8677
alpha 0.001,4,422,-4,-2365,1922,-8681
alpha 0.001,4,423,-4,-2369,1923,-8685
alpha 0.001,4,424,-4,-2373,1924,-8689
alpha 0.001,4,425,-4,-2377,1925,-8693
alpha 0.001,4,426,-4,-2381,1926,-8697
alpha 0.001,4,427,-4,-2385,1927,-8701
alpha 0.001,4,428,-4,-2389,1928,-8705
alpha 0.001,4,429,-4,-2393,1929,-8709
alpha 0.001,4,430,-4,-2397,1930,-8713
alpha 0.001,4,431,-4,-2401,1931,-8717
alpha 0.001,4,432,-5,-2406,1932,-8722
alpha 0.001,4,433,-5,-2411,1933,-8727
alpha 0.001,4,434,-5,-2416,1934,-8732
alpha 0.001,4,435,-5,-2421,1935,-8737
alpha 0.001,4,436,-5,-2426,1936,-8742
alpha 0.001,4,437,-5,-2431,1937,-8747
alpha 0.001,4,438,-5,-2436,1938,-8752
alpha 0.001,4,439,-6,-2442,1939,-8758
alpha 0.001,4,440,-6,-2448,1940,-8764
alpha 0.001,4,441,-6,-2454,1941,-8770
alpha 0.001,4,442,-6,-2460,1942,-8776
alpha 0.001,4,443,-6,-2466,1943,-8782
alpha 0.001,4,444,-6,-2472,1944,-8788
alpha 0.001,4,445,-6,-2478,1945,-8794
alpha 0.001,4,446,-6,-2484,1946,-8800
alpha 0.001,4,447,-6,-2490,1947,-8806
alpha 0.001,4,448,-6,-2496,1948,-8812
alpha 0.001,4,449,-6,-2502,1949,-8818
alpha 0.001,4,450,-6,-2508,1950,-8824
alpha 0.001,4,451,-6,-2514,1951,-8830
alpha 0.001,4,452,-6,-2520,1952,-8836
alpha 0.001,4,453,-6,-2526,1953,-8842
alpha 0.001,4,454,-8,-2534,1954,-8850
alpha 0.001,4,455,-8,-2542,1955,-8858
alpha 0.001,4,456,-8,-2550,1956,-8866
alpha 0.001,4,457,-8,-2558,1957,-8874
alpha 0.001,4,458,-8,-2566,1958,-8882
alpha 0.001,4,459,-8,-2574,1959,-8890
alpha 0.001,4,460,-8,-2582,1960,-8898
alpha 0.001,4,461,-10,-2592,1961,-8908
alpha 0.001,4,462,-10,-2602,1962,-8918
alpha 0.001,4,463,-10,-2612,1963,-8928
alpha 0.001,4,464,-10,-2622,1964,-8938
alpha 0.001,4,465,-10,-2632,1965,-8948
alpha 0.001,4,466,-10,-2642,1966,-8958
alpha 0.001,4,467,-10,-2652,1967,-8968
alpha 0.001,4,468,-10,-2662,1968,-8978
alpha 0.001,4,469,-10,-2672,1969,-8988
alpha 0.001,4,470,-10,-2682,1970,-8998
alpha 0.001,4,471,-10,-2692,1971,-9008
alpha 0.001,4,472,-10,-2702,1972,-9018
alpha 0.001,4,473,-8,-2710,1973,-9026
alpha 0.001,4,474,-8,-2718,1974,-9034
alpha 0.001,4,475,-10,-2728,1975,-9044
alpha 0.001,4,476,-10,-2738,1976,-9054
alpha 0.001,4,477,-10,-2748,1977,-9064
alpha 0.001,4,478,-10,-2758,1978,-9074
alpha 0.001,4,479,-10,-2768,1979,-9084
alpha 0.001,4,480,-10,-2778,1980,-9094
alpha 0.001,4,481,-10,-2788,1981,-9104
alpha 0.001,4,482,-10,-2798,1982,-9114
alpha 0.001,4,483,-10,-2808,1983,-9124
alpha 0.001,4,484,-10,-2818,1984,-9134
alpha 0.001,4,485,-10,-2828,1985,-9144
alpha 0.001,4,486,-10,-2838,1986,-9154
alpha 0.001,4,487,-10,-2848,1987,-9164
alpha 0.001,4,488,-10,-2858,1988,-9174
alpha 0.001,4,489,-10,-2868,1989,-9184
alpha 0.001,4,490,-8,-2876,1990,-9192
alpha 0.001,4,491,-8,-2884,1991,-9200
alpha 0.001,4,492,-8,-2892,1992,-9208
alpha 0.001,4,493,-8,-2900,1993,-9216
alpha 0.001,4,494,-8,-2908,1994,-9224
alpha 0.001,4,495,-8,-2916,1995,-9232
alpha 0.001,4,496,-8,-2924,1996,-9240
alpha 0.001,4,497,-8,-2932,1997,-9248
alpha 0.001,4,498,-8,-2940,1998,-9256
alpha 0.001,4,499,-8,-2948,1999,-9264
alpha 0.001,4,500,-8,-2956,2000,-9272
alpha 0.001,5,1,4,4,2001,-9268
alpha 0.001,5,2,4,8,2002,-9264
alpha 0.001,5,3,2,10,2003,-9262
alpha 0.001,5,4,1,11,2004,-9261
alpha 0.001,5,5,1,12,2005,-9260
alpha 0.001,5,6,-1,11,2006,-9261
alpha 0.001,5,7,-2,9,2007,-9263
alpha 0.001,5,8,-3,6,2008,-9266
alpha 0.001,5,9,-3,3,2009,-9269
alpha 0.001,5,10,-3,0,2010,-9272
alpha 0.001,5,11,-4,-4,2011,-9276
alpha 0.001,5,12,-4,-8,2012,-9280
alpha 0.001,5,13,-4,-12,2013,-9284
alpha 0.001,5,14,-3,-15,2014,-9287
alpha 0.001,5,15,-3,-18,2015,-9290
alpha 0.001,5,16,-3,-21,2016,-9293
alpha 0.001,5,17,-3,-24,2017,-9296
alpha 0.001,5,18,-3,-27,2018,-9299
alpha 0.001,5,19,-3,-30,2019,-9302
alpha 0.001,5,20,-3,-33,2020,-9305
alpha 0.001,5,21,1,-32,2021,-9304
alpha 0.001,5,22,1,-31,2022,-9303
alpha 0.001,5,23,2,-29,2023,-9301
alpha 0.001,5,24,4,-25,2024,-9297
alpha 0.001,5,25,1,-24,2025,-9296
alpha 0.001,5,26,-2,-26,2026,-9298
alpha 0.001,5,27,-4,-30,2027,-9302
alpha 0.001,5,28,-4,-34,2028,-9306
alpha 0.001,5,29,-4,-38,2029,-9310
alpha 0.001,5,30,-5,-43,2030,-9315
alpha 0.001,5,31,-5,-48,2031,-9320
alpha 0.001,5,32,-4,-52,2032,-9324
alpha 0.001,5,33,-4,-56,2033,-9328
alpha 0.001,5,34,-4,-60,2034,-9332
alpha 0.001,5,35,-3,-63,2035,-9335
alpha 0.001,5,36,-3,-66,2036,-9338
alpha 0.001,5,37,-3,-69,2037,-9341
alpha 0.001,5,38,-4,-73,2038,-9345
alpha 0.001,5,39,-4,-77,2039,-9349
alpha 0.001,5,40,-4,-81,2040,-9353
alpha 0.001,5,41,-4,-85,2041,-9357
alpha 0.001,5,42,-4,-89,2042,-9361
alpha 0.001,5,43,-4,-93,2043,-9365
alpha 0.001,5,44,-4,-97,2044,-9369
alpha 0.001,5,45,-4,-101,2045,-9373
alpha 0.001,5,46,-4,-105,2046,-9377
alpha 0.001,5,47,-4,-109,2047,-9381
alpha 0.001,5,48,-4,-113,2048,-9385
alpha 0.001,5,49,-4,-117,2049,-9389
alpha 0.001,5,50,-4,-121,2050,-9393
alpha 0.001,5,51,-4,-125,2051,-9397
alpha 0.001,5,52,-4,-129,2052,-9401
alpha 0.001,5,53,-3,-132,2053,-9404
alpha 0.001,5,54,-3,-135,2054,-9407
alpha 0.001,5,55,-3,-138,2055,-9410
alpha 0.001,5,56,-3,-141,2056,-9413
alpha 0.001,5,57,-3,-144,2057,-9416
alpha 0.001,5,58,-3,-147,2058,-9419
alpha 0.001,5,59,-3,-150,2059,-9422
alpha 0.001,5,60,-3,-153,2060,-9425
alpha 0.001,5,61,-7,-160,2061,-9432
alpha 0.001,5,62,-6,-166,2062,-9438
alpha 0.001,5,63,-4,-170,2063,-9442
alpha 0.001,5,64,-4,-174,2064,-9446
alpha 0.001,5,65,-4,-178,2065,-9450
alpha 0.001,5,66,-3,-181,2066,-9453
alpha 0.001,5,67,-3,-184,2067,-9456
alpha 0.001,5,68,-3,-187,2068,-9459
alpha 0.001,5,69,-3,-190,2069,-9462
alpha 0.001,5,70,-3,-193,2070,-9465
alpha 0.001,5,71,-3,-196,2071,-9468
alpha 0.001,5,72,-2,-198,2072,-9470
alpha 0.001,5,73,-2,-200,2073,-9472
alpha 0.001,5,74,-2,-202,2074,-9474
alpha 0.001,5,75,-3,-205,2075,-9477
alpha 0.001,5,76,-3,-208,2076,-9480
alpha 0.001,5,77,-3,-211,2077,-9483
alpha 0.001,5,78,-2,-213,2078,-9485
alpha 0.001,5,79,-2,-215,2079,-9487
alpha 0.001,5,80,-2,-217,2080,-9489
alpha 0.001,5,81,-2,-219,2081,-9491
alpha 0.001,5,82,-3,-222,2082,-9494
alpha 0.001,5,83,-3,-225,2083,-9497
alpha 0.001,5,84,-3,-228,2084,-9500
alpha 0.001,5,85,-3,-231,2085,-9503
alpha 0.001,5,86,-3,-234,2086,-9506
alpha 0.001,5,87,-3,-237,2087,-9509
alpha 0.001,5,88,-4,-241,2088,-9513
alpha 0.001,5,89,-4,-245,2089,-9517
alpha 0.001,5,90,-4,-249,2090,-9521
alpha 0.001,5,91,-4,-253,2091,-9525
alpha 0.001,5,92,-4,-257,2092,-9529
alpha 0.001,5,93,-4,-261,2093,-9533
alpha 0.001,5,94,-4,-265,2094,-9537
alpha 0.001,5,95,-4,-269,2095,-9541
alpha 0.001,5,96,-4,-273,2096,-9545
alpha 0.001,5,97,-4,-277,2097,-9549
alpha 0.001,5,98,-4,-281,2098,-9553
alpha 0.001,5,99,-3,-284,2099,-9556
alpha 0.001,5,100,-3,-287,2100,-9559
alpha 0.001,5,101,-3,-290,2101,-9562
alpha 0.001,5,102,-3,-293,2102,-9565
alpha 0.001,5,103,-1,-294,2103,-9566
alpha 0.001,5,104,-1,-295,2104,-9567
alpha 0.001,5,105,-2,-297,2105,-9569
alpha 0.001,5,106,-2,-299,2106,-9571
alpha 0.001,5,107,-1,-300,2107,-9572
alpha 0.001,5,108,-2,-302,2108,-9574
alpha 0.001,5,109,-2,-304,2109,-9576
alpha 0.001,5,110,-3,-307,2110,-9579
alpha 0.001,5,111,-3,-310,2111,-9582
alpha 0.001,5,112,-2,-312,2112,-9584
alpha 0.001,5,113,-3,-315,2113,-9587
alpha 0.001,5,114,-3,-318,2114,-9590
alpha 0.001,5,115,-3,-321,2115,-9593
alpha 0.001,5,116,-3,-324,2116,-9596
alpha 0.001,5,117,-3,-327,2117,-9599
alpha 0.001,5,118,-3,-330,2118,-9602
alpha 0.001,5,119,-5,-335,2119,-9607
alpha 0.001,5,120,-5,-340,2120,-9612
alpha 0.001,5,121,-5,-345,2121,-9617
alpha 0.001,5,122,-5,-350,2122,-9622
alpha 0.001,5,123,-5,-355,2123,-9627
alpha 0.001,5,124,-5,-360,2124,-9632
alpha 0.001,5,125,-5,-365,2125,-9637
alpha 0.001,5,126,-5,-370,2126,-9642
alpha 0.001,5,127,-5,-375,2127,-9647
alpha 0.001,5,128,-5,-380,2128,-9652
alpha 0.001,5,129,-5,-385,2129,-9657
alpha 0.001,5,130,-5,-390,2130,-9662
alpha 0.001,5,131,-5,-395,2131,-9667
alpha 0.001,5,132,-5,-400,2132,-9672
alpha 0.001,5,133,-5,-405,2133,-9677
alpha 0.001,5,134,-5,-410,2134,-9682
alpha 0.001,5,135,-5,-415,2135,-9687
alpha 0.001,5,136,-3,-418,2136,-9690
alpha 0.001,5,137,-3,-421,2137,-9693
alpha 0.001,5,138,-2,-423,2138,-9695
alpha 0.001,5,139,-2,-425,2139,-9697
alpha 0.001,5,140,-2,-427,2140,-9699
alpha 0.001,5,141,-2,-429,2141,-9701
alpha 0.001,5,142,-2,-431,2142,-9703
alpha 0.001,5,143,-2,-433,2143,-9705
alpha 0.001,5,144,-3,-436,2144,-9708
alpha 0.001,5,145,-3,-439,2145,-9711
alpha 0.001,5,146,-3,-442,2146,-9714
alpha 0.001,5,147,-5,-447,2147,-9719
alpha 0.001,5,148,-5,-452,2148,-9724
alpha 0.001,5,149,-5,-457,2149,-9729
alpha 0.001,5,150,-5,-462,2150,-9734
alpha 0.001,5,151,-5,-467,2151,-9739
alpha 0.001,5,152,-5,-472,2152,-9744
alpha 0.001,5,153,-5,-477,2153,-9749
alpha 0.001,5,154,-5,-482,2154,-9754
alpha 0.001,5,155,-6,-488,2155,-9760
alpha 0.001,5,156,-6,-494,2156,-9766
alpha 0.001,5,157,-6,-500,2157,-9772
alpha 0.001,5,158,-5,-505,2158,-9777
alpha 0.001,5,159,-5,-510,2159,-9782
alpha 0.001,5,160,-5,-515,2160,-9787
alpha 0.001,5,161,-5,-520,2161,-9792
alpha 0.001,5,162,-5,-525,2162,-9797
alpha 0.001,5,163,-5,-530,2163,-9802
alpha 0.001,5,164,-6,-536,2164,-9808
alpha 0.001,5,165,-6,-542,2165,-9814
alpha 0.001,5,166,-6,-548,2166,-9820
alpha 0.001,5,167,-5,-553,2167,-9825
alpha 0.001,5,168,-5,-558,2168,-9830
alpha 0.001,5,169,-5,-563,2169,-9835
alpha 0.001,5,170,-5,-568,2170,-9840
alpha 0.001,5,171,-5,-573,2171,-9845
alpha 0.001,5,172,-5,-578,2172,-9850
alpha 0.001,5,173,-5,-583,2173,-9855
alpha 0.001,5,174,-5,-588,2174,-9860
alpha 0.001,5,175,-5,-593,2175,-9865
alpha 0.001,5,176,-5,-598,2176,-9870
alpha 0.001,5,177,-5,-603,2177,-9875
alpha 0.001,5,178,-5,-608,2178,-9880
alpha 0.001,5,179,-5,-613,2179,-9885
alpha 0.001,5,180,-5,-618,2180,-9890
alpha 0.001,5,181,-5,-623,2181,-9895
alpha 0.001,5,182,-5,-628,2182,-9900
alpha 0.001,5,183,-5,-633,2183,-9905
alpha 0.001,5,184,-5,-638,2184,-9910
alpha 0.001,5,185,-5,-643,2185,-9915
alpha 0.001,5,186,-5,-648,2186,-9920
alpha 0.001,5,187,-5,-653,2187,-9925
alpha 0.001,5,188,-5,-658,2188,-9930
alpha 0.001,5,189,-5,-663,2189,-9935
alpha 0.001,5,190,-5,-668,2190,-9940
alpha 0.001,5,191,-5,-673,2191,-9945
alpha 0.001,5,192,-5,-678,2192,-9950
alpha 0.001,5,193,-5,-683,2193,-9955
alpha 0.001,5,194,-5,-688,2194,-9960
alpha 0.001,5,195,-5,-693,2195,-9965
alpha 0.001,5,196,-5,-698,2196,-9970
alpha 0.001,5,197,-5,-703,2197,-9975
alpha 0.001,5,198,-5,-708,2198,-9980
alpha 0.001,5,199,-5,-713,2199,-9985
alpha 0.001,5,200,-5,-718,2200,-9990
alpha 0.001,5,201,-5,-723,2201,-9995
alpha 0.001,5,202,-5,-728,2202,-10000
alpha 0.001,5,203,-5,-733,2203,-10005
alpha 0.001,5,204,-6,-739,2204,-10011
alpha 0.001,5,205,-6,-745,2205,-10017
alpha 0.001,5,206,-6,-751,2206,-10023
alpha 0.001,5,207,-6,-757,2207,-10029
alpha 0.001,5,208,-6,-763,2208,-10035
alpha 0.001,5,209,-6,-769,2209,-10041
alpha 0.001,5,210,-6,-775,2210,-10047
alpha 0.001,5,211,-6,-781,2211,-10053
alpha 0.001,5,212,-6,-787,2212,-10059
alpha 0.001,5,213,-7,-794,2213,-10066
alpha 0.001,5,214,-7,-801,2214,-10073
alpha 0.001,5,215,-7,-808,2215,-10080
alpha 0.001,5,216,-7,-815,2216,-10087
alpha 0.001,5,217,-7,-822,2217,-10094
alpha 0.001,5,218,-7,-829,2218,-10101
alpha 0.001,5,219,-7,-836,2219,-10108
alpha 0.001,5,220,-7,-843,2220,-10115
alpha 0.001,5,221,-7,-850,2221,-10122
alpha 0.001,5,222,-7,-857,2222,-10129
alpha 0.001,5,223,-7,-864,2223,-10136
alpha 0.001,5,224,-7,-871,2224,-10143
alpha 0.001,5,225,-7,-878,2225,-10150
alpha 0.001,5,226,-7,-885,2226,-10157
alpha 0.001,5,227,-7,-892,2227,-10164
alpha 0.001,5,228,-7,-899,2228,-10171
alpha 0.001,5,229,-7,-906,2229,-10178
alpha 0.001,5,230,-7,-913,2230,-10185
alpha 0.001,5,231,-7,-920,2231,-10192
alpha 0.001,5,232,-7,-927,2232,-10199
alpha 0.001,5,233,-7,-934,2233,-10206
alpha 0.001,5,234,-7,-941,2234,-10213
alpha 0.001,5,235,-7,-948,2235,-10220
alpha 0.001,5,236,-7,-955,2236,-10227
alpha 0.001,5,237,-7,-962,2237,-10234
alpha 0.001,5,238,-7,-969,2238,-10241
alpha 0.001,5,239,-7,-976,2239,-10248
alpha 0.001,5,240,-7,-983,2240,-10255
alpha 0.001,5,241,-7,-990,2241,-10262
alpha 0.001,5,242,-7,-997,2242,-10269
alpha 0.001,5,243,-7,-1004,2243,-10276
alpha 0.001,5,244,-7,-1011,2244,-10283
alpha 0.001,5,245,-7,-1018,2245,-10290
alpha 0.001,5,246,-7,-1025,2246,-10297
alpha 0.001,5,247,-7,-1032,2247,-10304
alpha 0.001,5,248,-7,-1039,2248,-10311
alpha 0.001,5,249,-7,-1046,2249,-10318
alpha 0.001,5,250,-7,-1053,2250,-10325
alpha 0.001,5,251,-7,-1060,2251,-10332
alpha 0.001,5,252,-7,-1067,2252,-10339
alpha 0.001,5,253,-7,-1074,2253,-10346
alpha 0.001,5,254,-7,-1081,2254,-10353
alpha 0.001,5,255,-7,-1088,2255,-10360
alpha 0.001,5,256,-7,-1095,2256,-10367
alpha 0.001,5,257,-7,-1102,2257,-10374
alpha 0.001,5,258,-7,-1109,2258,-10381
alpha 0.001,5,259,-7,-1116,2259,-10388
alpha 0.001,5,260,-7,-1123,2260,-10395
alpha 0.001,5,261,-7,-1130,2261,-10402
alpha 0.001,5,262,-7,-1137,2262,-10409
alpha 0.001,5,263,-7,-1144,2263,-10416
alpha 0.001,5,264,-7,-1151,2264,-10423
alpha 0.001,5,265,-7,-1158,2265,-10430
alpha 0.001,5,266,-7,-1165,2266,-10437
alpha 0.001,5,267,-7,-1172,2267,-10444
alpha 0.001,5,268,-7,-1179,2268,-10451
alpha 0.001,5,269,-7,-1186,2269,-10458
alpha 0.001,5,270,-6,-1192,2270,-10464
alpha 0.001,5,271,-6,-1198,2271,-10470
alpha 0.001,5,272,-6,-1204,2272,-10476
alpha 0.001,5,273,-6,-1210,2273,-10482
alpha 0.001,5,274,-6,-1216,2274,-10488
alpha 0.001,5,275,-6,-1222,2275,-10494
alpha 0.001,5,276,-6,-1228,2276,-10500
alpha 0.001,5,277,-6,-1234,2277,-10506
alpha 0.001,5,278,-6,-1240,2278,-10512
alpha 0.001,5,279,-5,-1245,2279,-10517
alpha 0.001,5,280,-5,-1250,2280,-10522
alpha 0.001,5,281,-5,-1255,2281,-10527
alpha 0.001,5,282,-5,-1260,2282,-10532
alpha 0.001,5,283,-5,-1265,2283,-10537
alpha 0.001,5,284,-5,-1270,2284,-10542
alpha 0.001,5,285,-5,-1275,2285,-10547
alpha 0.001,5,286,-5,-1280,2286,-10552
alpha 0.001,5,287,-5,-1285,2287,-10557
alpha 0.001,5,288,-5,-1290,2288,-10562
alpha 0.001,5,289,-5,-1295,2289,-10567
alpha 0.001,5,290,-5,-1300,2290,-10572
alpha 0.001,5,291,-5,-1305,2291,-10577
alpha 0.001,5,292,-5,-1310,2292,-10582
alpha 0.001,5,293,-5,-1315,2293,-10587
alpha 0.001,5,294,-5,-1320,2294,-10592
alpha 0.001,5,295,-5,-1325,2295,-10597
alpha 0.001,5,296,-5,-1330,2296,-10602
alpha 0.001,5,297,-3,-1333,2297,-10605
alpha 0.001,5,298,-2,-1335,2298,-10607
alpha 0.001,5,299,-3,-1338,2299,-10610
alpha 0.001,5,300,-5,-1343,2300,-10615
alpha 0.001,5,301,-5,-1348,2301,-10620
alpha 0.001,5,302,-5,-1353,2302,-10625
alpha 0.001,5,303,-5,-1358,2303,-10630
alpha 0.001,5,304,-5,-1363,2304,-10635
alpha 0.001,5,305,-5,-1368,2305,-10640
alpha 0.001,5,306,-5,-1373,2306,-10645
alpha 0.001,5,307,-5,-1378,2307,-10650
alpha 0.001,5,308,-5,-1383,2308,-10655
alpha 0.001,5,309,-5,-1388,2309,-10660
alpha 0.001,5,310,-5,-1393,2310,-10665
alpha 0.001,5,311,-5,-1398,2311,-10670
alpha 0.001,5,312,-5,-1403,2312,-10675
alpha 0.001,5,313,-5,-1408,2313,-10680
alpha 0.001,5,314,-6,-1414,2314,-10686
alpha 0.001,5,315,-6,-1420,2315,-10692
alpha 0.001,5,316,-6,-1426,2316,-10698
alpha 0.001,5,317,-6,-1432,2317,-10704
alpha 0.001,5,318,-6,-1438,2318,-10710
alpha 0.001,5,319,-5,-1443,2319,-10715
alpha 0.001,5,320,-5,-1448,2320,-10720
alpha 0.001,5,321,-5,-1453,2321,-10725
alpha 0.001,5,322,-5,-1458,2322,-10730
alpha 0.001,5,323,-7,-1465,2323,-10737
alpha 0.001,5,324,-7,-1472,2324,-10744
alpha 0.001,5,325,-7,-1479,2325,-10751
alpha 0.001,5,326,-7,-1486,2326,-10758
alpha 0.001,5,327,-7,-1493,2327,-10765
alpha 0.001,5,328,-7,-1500,2328,-10772
alpha 0.001,5,329,-7,-1507,2329,-10779
alpha 0.001,5,330,-7,-1514,2330,-10786
alpha 0.001,5,331,-7,-1521,2331,-10793
alpha 0.001,5,332,-7,-1528,2332,-10800
alpha 0.001,5,333,-7,-1535,2333,-10807
alpha 0.001,5,334,-7,-1542,2334,-10814
alpha 0.001,5,335,-8,-1550,2335,-10822
alpha 0.001,5,336,-8,-1558,2336,-10830
alpha 0.001,5,337,-8,-1566,2337,-10838
alpha 0.001,5,338,-8,-1574,2338,-10846
alpha 0.001,5,339,-8,-1582,2339,-10854
alpha 0.001,5,340,-8,-1590,2340,-10862
alpha 0.001,5,341,-8,-1598,2341,-10870
alpha 0.001,5,342,-8,-1606,2342,-10878
alpha 0.001,5,343,-8,-1614,2343,-10886
alpha 0.001,5,344,-8,-1622,2344,-10894
alpha 0.001,5,345,-8,-1630,2345,-10902
alpha 0.001,5,346,-8,-1638,2346,-10910
alpha 0.001,5,347,-8,-1646,2347,-10918
alpha 0.001,5,348,-8,-1654,2348,-10926
alpha 0.001,5,349,-10,-1664,2349,-10936
alpha 0.001,5,350,-10,-1674,2350,-10946
alpha 0.001,5,351,-10,-1684,2351,-10956
alpha 0.001,5,352,-10,-1694,2352,-10966
alpha 0.001,5,353,-10,-1704,2353,-10976
alpha 0.001,5,354,-10,-1714,2354,-10986
alpha 0.001,5,355,-8,-1722,2355,-10994
alpha 0.001,5,356,-8,-1730,2356,-11002
alpha 0.001,5,357,-8,-1738,2357,-11010
alpha 0.001,5,358,-8,-1746,2358,-11018
alpha 0.001,5,359,-8,-1754,2359,-11026
alpha 0.001,5,360,-8,-1762,2360,-11034
alpha 0.001,5,361,-8,-1770,2361,-11042
alpha 0.001,5,362,-8,-1778,2362,-11050
alpha 0.001,5,363,-8,-1786,2363,-11058
alpha 0.001,5,364,-8,-1794,2364,-11066
alpha 0.001,5,365,-8,-1802,2365,-11074
alpha 0.001,5,366,-8,-1810,2366,-11082
alpha 0.001,5,367,-8,-1818,2367,-11090
alpha 0.001,5,368,-8,-1826,2368,-11098
alpha 0.001,5,369,-8,-1834,2369,-11106
alpha 0.001,5,370,-8,-1842,2370,-11114
alpha 0.001,5,371,-7,-1849,2371,-11121
alpha 0.001,5,372,-8,-1857,2372,-11129
alpha 0.001,5,373,-8,-1865,2373,-11137
alpha 0.001,5,374,-7,-1872,2374,-11144
alpha 0.001,5,375,-7,-1879,2375,-11151
alpha 0.001,5,376,-7,-1886,2376,-11158
alpha 0.001,5,377,-7,-1893,2377,-11165
alpha 0.001,5,378,-7,-1900,2378,-11172
alpha 0.001,5,379,-7,-1907,2379,-11179
alpha 0.001,5,380,-7,-1914,2380,-11186
alpha 0.001,5,381,-7,-1921,2381,-11193
alpha 0.001,5,382,-7,-1928,2382,-11200
alpha 0.001,5,383,-7,-1935,2383,-11207
alpha 0.001,5,384,-7,-1942,2384,-11214
alpha 0.001,5,385,-6,-1948,2385,-11220
alpha 0.001,5,386,-6,-1954,2386,-11226
alpha 0.001,5,387,-6,-1960,2387,-11232
alpha 0.001,5,388,-6,-1966,2388,-11238
alpha 0.001,5,389,-5,-1971,2389,-11243
alpha 0.001,5,390,-5,-1976,2390,-11248
alpha 0.001,5,391,-5,-1981,2391,-11253
alpha 0.001,5,392,-5,-1986,2392,-11258
alpha 0.001,5,393,-5,-1991,2393,-11263
alpha 0.001,5,394,-5,-1996,2394,-11268
alpha 0.001,5,395,-5,-2001,2395,-11273
alpha 0.001,5,396,-5,-2006,2396,-11278
alpha 0.001,5,397,-5,-2011,2397,-11283
alpha 0.001,5,398,-5,-2016,2398,-11288
alpha 0.001,5,399,-5,-2021,2399,-11293
alpha 0.001,5,400,-5,-2026,2400,-11298
alpha 0.001,5,401,-5,-2031,2401,-11303
alpha 0.001,5,402,-5,-2036,2402,-11308
alpha 0.001,5,403,-5,-2041,2403,-11313
alpha 0.001,5,404,-5,-2046,2404,-11318
alpha 0.001,5,405,-5,-2051,2405,-11323
alpha 0.001,5,406,-5,-2056,2406,-11328
alpha 0.001,5,407,-5,-2061,2407,-11333
alpha 0.001,5,408,-5,-2066,2408,-11338
alpha 0.001,5,409,-6,-2072,2409,-11344
alpha 0.001,5,410,-6,-2078,2410,-11350
alpha 0.001,5,411,-6,-2084,2411,-11356
alpha 0.001,5,412,-7,-2091,2412,-11363
alpha 0.001,5,413,-7,-2098,2413,-11370
alpha 0.001,5,414,-7,-2105,2414,-11377
alpha 0.001,5,415,-7,-2112,2415,-11384
alpha 0.001,5,416,-7,-2119,2416,-11391
alpha 0.001,5,417,-7,-2126,2417,-11398
alpha 0.001,5,418,-7,-2133,2418,-11405
alpha 0.001,5,419,-7,-2140,2419,-11412
alpha 0.001,5,420,-7,-2147,2420,-11419
alpha 0.001,5,421,-7,-2154,2421,-11426
alpha 0.001,5,422,-7,-2161,2422,-11433
alpha 0.001,5,423,-7,-2168,2423,-11440
alpha 0.001,5,424,-7,-2175,2424,-11447
alpha 0.001,5,425,-7,-2182,2425,-11454
alpha 0.001,5,426,-8,-2190,2426,-11462
alpha 0.001,5,427,-8,-2198,2427,-11470
alpha 0.001,5,428,-8,-2206,2428,-11478
alpha 0.001,5,429,-8,-2214,2429,-11486
alpha 0.001,5,430,-8,-2222,2430,-11494
alpha 0.001,5,431,-7,-2229,2431,-11501
alpha 0.001,5,432,-7,-2236,2432,-11508
alpha 0.001,5,433,-7,-2243,2433,-11515
alpha 0.001,5,434,-8,-2251,2434,-11523
alpha 0.001,5,435,-8,-2259,2435,-11531
alpha 0.001,5,436,-8,-2267,2436,-11539
alpha 0.001,5,437,-8,-2275,2437,-11547
alpha 0.001,5,438,-8,-2283,2438,-11555
alpha 0.001,5,439,-8,-2291,2439,-11563
alpha 0.001,5,440,-8,-2299,2440,-11571
alpha 0.001,5,441,-8,-2307,2441,-11579
alpha 0.001,5,442,-8,-2315,2442,-11587
alpha 0.001,5,443,-8,-2323,2443,-11595
alpha 0.001,5,444,-8,-2331,2444,-11603
alpha 0.001,5,445,-8,-2339,2445,-11611
alpha 0.001,5,446,-8,-2347,2446,-11619
alpha 0.001,5,447,-8,-2355,2447,-11627
alpha 0.001,5,448,-8,-2363,2448,-11635
alpha 0.001,5,449,-8,-2371,2449,-11643
alpha 0.001,5,450,-8,-2379,2450,-11651
alpha 0.001,5,451,-8,-2387,2451,-11659
alpha 0.001,5,452,-8,-2395,2452,-11667
alpha 0.001,5,453,-8,-2403,2453,-11675
alpha 0.001,5,454,-8,-2411,2454,-11683
alpha 0.001,5,455,-7,-2418,2455,-11690
alpha 0.001,5,456,-7,-2425,2456,-11697
alpha 0.001,5,457,-7,-2432,2457,-11704
alpha 0.001,5,458,-7,-2439,2458,-11711
alpha 0.001,5,459,-7,-2446,2459,-11718
alpha 0.001,5,460,-7,-2453,2460,-11725
alpha 0.001,5,461,-7,-2460,2461,-11732
alpha 0.001,5,462,-7,-2467,2462,-11739
alpha 0.001,5,463,-7,-2474,2463,-11746
alpha 0.001,5,464,-7,-2481,2464,-11753
alpha 0.001,5,465,-7,-2488,2465,-11760
alpha 0.001,5,466,-7,-2495,2466,-11767
alpha 0.001,5,467,-7,-2502,2467,-11774
alpha 0.001,5,468,-7,-2509,2468,-11781
alpha 0.001,5,469,-7,-2516,2469,-11788
alpha 0.001,5,470,-7,-2523,2470,-11795
alpha 0.001,5,471,-7,-2530,2471,-11802
alpha 0.001,5,472,-7,-2537,2472,-11809
alpha 0.001,5,473,-7,-2544,2473,-11816
alpha 0.001,5,474,-7,-2551,2474,-11823
alpha 0.001,5,475,-7,-2558,2475,-11830
alpha 0.001,5,476,-7,-2565,2476,-11837
alpha 0.001,5,477,-7,-2572,2477,-11844
alpha 0.001,5,478,-7,-2579,2478,-11851
alpha 0.001,5,479,-7,-2586,2479,-11858
alpha 0.001,5,480,-7,-2593,2480,-11865
alpha 0.001,5,481,-7,-2600,2481,-11872
alpha 0.001,5,482,-7,-2607,2482,-11879
alpha 0.001,5,483,-7,-2614,2483,-11886
alpha 0.001,5,484,-7,-2621,2484,-11893
alpha 0.001,5,485,-7,-2628,2485,-11900
alpha 0.001,5,486,-7,-2635,2486,-11907
alpha 0.001,5,487,-7,-2642,2487,-11914
alpha 0.001,5,488,-7,-2649,2488,-11921
alpha 0.001,5,489,-7,-2656,2489,-11928
alpha 0.001,5,490,-7,-2663,2490,-11935
alpha 0.001,5,491,-7,-2670,2491,-11942
alpha 0.001,5,492,-7,-2677,2492,-11949
alpha 0.001,5,493,-7,-2684,2493,-11956
alpha 0.001,5,494,-7,-2691,2494,-11963
alpha 0.001,5,495,-7,-2698,2495,-11970
alpha 0.001,5,496,-6,-2704,2496,-11976
alpha 0.001,5,497,-6,-2710,2497,-11982
alpha 0.001,5,498,-6,-2716,2498,-11988
alpha 0.001,5,499,-6,-2722,2499,-11994
alpha 0.001,5,500,-6,-2728,2500,-12000
alpha 0.001,6,1,4,4,2501,-11996
alpha 0.001,6,2,2,6,2502,-11994
alpha 0.001,6,3,-4,2,2503,-11998
alpha 0.001,6,4,-6,-4,2504,-12004
alpha 0.001,6,5,-8,-12,2505,-12012
alpha 0.001,6,6,-7,-19,2506,-12019
alpha 0.001,6,7,-6,-25,2507,-12025
alpha 0.001,6,8,-5,-30,2508,-12030
alpha 0.001,6,9,-5,-35,2509,-12035
alpha 0.001,6,10,-5,-40,2510,-12040
alpha 0.001,6,11,-6,-46,2511,-12046
alpha 0.001,6,12,-6,-52,2512,-12052
alpha 0.001,6,13,-7,-59,2513,-12059
alpha 0.001,6,14,-7,-66,2514,-12066
alpha 0.001,6,15,-7,-73,2515,-12073
alpha 0.001,6,16,-6,-79,2516,-12079
alpha 0.001,6,17,-6,-85,2517,-12085
alpha 0.001,6,18,-6,-91,2518,-12091
alpha 0.001,6,19,-6,-97,2519,-12097
alpha 0.001,6,20,-6,-103,2520,-12103
alpha 0.001,6,21,-6,-109,2521,-12109
alpha 0.001,6,22,-6,-115,2522,-12115
alpha 0.001,6,23,-6,-121,2523,-12121
alpha 0.001,6,24,-6,-127,2524,-12127
alpha 0.001,6,25,-6,-133,2525,-12133
alpha 0.001,6,26,-6,-139,2526,-12139
alpha 0.001,6,27,-6,-145,2527,-12145
alpha 0.001,6,28,-6,-151,2528,-12151
alpha 0.001,6,29,-6,-157,2529,-12157
alpha 0.001,6,30,-6,-163,2530,-12163
alpha 0.001,6,31,-6,-169,2531,-12169
alpha 0.001,6,32,-6,-175,2532,-12175
alpha 0.001,6,33,-6,-181,2533,-12181
alpha 0.001,6,34,-6,-187,2534,-12187
alpha 0.001,6,35,-6,-193,2535,-12193
alpha 0.001,6,36,-6,-199,2536,-12199
alpha 0.001,6,37,-5,-204,2537,-12204
alpha 0.001,6,38,-5,-209,2538,-12209
alpha 0.001,6,39,-5,-214,2539,-12214
alpha 0.001,6,40,-5,-219,2540,-12219
alpha 0.001,6,41,-5,-224,2541,-12224
alpha 0.001,6,42,-5,-229,2542,-12229
alpha 0.001,6,43,-5,-234,2543,-12234
alpha 0.001,6,44,-5,-239,2544,-12239
alpha 0.001,6,45,-5,-244,2545,-12244
alpha 0.001,6,46,-5,-249,2546,-12249
alpha 0.001,6,47,-5,-254,2547,-12254
alpha 0.001,6,48,-5,-259,2548,-12259
alpha 0.001,6,49,-5,-264,2549,-12264
alpha 0.001,6,50,-5,-269,2550,-12269
alpha 0.001,6,51,-5,-274,2551,-12274
alpha 0.001,6,52,-5,-279,2552,-12279
alpha 0.001,6,53,-5,-284,2553,-12284
alpha 0.001,6,54,-5,-289,2554,-12289
alpha 0.001,6,55,-5,-294,2555,-12294
alpha 0.001,6,56,-5,-299,2556,-12299
alpha 0.001,6,57,-5,-304,2557,-12304
alpha 0.001,6,58,-5,-309,2558,-12309
alpha 0.001,6,59,-5,-314,2559,-12314
alpha 0.001,6,60,-5,-319,2560,-12319
alpha 0.001,6,61,-5,-324,2561,-12324
alpha 0.001,6,62,-5,-329,2562,-12329
alpha 0.001,6,63,-5,-334,2563,-12334
alpha 0.001,6,64,-5,-339,2564,-12339
alpha 0.001,6,65,-5,-344,2565,-12344
alpha 0.001,6,66,-5,-349,2566,-12349
alpha 0.001,6,67,-5,-354,2567,-12354
alpha 0.001,6,68,-5,-359,2568,-12359
alpha 0.001,6,69,-5,-364,2569,-12364
alpha 0.001,6,70,-5,-369,2570,-12369
alpha 0.001,6,71,-5,-374,2571,-12374
alpha 0.001,6,72,-5,-379,2572,-12379
alpha 0.001,6,73,-5,-384,2573,-12384
alpha 0.001,6,74,-5,-389,2574,-12389
alpha 0.001,6,75,-5,-394,2575,-12394
alpha 0.001,6,76,-5,-399,2576,-12399
alpha 0.001,6,77,-5,-404,2577,-12404
alpha 0.001,6,78,-5,-409,2578,-12409
alpha 0.001,6,79,-5,-414,2579,-12414
alpha 0.001,6,80,-5,-419,2580,-12419
alpha 0.001,6,81,-5,-424,2581,-12424
alpha 0.001,6,82,-5,-429,2582,-12429
alpha 0.001,6,83,-5,-434,2583,-12434
alpha 0.001,6,84,-5,-439,2584,-12439
alpha 0.001,6,85,-5,-444,2585,-12444
alpha 0.001,6,86,-5,-449,2586,-12449
alpha 0.001,6,87,-5,-454,2587,-12454
alpha 0.001,6,88,-5,-459,2588,-12459
alpha 0.001,6,89,-5,-464,2589,-12464
alpha 0.001,6,90,-5,-469,2590,-12469
alpha 0.001,6,91,-5,-474,2591,-12474
alpha 0.001,6,92,-5,-479,2592,-12479
alpha 0.001,6,93,-5,-484,2593,-12484
alpha 0.001,6,94,-5,-489,2594,-12489
alpha 0.001,6,95,-5,-494,2595,-12494
alpha 0.001,6,96,-5,-499,2596,-12499
alpha 0.001,6,97,-5,-504,2597,-12504
alpha 0.001,6,98,-5,-509,2598,-12509
alpha 0.001,6,99,-5,-514,2599,-12514
alpha 0.001,6,100,-5,-519,2600,-12519
alpha 0.001,6,101,-5,-524,2601,-12524
alpha 0.001,6,102,-5,-529,2602,-12529
alpha 0.001,6,103,-5,-534,2603,-12534
alpha 0.001,6,104,-5,-539,2604,-12539
alpha 0.001,6,105,-5,-544,2605,-12544
alpha 0.001,6,106,-5,-549,2606,-12549
alpha 0.001,6,107,-5,-554,2607,-12554
alpha 0.001,6,108,-5,-559,2608,-12559
alpha 0.001,6,109,-5,-564,2609,-12564
alpha 0.001,6,110,-5,-569,2610,-12569
alpha 0.001,6,111,-5,-574,2611,-12574
alpha 0.001,6,112,-5,-579,2612,-12579
alpha 0.001,6,113,-5,-584,2613,-12584
alpha 0.001,6,114,-5,-589,2614,-12589
alpha 0.001,6,115,-5,-594,2615,-12594
alpha 0.001,6,116,-5,-599,2616,-12599
alpha 0.001,6,117,-5,-604,2617,-12604
alpha 0.001,6,118,-5,-609,2618,-12609
alpha 0.001,6,119,-5,-614,2619,-12614
alpha 0.001,6,120,-5,-619,2620,-12619
alpha 0.001,6,121,-5,-624,2621,-12624
alpha 0.001,6,122,-5,-629,2622,-12629
alpha 0.001,6,123,-5,-634,2623,-12634
alpha 0.001,6,124,-5,-639,2624,-12639
alpha 0.001,6,125,-5,-644,2625,-12644
alpha 0.001,6,126,-5,-649,2626,-12649
alpha 0.001,6,127,-5,-654,2627,-12654
alpha 0.001,6,128,-5,-659,2628,-12659
alpha 0.001,6,129,-5,-664,2629,-12664
alpha 0.001,6,130,-5,-669,2630,-12669
alpha 0.001,6,131,-5,-674,2631,-12674
alpha 0.001,6,132,-5,-679,2632,-12679
alpha 0.001,6,133,-5,-684,2633,-12684
alpha 0.001,6,134,-5,-689,2634,-12689
alpha 0.001,6,135,-5,-694,2635,-12694
alpha 0.001,6,136,-5,-699,2636,-12699
alpha 0.001,6,137,-5,-704,2637,-12704
alpha 0.001,6,138,-5,-709,2638,-12709
alpha 0.001,6,139,-5,-714,2639,-12714
alpha 0.001,6,140,-5,-719,2640,-12719
alpha 0.001,6,141,-5,-724,2641,-12724
alpha 0.001,6,142,-5,-729,2642,-12729
alpha 0.001,6,143,-5,-734,2643,-12734
alpha 0.001,6,144,-5,-739,2644,-12739
alpha 0.001,6,145,-5,-744,2645,-12744
alpha 0.001,6,146,-5,-749,2646,-12749
alpha 0.001,6,147,-5,-754,2647,-12754
alpha 0.001,6,148,-5,-759,2648,-12759
alpha 0.001,6,149,-5,-764,2649,-12764
alpha 0.001,6,150,-5,-769,2650,-12769
alpha 0.001,6,151,-5,-774,2651,-12774
alpha 0.001,6,152,-5,-779,2652,-12779
alpha 0.001,6,153,-5,-784,2653,-12784
alpha 0.001,6,154,-5,-789,2654,-12789
alpha 0.001,6,155,-5,-794,2655,-12794
alpha 0.001,6,156,-5,-799,2656,-12799
alpha 0.001,6,157,-5,-804,2657,-12804
alpha 0.001,6,158,-5,-809,2658,-12809
alpha 0.001,6,159,-5,-814,2659,-12814
alpha 0.001,6,160,-5,-819,2660,-12819
alpha 0.001,6,161,-5,-824,2661,-12824
alpha 0.001,6,162,-5,-829,2662,-12829
alpha 0.001,6,163,-5,-834,2663,-12834
alpha 0.001,6,164,-5,-839,2664,-12839
alpha 0.001,6,165,-5,-844,2665,-12844
alpha 0.001,6,166,-5,-849,2666,-12849
alpha 0.001,6,167,-5,-854,2667,-12854
alpha 0.001,6,168,-5,-859,2668,-12859
alpha 0.001,6,169,-5,-864,2669,-12864
alpha 0.001,6,170,-5,-869,2670,-12869
alpha 0.001,6,171,-5,-874,2671,-12874
alpha 0.001,6,172,-5,-879,2672,-12879
alpha 0.001,6,173,-5,-884,2673,-12884
alpha 0.001,6,174,-5,-889,2674,-12889
alpha 0.001,6,175,-5,-894,2675,-12894
alpha 0.001,6,176,-5,-899,2676,-12899
alpha 0.001,6,177,-5,-904,2677,-12904
alpha 0.001,6,178,-5,-909,2678,-12909
alpha 0.001,6,179,-5,-914,2679,-12914
alpha 0.001,6,180,-5,-919,2680,-12919
alpha 0.001,6,181,-5,-924,2681,-12924
alpha 0.001,6,182,-5,-929,2682,-12929
alpha 0.001,6,183,-5,-934,2683,-12934
alpha 0.001,6,184,-5,-939,2684,-12939
alpha 0.001,6,185,-5,-944,2685,-12944
alpha 0.001,6,186,-5,-949,2686,-12949
alpha 0.001,6,187,-5,-954,2687,-12954
alpha 0.001,6,188,-5,-959,2688,-12959
alpha 0.001,6,189,-5,-964,2689,-12964
alpha 0.001,6,190,-5,-969,2690,-12969
alpha 0.001,6,191,-5,-974,2691,-12974
alpha 0.001,6,192,-5,-979,2692,-12979
alpha 0.001,6,193,-5,-984,2693,-12984
alpha 0.001,6,194,-5,-989,2694,-12989
alpha 0.001,6,195,-5,-994,2695,-12994
alpha 0.001,6,196,-5,-999,2696,-12999
alpha 0.001,6,197,-5,-1004,2697,-13004
alpha 0.001,6,198,-5,-1009,2698,-13009
alpha 0.001,6,199,-5,-1014,2699,-13014
alpha 0.001,6,200,-5,-1019,2700,-13019
alpha 0.001,6,201,-5,-1024,2701,-13024
alpha 0.001,6,202,-5,-1029,2702,-13029
alpha 0.001,6,203,-5,-1034,2703,-13034
alpha 0.001,6,204,-5,-1039,2704,-13039
alpha 0.001,6,205,-5,-1044,2705,-13044
alpha 0.001,6,206,-5,-1049,2706,-13049
alpha 0.001,6,207,-5,-1054,2707,-13054
alpha 0.001,6,208,-5,-1059,2708,-13059
alpha 0.001,6,209,-5,-1064,2709,-13064
alpha 0.001,6,210,-5,-1069,2710,-13069
alpha 0.001,6,211,-5,-1074,2711,-13074
alpha 0.001,6,212,-5,-1079,2712,-13079
alpha 0.001,6,213,-5,-1084,2713,-13084
alpha 0.001,6,214,-5,-1089,2714,-13089
alpha 0.001,6,215,-5,-1094,2715,-13094
alpha 0.001,6,216,-5,-1099,2716,-13099
alpha 0.001,6,217,-5,-1104,2717,-13104
alpha 0.001,6,218,-5,-1109,2718,-13109
alpha 0.001,6,219,-5,-1114,2719,-13114
alpha 0.001,6,220,-5,-1119,2720,-13119
alpha 0.001,6,221,-5,-1124,2721,-13124
alpha 0.001,6,222,-5,-1129,2722,-13129
alpha 0.001,6,223,-5,-1134,2723,-13134
alpha 0.001,6,224,-5,-1139,2724,-13139
alpha 0.001,6,225,-5,-1144,2725,-13144
alpha 0.001,6,226,-5,-1149,2726,-13149
alpha 0.001,6,227,-5,-1154,2727,-13154
alpha 0.001,6,228,-5,-1159,2728,-13159
alpha 0.001,6,229,-5,-1164,2729,-13164
alpha 0.001,6,230,-5,-1169,2730,-13169
alpha 0.001,6,231,-5,-1174,2731,-13174
alpha 0.001,6,232,-5,-1179,2732,-13179
alpha 0.001,6,233,-5,-1184,2733,-13184
alpha 0.001,6,234,-5,-1189,2734,-13189
alpha 0.001,6,235,-5,-1194,2735,-13194
alpha 0.001,6,236,-5,-1199,2736,-13199
alpha 0.001,6,237,-5,-1204,2737,-13204
alpha 0.001,6,238,-6,-1210,2738,-13210
alpha 0.001,6,239,-6,-1216,2739,-13216
alpha 0.001,6,240,-6,-1222,2740,-13222
alpha 0.001,6,241,-6,-1228,2741,-13228
alpha 0.001,6,242,-6,-1234,2742,-13234
alpha 0.001,6,243,-6,-1240,2743,-13240
alpha 0.001,6,244,-6,-1246,2744,-13246
alpha 0.001,6,245,-6,-1252,2745,-13252
alpha 0.001,6,246,-6,-1258,2746,-13258
alpha 0.001,6,247,-6,-1264,2747,-13264
alpha 0.001,6,248,-6,-1270,2748,-13270
alpha 0.001,6,249,-6,-1276,2749,-13276
alpha 0.001,6,250,-6,-1282,2750,-13282
alpha 0.001,6,251,-6,-1288,2751,-13288
alpha 0.001,6,252,-6,-1294,2752,-13294
alpha 0.001,6,253,-6,-1300,2753,-13300
alpha 0.001,6,254,-6,-1306,2754,-13306
alpha 0.001,6,255,-6,-1312,2755,-13312
alpha 0.001,6,256,-7,-1319,2756,-13319
alpha 0.001,6,257,-7,-1326,2757,-13326
alpha 0.001,6,258,-7,-1333,2758,-13333
alpha 0.001,6,259,-6,-1339,2759,-13339
alpha 0.001,6,260,-6,-1345,2760,-13345
alpha 0.001,6,261,-6,-1351,2761,-13351
alpha 0.001,6,262,-6,-1357,2762,-13357
alpha 0.001,6,263,-6,-1363,2763,-13363
alpha 0.001,6,264,-6,-1369,2764,-13369
alpha 0.001,6,265,-6,-1375,2765,-13375
alpha 0.001,6,266,-6,-1381,2766,-13381
alpha 0.001,6,267,-6,-1387,2767,-13387
alpha 0.001,6,268,-6,-1393,2768,-13393
alpha 0.001,6,269,-6,-1399,2769,-13399
alpha 0.001,6,270,-6,-1405,2770,-13405
alpha 0.001,6,271,-6,-1411,2771,-13411
alpha 0.001,6,272,-6,-1417,2772,-13417
alpha 0.001,6,273,-6,-1423,2773,-13423
alpha 0.001,6,274,-6,-1429,2774,-13429
alpha 0.001,6,275,-6,-1435,2775,-13435
alpha 0.001,6,276,-6,-1441,2776,-13441
alpha 0.001,6,277,-6,-1447,2777,-13447
alpha 0.001,6,278,-6,-1453,2778,-13453
alpha 0.001,6,279,-6,-1459,2779,-13459
alpha 0.001,6,280,-6,-1465,2780,-13465
alpha 0.001,6,281,-5,-1470,2781,-13470
alpha 0.001,6,282,-5,-1475,2782,-13475
alpha 0.001,6,283,-5,-1480,2783,-13480
alpha 0.001,6,284,-5,-1485,2784,-13485
alpha 0.001,6,285,-5,-1490,2785,-13490
alpha 0.001,6,286,-5,-1495,2786,-13495
alpha 0.001,6,287,-5,-1500,2787,-13500
alpha 0.001,6,288,-5,-1505,2788,-13505
alpha 0.001,6,289,-5,-1510,2789,-13510
alpha 0.001,6,290,-5,-1515,2790,-13515
alpha 0.001,6,291,-5,-1520,2791,-13520
alpha 0.001,6,292,-5,-1525,2792,-13525
alpha 0.001,6,293,-5,-1530,2793,-13530
alpha 0.001,6,294,-5,-1535,2794,-13535
alpha 0.001,6,295,-5,-1540,2795,-13540
alpha 0.001,6,296,-5,-1545,2796,-13545
alpha 0.001,6,297,-5,-1550,2797,-13550
alpha 0.001,6,298,-5,-1555,2798,-13555
alpha 0.001,6,299,-5,-1560,2799,-13560
alpha 0.001,6,300,-5,-1565,2800,-13565
alpha 0.001,6,301,-5,-1570,2801,-13570
alpha 0.001,6,302,-5,-1575,2802,-13575
alpha 0.001,6,303,-5,-1580,2803,-13580
alpha 0.001,6,304,-5,-1585,2804,-13585
alpha 0.001,6,305,-5,-1590,2805,-13590
alpha 0.001,6,306,-5,-1595,2806,-13595
alpha 0.001,6,307,-5,-1600,2807,-13600
alpha 0.001,6,308,-5,-1605,2808,-13605
alpha 0.001,6,309,-5,-1610,2809,-13610
alpha 0.001,6,310,-5,-1615,2810,-13615
alpha 0.001,6,311,-5,-1620,2811,-13620
alpha 0.001,6,312,-5,-1625,2812,-13625
alpha 0.001,6,313,-5,-1630,2813,-13630
alpha 0.001,6,314,-5,-1635,2814,-13635
alpha 0.001,6,315,-5,-1640,2815,-13640
alpha 0.001,6,316,-5,-1645,2816,-13645
alpha 0.001,6,317,-5,-1650,2817,-13650
alpha 0.001,6,318,-5,-1655,2818,-13655
alpha 0.001,6,319,-5,-1660,2819,-13660
alpha 0.001,6,320,-5,-1665,2820,-13665
alpha 0.001,6,321,-5,-1670,2821,-13670
alpha 0.001,6,322,-5,-1675,2822,-13675
alpha 0.001,6,323,-5,-1680,2823,-13680
alpha 0.001,6,324,-5,-1685,2824,-13685
alpha 0.001,6,325,-5,-1690,2825,-13690
alpha 0.001,6,326,-6,-1696,2826,-13696
alpha 0.001,6,327,-6,-1702,2827,-13702
alpha 0.001,6,328,-6,-1708,2828,-13708
alpha 0.001,6,329,-6,-1714,2829,-13714
alpha 0.001,6,330,-7,-1721,2830,-13721
alpha 0.001,6,331,-7,-1728,2831,-13728
alpha 0.001,6,332,-7,-1735,2832,-13735
alpha 0.001,6,333,-7,-1742,2833,-13742
alpha 0.001,6,334,-7,-1749,2834,-13749
alpha 0.001,6,335,-7,-1756,2835,-13756
alpha 0.001,6,336,-7,-1763,2836,-13763
alpha 0.001,6,337,-7,-1770,2837,-13770
alpha 0.001,6,338,-7,-1777,2838,-13777
alpha 0.001,6,339,-7,-1784,2839,-13784
alpha 0.001,6,340,-7,-1791,2840,-13791
alpha 0.001,6,341,-7,-1798,2841,-13798
alpha 0.001,6,342,-7,-1805,2842,-13805
alpha 0.001,6,343,-7,-1812,2843,-13812
alpha 0.001,6,344,-7,-1819,2844,-13819
alpha 0.001,6,345,-7,-1826,2845,-13826
alpha 0.001,6,346,-7,-1833,2846,-13833
alpha 0.001,6,347,-7,-1840,2847,-13840
alpha 0.001,6,348,-7,-1847,2848,-13847
alpha 0.001,6,349,-7,-1854,2849,-13854
alpha 0.001,6,350,-7,-1861,2850,-13861
alpha 0.001,6,351,-7,-1868,2851,-13868
alpha 0.001,6,352,-7,-1875,2852,-13875
alpha 0.001,6,353,-7,-1882,2853,-13882
alpha 0.001,6,354,-7,-1889,2854,-13889
alpha 0.001,6,355,-7,-1896,2855,-13896
alpha 0.001,6,356,-7,-1903,2856,-13903
alpha 0.001,6,357,-7,-1910,2857,-13910
alpha 0.001,6,358,-7,-1917,2858,-13917
alpha 0.001,6,359,-7,-1924,2859,-13924
alpha 0.001,6,360,-7,-1931,2860,-13931
alpha 0.001,6,361,-7,-1938,2861,-13938
alpha 0.001,6,362,-7,-1945,2862,-13945
alpha 0.001,6,363,-7,-1952,2863,-13952
alpha 0.001,6,364,-7,-1959,2864,-13959
alpha 0.001,6,365,-7,-1966,2865,-13966
alpha 0.001,6,366,-7,-1973,2866,-13973
alpha 0.001,6,367,-7,-1980,2867,-13980
alpha 0.001,6,368,-7,-1987,2868,-13987
alpha 0.001,6,369,-7,-1994,2869,-13994
alpha 0.001,6,370,-7,-2001,2870,-14001
alpha 0.001,6,371,-7,-2008,2871,-14008
alpha 0.001,6,372,-7,-2015,2872,-14015
alpha 0.001,6,373,-7,-2022,2873,-14022
alpha 0.001,6,374,-7,-2029,2874,-14029
alpha 0.001,6,375,-7,-2036,2875,-14036
alpha 0.001,6,376,-7,-2043,2876,-14043
alpha 0.001,6,377,-7,-2050,2877,-14050
alpha 0.001,6,378,-7,-2057,2878,-14057
alpha 0.001,6,379,-7,-2064,2879,-14064
alpha 0.001,6,380,-7,-2071,2880,-14071
alpha 0.001,6,381,-7,-2078,2881,-14078
alpha 0.001,6,382,-7,-2085,2882,-14085
alpha 0.001,6,383,-7,-2092,2883,-14092
alpha 0.001,6,384,-7,-2099,2884,-14099
alpha 0.001,6,385,-7,-2106,2885,-14106
alpha 0.001,6,386,-7,-2113,2886,-14113
alpha 0.001,6,387,-6,-2119,2887,-14119
alpha 0.001,6,388,-6,-2125,2888,-14125
alpha 0.001,6,389,-6,-2131,2889,-14131
alpha 0.001,6,390,-6,-2137,2890,-14137
alpha 0.001,6,391,-6,-2143,2891,-14143
alpha 0.001,6,392,-6,-2149,2892,-14149
alpha 0.001,6,393,-6,-2155,2893,-14155
alpha 0.001,6,394,-6,-2161,2894,-14161
alpha 0.001,6,395,-6,-2167,2895,-14167
alpha 0.001,6,396,-6,-2173,2896,-14173
alpha 0.001,6,397,-5,-2178,2897,-14178
alpha 0.001,6,398,-5,-2183,2898,-14183
alpha 0.001,6,399,-5,-2188,2899,-14188
alpha 0.001,6,400,-5,-2193,2900,-14193
alpha 0.001,6,401,-5,-2198,2901,-14198
alpha 0.001,6,402,-5,-2203,2902,-14203
alpha 0.001,6,403,-5,-2208,2903,-14208
alpha 0.001,6,404,-5,-2213,2904,-14213
alpha 0.001,6,405,-5,-2218,2905,-14218
alpha 0.001,6,406,-5,-2223,2906,-14223
alpha 0.001,6,407,-5,-2228,2907,-14228
alpha 0.001,6,408,-5,-2233,2908,-14233
alpha 0.001,6,409,-5,-2238,2909,-14238
alpha 0.001,6,410,-5,-2243,2910,-14243
alpha 0.001,6,411,-5,-2248,2911,-14248
alpha 0.001,6,412,-5,-2253,2912,-14253
alpha 0.001,6,413,-5,-2258,2913,-14258
alpha 0.001,6,414,-5,-2263,2914,-14263
alpha 0.001,6,415,-5,-2268,2915,-14268
alpha 0.001,6,416,-5,-2273,2916,-14273
alpha 0.001,6,417,-5,-2278,2917,-14278
alpha 0.001,6,418,-5,-2283,2918,-14283
alpha 0.001,6,419,-5,-2288,2919,-14288
alpha 0.001,6,420,-5,-2293,2920,-14293
alpha 0.001,6,421,-5,-2298,2921,-14298
alpha 0.001,6,422,-5,-2303,2922,-14303
alpha 0.001,6,423,-5,-2308,2923,-14308
alpha 0.001,6,424,-5,-2313,2924,-14313
alpha 0.001,6,425,-5,-2318,2925,-14318
alpha 0.001,6,426,-5,-2323,2926,-14323
alpha 0.001,6,427,-5,-2328,2927,-14328
alpha 0.001,6,428,-5,-2333,2928,-14333
alpha 0.001,6,429,-5,-2338,2929,-14338
alpha 0.001,6,430,-5,-2343,2930,-14343
alpha 0.001,6,431,-5,-2348,2931,-14348
alpha 0.001,6,432,-5,-2353,2932,-14353
alpha 0.001,6,433,-5,-2358,2933,-14358
alpha 0.001,6,434,-5,-2363,2934,-14363
alpha 0.001,6,435,-5,-2368,2935,-14368
alpha 0.001,6,436,-5,-2373,2936,-14373
alpha 0.001,6,437,-5,-2378,2937,-14378
alpha 0.001,6,438,-5,-2383,2938,-14383
alpha 0.001,6,439,-6,-2389,2939,-14389
alpha 0.001,6,440,-5,-2394,2940,-14394
alpha 0.001,6,441,-5,-2399,2941,-14399
alpha 0.001,6,442,-5,-2404,2942,-14404
alpha 0.001,6,443,-5,-2409,2943,-14409
alpha 0.001,6,444,-5,-2414,2944,-14414
alpha 0.001,6,445,-5,-2419,2945,-14419
alpha 0.001,6,446,-6,-2425,2946,-14425
alpha 0.001,6,447,-6,-2431,2947,-14431
alpha 0.001,6,448,-6,-2437,2948,-14437
alpha 0.001,6,449,-6,-2443,2949,-14443
alpha 0.001,6,450,-6,-2449,2950,-14449
alpha 0.001,6,451,-6,-2455,2951,-14455
alpha 0.001,6,452,-6,-2461,2952,-14461
alpha 0.001,6,453,-6,-2467,2953,-14467
alpha 0.001,6,454,-6,-2473,2954,-14473
alpha 0.001,6,455,-6,-2479,2955,-14479
alpha 0.001,6,456,-6,-2485,2956,-14485
alpha 0.001,6,457,-6,-2491,2957,-14491
alpha 0.001,6,458,-6,-2497,2958,-14497
alpha 0.001,6,459,-6,-2503,2959,-14503
alpha 0.001,6,460,-6,-2509,2960,-14509
alpha 0.001,6,461,-5,-2514,2961,-14514
alpha 0.001,6,462,-5,-2519,2962,-14519
alpha 0.001,6,463,-5,-2524,2963,-14524
alpha 0.001,6,464,-5,-2529,2964,-14529
alpha 0.001,6,465,-5,-2534,2965,-14534
alpha 0.001,6,466,-5,-2539,2966,-14539
alpha 0.001,6,467,-5,-2544,2967,-14544
alpha 0.001,6,468,-5,-2549,2968,-14549
alpha 0.001,6,469,-5,-2554,2969,-14554
alpha 0.001,6,470,-5,-2559,2970,-14559
alpha 0.001,6,471,-5,-2564,2971,-14564
alpha 0.001,6,472,-5,-2569,2972,-14569
alpha 0.001,6,473,-5,-2574,2973,-14574
alpha 0.001,6,474,-5,-2579,2974,-14579
alpha 0.001,6,475,-5,-2584,2975,-14584
alpha 0.001,6,476,-5,-2589,2976,-14589
alpha 0.001,6,477,-5,-2594,2977,-14594
alpha 0.001,6,478,-5,-2599,2978,-14599
alpha 0.001,6,479,-5,-2604,2979,-14604
alpha 0.001,6,480,-5,-2609,2980,-14609
alpha 0.001,6,481,-5,-2614,2981,-14614
alpha 0.001,6,482,-5,-2619,2982,-14619
alpha 0.001,6,483,-6,-2625,2983,-14625
alpha 0.001,6,484,-6,-2631,2984,-14631
alpha 0.001,6,485,-5,-2636,2985,-14636
alpha 0.001,6,486,-5,-2641,2986,-14641
alpha 0.001,6,487,-5,-2646,2987,-14646
alpha 0.001,6,488,-5,-2651,2988,-14651
alpha 0.001,6,489,-5,-2656,2989,-14656
alpha 0.001,6,490,-5,-2661,2990,-14661
alpha 0.001,6,491,-5,-2666,2991,-14666
alpha 0.001,6,492,-5,-2671,2992,-14671
alpha 0.001,6,493,-5,-2676,2993,-14676
alpha 0.001,6,494,-5,-2681,2994,-14681
alpha 0.001,6,495,-5,-2686,2995,-14686
alpha 0.001,6,496,-5,-2691,2996,-14691
alpha 0.001,6,497,-5,-2696,2997,-14696
alpha 0.001,6,498,-5,-2701,2998,-14701
alpha 0.001,6,499,-5,-2706,2999,-14706
alpha 0.001,6,500,-5,-2711,3000,-14711
alpha 0.001,7,1,2,2,3001,-14709
alpha 0.001,7,2,2,4,3002,-14707
alpha 0.001,7,3,-3,1,3003,-14710
alpha 0.001,7,4,-4,-3,3004,-14714
alpha 0.001,7,5,-8,-11,3005,-14722
alpha 0.001,7,6,-6,-17,3006,-14728
alpha 0.001,7,7,-4,-21,3007,-14732
alpha 0.001,7,8,-2,-23,3008,-14734
alpha 0.001,7,9,1,-22,3009,-14733
alpha 0.001,7,10,-2,-24,3010,-14735
alpha 0.001,7,11,-2,-26,3011,-14737
alpha 0.001,7,12,-3,-29,3012,-14740
alpha 0.001,7,13,-7,-36,3013,-14747
alpha 0.001,7,14,-8,-44,3014,-14755
alpha 0.001,7,15,-10,-54,3015,-14765
alpha 0.001,7,16,-10,-64,3016,-14775
alpha 0.001,7,17,-10,-74,3017,-14785
alpha 0.001,7,18,-8,-82,3018,-14793
alpha 0.001,7,19,-8,-90,3019,-14801
alpha 0.001,7,20,-8,-98,3020,-14809
alpha 0.001,7,21,-8,-106,3021,-14817
alpha 0.001,7,22,-8,-114,3022,-14825
alpha 0.001,7,23,-8,-122,3023,-14833
alpha 0.001,7,24,-8,-130,3024,-14841
alpha 0.001,7,25,-10,-140,3025,-14851
alpha 0.001,7,26,-10,-150,3026,-14861
alpha 0.001,7,27,-10,-160,3027,-14871
alpha 0.001,7,28,-10,-170,3028,-14881
alpha 0.001,7,29,-10,-180,3029,-14891
alpha 0.001,7,30,-10,-190,3030,-14901
alpha 0.001,7,31,-10,-200,3031,-14911
alpha 0.001,7,32,-10,-210,3032,-14921
alpha 0.001,7,33,-10,-220,3033,-14931
alpha 0.001,7,34,-10,-230,3034,-14941
alpha 0.001,7,35,-10,-240,3035,-14951
alpha 0.001,7,36,-10,-250,3036,-14961
alpha 0.001,7,37,-10,-260,3037,-14971
alpha 0.001,7,38,-10,-270,3038,-14981
alpha 0.001,7,39,-10,-280,3039,-14991
alpha 0.001,7,40,-10,-290,3040,-15001
alpha 0.001,7,41,-10,-300,3041,-15011
alpha 0.001,7,42,-10,-310,3042,-15021
alpha 0.001,7,43,-10,-320,3043,-15031
alpha 0.001,7,44,-10,-330,3044,-15041
alpha 0.001,7,45,-10,-340,3045,-15051
alpha 0.001,7,46,-10,-350,3046,-15061
alpha 0.001,7,47,-10,-360,3047,-15071
alpha 0.001,7,48,-10,-370,3048,-15081
alpha 0.001,7,49,-10,-380,3049,-15091
alpha 0.001,7,50,-10,-390,3050,-15101
alpha 0.001,7,51,-10,-400,3051,-15111
alpha 0.001,7,52,-10,-410,3052,-15121
alpha 0.001,7,53,-10,-420,3053,-15131
alpha 0.001,7,54,-10,-430,3054,-15141
alpha 0.001,7,55,-10,-440,3055,-15151
alpha 0.001,7,56,-10,-450,3056,-15161
alpha 0.001,7,57,-10,-460,3057,-15171
alpha 0.001,7,58,-8,-468,3058,-15179
alpha 0.001,7,59,-7,-475,3059,-15186
alpha 0.001,7,60,-7,-482,3060,-15193
alpha 0.001,7,61,-8,-490,3061,-15201
alpha 0.001,7,62,-7,-497,3062,-15208
alpha 0.001,7,63,-7,-504,3063,-15215
alpha 0.001,7,64,-7,-511,3064,-15222
alpha 0.001,7,65,-7,-518,3065,-15229
alpha 0.001,7,66,-7,-525,3066,-15236
alpha 0.001,7,67,-7,-532,3067,-15243
alpha 0.001,7,68,-7,-539,3068,-15250
alpha 0.001,7,69,-7,-546,3069,-15257
alpha 0.001,7,70,-7,-553,3070,-15264
alpha 0.001,7,71,-7,-560,3071,-15271
alpha 0.001,7,72,-7,-567,3072,-15278
alpha 0.001,7,73,-7,-574,3073,-15285
alpha 0.001,7,74,-7,-581,3074,-15292
alpha 0.001,7,75,-7,-588,3075,-15299
alpha 0.001,7,76,-7,-595,3076,-15306
alpha 0.001,7,77,-8,-603,3077,-15314
alpha 0.001,7,78,-8,-611,3078,-15322
alpha 0.001,7,79,-7,-618,3079,-15329
alpha 0.001,7,80,-7,-625,3080,-15336
alpha 0.001,7,81,-5,-630,3081,-15341
alpha 0.001,7,82,-8,-638,3082,-15349
alpha 0.001,7,83,-10,-648,3083,-15359
alpha 0.001,7,84,-10,-658,3084,-15369
alpha 0.001,7,85,-10,-668,3085,-15379
alpha 0.001,7,86,-10,-678,3086,-15389
alpha 0.001,7,87,-10,-688,3087,-15399
alpha 0.001,7,88,-8,-696,3088,-15407
alpha 0.001,7,89,-8,-704,3089,-15415
alpha 0.001,7,90,-8,-712,3090,-15423
alpha 0.001,7,91,-8,-720,3091,-15431
alpha 0.001,7,92,-8,-728,3092,-15439
alpha 0.001,7,93,-8,-736,3093,-15447
alpha 0.001,7,94,-8,-744,3094,-15455
alpha 0.001,7,95,-8,-752,3095,-15463
alpha 0.001,7,96,-6,-758,3096,-15469
alpha 0.001,7,97,-5,-763,3097,-15474
alpha 0.001,7,98,-5,-768,3098,-15479
alpha 0.001,7,99,-5,-773,3099,-15484
alpha 0.001,7,100,-7,-780,3100,-15491
alpha 0.001,7,101,-7,-787,3101,-15498
alpha 0.001,7,102,-7,-794,3102,-15505
alpha 0.001,7,103,-7,-801,3103,-15512
alpha 0.001,7,104,-7,-808,3104,-15519
alpha 0.001,7,105,-7,-815,3105,-15526
alpha 0.001,7,106,-7,-822,3106,-15533
alpha 0.001,7,107,-7,-829,3107,-15540
alpha 0.001,7,108,-7,-836,3108,-15547
alpha 0.001,7,109,-7,-843,3109,-15554
alpha 0.001,7,110,-7,-850,3110,-15561
alpha 0.001,7,111,-7,-857,3111,-15568
alpha 0.001,7,112,-7,-864,3112,-15575
alpha 0.001,7,113,-6,-870,3113,-15581
alpha 0.001,7,114,-6,-876,3114,-15587
alpha 0.001,7,115,-6,-882,3115,-15593
alpha 0.001,7,116,-6,-888,3116,-15599
alpha 0.001,7,117,-6,-894,3117,-15605
alpha 0.001,7,118,-5,-899,3118,-15610
alpha 0.001,7,119,-5,-904,3119,-15615
alpha 0.001,7,120,-5,-909,3120,-15620
alpha 0.001,7,121,-5,-914,3121,-15625
alpha 0.001,7,122,-5,-919,3122,-15630
alpha 0.001,7,123,-3,-922,3123,-15633
alpha 0.001,7,124,-2,-924,3124,-15635
alpha 0.001,7,125,-2,-926,3125,-15637
alpha 0.001,7,126,-2,-928,3126,-15639
alpha 0.001,7,127,1,-927,3127,-15638
alpha 0.001,7,128,1,-926,3128,-15637
alpha 0.001,7,129,1,-925,3129,-15636
alpha 0.001,7,130,1,-924,3130,-15635
alpha 0.001,7,131,1,-923,3131,-15634
alpha 0.001,7,132,1,-922,3132,-15633
alpha 0.001,7,133,1,-921,3133,-15632
alpha 0.001,7,134,1,-920,3134,-15631
alpha 0.001,7,135,-1,-921,3135,-15632
alpha 0.001,7,136,-2,-923,3136,-15634
alpha 0.001,7,137,-2,-925,3137,-15636
alpha 0.001,7,138,-2,-927,3138,-15638
alpha 0.001,7,139,-2,-929,3139,-15640
alpha 0.001,7,140,-2,-931,3140,-15642
alpha 0.001,7,141,-2,-933,3141,-15644
alpha 0.001,7,142,-2,-935,3142,-15646
alpha 0.001,7,143,-2,-937,3143,-15648
alpha 0.001,7,144,-2,-939,3144,-15650
alpha 0.001,7,145,-2,-941,3145,-15652
alpha 0.001,7,146,-2,-943,3146,-15654
alpha 0.001,7,147,-3,-946,3147,-15657
alpha 0.001,7,148,-3,-949,3148,-15660
alpha 0.001,7,149,-3,-952,3149,-15663
alpha 0.001,7,150,-3,-955,3150,-15666
alpha 0.001,7,151,-3,-958,3151,-15669
alpha 0.001,7,152,-5,-963,3152,-15674
alpha 0.001,7,153,-5,-968,3153,-15679
alpha 0.001,7,154,-5,-973,3154,-15684
alpha 0.001,7,155,-5,-978,3155,-15689
alpha 0.001,7,156,-5,-983,3156,-15694
alpha 0.001,7,157,-5,-988,3157,-15699
alpha 0.001,7,158,-5,-993,3158,-15704
alpha 0.001,7,159,-5,-998,3159,-15709
alpha 0.001,7,160,-5,-1003,3160,-15714
alpha 0.001,7,161,-6,-1009,3161,-15720
alpha 0.001,7,162,-6,-1015,3162,-15726
alpha 0.001,7,163,-6,-1021,3163,-15732
alpha 0.001,7,164,-6,-1027,3164,-15738
alpha 0.001,7,165,-6,-1033,3165,-15744
alpha 0.001,7,166,-7,-1040,3166,-15751
alpha 0.001,7,167,-7,-1047,3167,-15758
alpha 0.001,7,168,-7,-1054,3168,-15765
alpha 0.001,7,169,-7,-1061,3169,-15772
alpha 0.001,7,170,-7,-1068,3170,-15779
alpha 0.001,7,171,-7,-1075,3171,-15786
alpha 0.001,7,172,-7,-1082,3172,-15793
alpha 0.001,7,173,-8,-1090,3173,-15801
alpha 0.001,7,174,-8,-1098,3174,-15809
alpha 0.001,7,175,-10,-1108,3175,-15819
alpha 0.001,7,176,-10,-1118,3176,-15829
alpha 0.001,7,177,-10,-1128,3177,-15839
alpha 0.001,7,178,-10,-1138,3178,-15849
alpha 0.001,7,179,-10,-1148,3179,-15859
alpha 0.001,7,180,-10,-1158,3180,-15869
alpha 0.001,7,181,-10,-1168,3181,-15879
alpha 0.001,7,182,-10,-1178,3182,-15889
alpha 0.001,7,183,-10,-1188,3183,-15899
alpha 0.001,7,184,-10,-1198,3184,-15909
alpha 0.001,7,185,-10,-1208,3185,-15919
alpha 0.001,7,186,-10,-1218,3186,-15929
alpha 0.001,7,187,-10,-1228,3187,-15939
alpha 0.001,7,188,-10,-1238,3188,-15949
alpha 0.001,7,189,-10,-1248,3189,-15959
alpha 0.001,7,190,-10,-1258,3190,-15969
alpha 0.001,7,191,-10,-1268,3191,-15979
alpha 0.001,7,192,-10,-1278,3192,-15989
alpha 0.001,7,193,-10,-1288,3193,-15999
alpha 0.001,7,194,-10,-1298,3194,-16009
alpha 0.001,7,195,-10,-1308,3195,-16019
alpha 0.001,7,196,-10,-1318,3196,-16029
alpha 0.001,7,197,-10,-1328,3197,-16039
alpha 0.001,7,198,-10,-1338,3198,-16049
alpha 0.001,7,199,-10,-1348,3199,-16059
alpha 0.001,7,200,-10,-1358,3200,-16069
alpha 0.001,7,201,-10,-1368,3201,-16079
alpha 0.001,7,202,-10,-1378,3202,-16089
alpha 0.001,7,203,-10,-1388,3203,-16099
alpha 0.001,7,204,-10,-1398,3204,-16109
alpha 0.001,7,205,-10,-1408,3205,-16119
alpha 0.001,7,206,-10,-1418,3206,-16129
alpha 0.001,7,207,-10,-1428,3207,-16139
alpha 0.001,7,208,-10,-1438,3208,-16149
alpha 0.001,7,209,-10,-1448,3209,-16159
alpha 0.001,7,210,-10,-1458,3210,-16169
alpha 0.001,7,211,-10,-1468,3211,-16179
alpha 0.001,7,212,-10,-1478,3212,-16189
alpha 0.001,7,213,-10,-1488,3213,-16199
alpha 0.001,7,214,-10,-1498,3214,-16209
alpha 0.001,7,215,-8,-1506,3215,-16217
alpha 0.001,7,216,-10,-1516,3216,-16227
alpha 0.001,7,217,-8,-1524,3217,-16235
alpha 0.001,7,218,-8,-1532,3218,-16243
alpha 0.001,7,219,-8,-1540,3219,-16251
alpha 0.001,7,220,-8,-1548,3220,-16259
alpha 0.001,7,221,-8,-1556,3221,-16267
alpha 0.001,7,222,-8,-1564,3222,-16275
alpha 0.001,7,223,-8,-1572,3223,-16283
alpha 0.001,7,224,-8,-1580,3224,-16291
alpha 0.001,7,225,-7,-1587,3225,-16298
alpha 0.001,7,226,-7,-1594,3226,-16305
alpha 0.001,7,227,-7,-1601,3227,-16312
alpha 0.001,7,228,-7,-1608,3228,-16319
alpha 0.001,7,229,-7,-1615,3229,-16326
alpha 0.001,7,230,-6,-1621,3230,-16332
alpha 0.001,7,231,-6,-1627,3231,-16338
alpha 0.001,7,232,-6,-1633,3232,-16344
alpha 0.001,7,233,-6,-1639,3233,-16350
alpha 0.001,7,234,-5,-1644,3234,-16355
alpha 0.001,7,235,-5,-1649,3235,-16360
alpha 0.001,7,236,-5,-1654,3236,-16365
alpha 0.001,7,237,-5,-1659,3237,-16370
alpha 0.001,7,238,-5,-1664,3238,-16375
alpha 0.001,7,239,-5,-1669,3239,-16380
alpha 0.001,7,240,-5,-1674,3240,-16385
alpha 0.001,7,241,-5,-1679,3241,-16390
alpha 0.001,7,242,-5,-1684,3242,-16395
alpha 0.001,7,243,-5,-1689,3243,-16400
alpha 0.001,7,244,-5,-1694,3244,-16405
alpha 0.001,7,245,-5,-1699,3245,-16410
alpha 0.001,7,246,-6,-1705,3246,-16416
alpha 0.001,7,247,-6,-1711,3247,-16422
alpha 0.001,7,248,-6,-1717,3248,-16428
alpha 0.001,7,249,-6,-1723,3249,-16434
alpha 0.001,7,250,-7,-1730,3250,-16441
alpha 0.001,7,251,-7,-1737,3251,-16448
alpha 0.001,7,252,-7,-1744,3252,-16455
alpha 0.001,7,253,-7,-1751,3253,-16462
alpha 0.001,7,254,-7,-1758,3254,-16469
alpha 0.001,7,255,-7,-1765,3255,-16476
alpha 0.001,7,256,-7,-1772,3256,-16483
alpha 0.001,7,257,-7,-1779,3257,-16490
alpha 0.001,7,258,-7,-1786,3258,-16497
alpha 0.001,7,259,-8,-1794,3259,-16505
alpha 0.001,7,260,-8,-1802,3260,-16513
alpha 0.001,7,261,-10,-1812,3261,-16523
alpha 0.001,7,262,-10,-1822,3262,-16533
alpha 0.001,7,263,-10,-1832,3263,-16543
alpha 0.001,7,264,-10,-1842,3264,-16553
alpha 0.001,7,265,-10,-1852,3265,-16563
alpha 0.001,7,266,-10,-1862,3266,-16573
alpha 0.001,7,267,-10,-1872,3267,-16583
alpha 0.001,7,268,-10,-1882,3268,-16593
alpha 0.001,7,269,-10,-1892,3269,-16603
alpha 0.001,7,270,-10,-1902,3270,-16613
alpha 0.001,7,271,-10,-1912,3271,-16623
alpha 0.001,7,272,-10,-1922,3272,-16633
alpha 0.001,7,273,-10,-1932,3273,-16643
alpha 0.001,7,274,-10,-1942,3274,-16653
alpha 0.001,7,275,-10,-1952,3275,-16663
alpha 0.001,7,276,-10,-1962,3276,-16673
alpha 0.001,7,277,-10,-1972,3277,-16683
alpha 0.001,7,278,-10,-1982,3278,-16693
alpha 0.001,7,279,-10,-1992,3279,-16703
alpha 0.001,7,280,-10,-2002,3280,-16713
alpha 0.001,7,281,-10,-2012,3281,-16723
alpha 0.001,7,282,-10,-2022,3282,-16733
alpha 0.001,7,283,-10,-2032,3283,-16743
alpha 0.001,7,284,-10,-2042,3284,-16753
alpha 0.001,7,285,-10,-2052,3285,-16763
alpha 0.001,7,286,-10,-2062,3286,-16773
alpha 0.001,7,287,-10,-2072,3287,-16783
alpha 0.001,7,288,-10,-2082,3288,-16793
alpha 0.001,7,289,-10,-2092,3289,-16803
alpha 0.001,7,290,-10,-2102,3290,-16813
alpha 0.001,7,291,-10,-2112,3291,-16823
alpha 0.001,7,292,-10,-2122,3292,-16833
alpha 0.001,7,293,-10,-2132,3293,-16843
alpha 0.001,7,294,-10,-2142,3294,-16853
alpha 0.001,7,295,-10,-2152,3295,-16863
alpha 0.001,7,296,-10,-2162,3296,-16873
alpha 0.001,7,297,-10,-2172,3297,-16883
alpha 0.001,7,298,-10,-2182,3298,-16893
alpha 0.001,7,299,-10,-2192,3299,-16903
alpha 0.001,7,300,-10,-2202,3300,-16913
alpha 0.001,7,301,-10,-2212,3301,-16923
alpha 0.001,7,302,-10,-2222,3302,-16933
alpha 0.001,7,303,-8,-2230,3303,-16941
alpha 0.001,7,304,-8,-2238,3304,-16949
alpha 0.001,7,305,-8,-2246,3305,-16957
alpha 0.001,7,306,-8,-2254,3306,-16965
alpha 0.001,7,307,-7,-2261,3307,-16972
alpha 0.001,7,308,-7,-2268,3308,-16979
alpha 0.001,7,309,-7,-2275,3309,-16986
alpha 0.001,7,310,-7,-2282,3310,-16993
alpha 0.001,7,311,-7,-2289,3311,-17000
alpha 0.001,7,312,-7,-2296,3312,-17007
alpha 0.001,7,313,-7,-2303,3313,-17014
alpha 0.001,7,314,-7,-2310,3314,-17021
alpha 0.001,7,315,-7,-2317,3315,-17028
alpha 0.001,7,316,-7,-2324,3316,-17035
alpha 0.001,7,317,-7,-2331,3317,-17042
alpha 0.001,7,318,-7,-2338,3318,-17049
alpha 0.001,7,319,-6,-2344,3319,-17055
alpha 0.001,7,320,-6,-2350,3320,-17061
alpha 0.001,7,321,-7,-2357,3321,-17068
alpha 0.001,7,322,-7,-2364,3322,-17075
alpha 0.001,7,323,-6,-2370,3323,-17081
alpha 0.001,7,324,-6,-2376,3324,-17087
alpha 0.001,7,325,-6,-2382,3325,-17093
alpha 0.001,7,326,-6,-2388,3326,-17099
alpha 0.001,7,327,-6,-2394,3327,-17105
alpha 0.001,7,328,-6,-2400,3328,-17111
alpha 0.001,7,329,-6,-2406,3329,-17117
alpha 0.001,7,330,-6,-2412,3330,-17123
alpha 0.001,7,331,-6,-2418,3331,-17129
alpha 0.001,7,332,-6,-2424,3332,-17135
alpha 0.001,7,333,-5,-2429,3333,-17140
alpha 0.001,7,334,-5,-2434,3334,-17145
alpha 0.001,7,335,-3,-2437,3335,-17148
alpha 0.001,7,336,-3,-2440,3336,-17151
alpha 0.001,7,337,-3,-2443,3337,-17154
alpha 0.001,7,338,-3,-2446,3338,-17157
alpha 0.001,7,339,-2,-2448,3339,-17159
alpha 0.001,7,340,1,-2447,3340,-17158
alpha 0.001,7,341,-1,-2448,3341,-17159
alpha 0.001,7,342,-1,-2449,3342,-17160
alpha 0.001,7,343,-2,-2451,3343,-17162
alpha 0.001,7,344,-2,-2453,3344,-17164
alpha 0.001,7,345,-1,-2454,3345,-17165
alpha 0.001,7,346,-2,-2456,3346,-17167
alpha 0.001,7,347,-2,-2458,3347,-17169
alpha 0.001,7,348,-1,-2459,3348,-17170
alpha 0.001,7,349,-1,-2460,3349,-17171
alpha 0.001,7,350,-2,-2462,3350,-17173
alpha 0.001,7,351,-2,-2464,3351,-17175
alpha 0.001,7,352,-1,-2465,3352,-17176
alpha 0.001,7,353,-1,-2466,3353,-17177
alpha 0.001,7,354,1,-2465,3354,-17176
alpha 0.001,7,355,1,-2464,3355,-17175
alpha 0.001,7,356,1,-2463,3356,-17174
alpha 0.001,7,357,2,-2461,3357,-17172
alpha 0.001,7,358,2,-2459,3358,-17170
alpha 0.001,7,359,1,-2458,3359,-17169
alpha 0.001,7,360,1,-2457,3360,-17168
alpha 0.001,7,361,1,-2456,3361,-17167
alpha 0.001,7,362,-2,-2458,3362,-17169
alpha 0.001,7,363,-2,-2460,3363,-17171
alpha 0.001,7,364,-4,-2464,3364,-17175
alpha 0.001,7,365,-5,-2469,3365,-17180
alpha 0.001,7,366,-5,-2474,3366,-17185
alpha 0.001,7,367,-5,-2479,3367,-17190
alpha 0.001,7,368,-5,-2484,3368,-17195
alpha 0.001,7,369,-5,-2489,3369,-17200
alpha 0.001,7,370,-5,-2494,3370,-17205
alpha 0.001,7,371,-5,-2499,3371,-17210
alpha 0.001,7,372,-5,-2504,3372,-17215
alpha 0.001,7,373,-5,-2509,3373,-17220
alpha 0.001,7,374,-7,-2516,3374,-17227
alpha 0.001,7,375,-7,-2523,3375,-17234
alpha 0.001,7,376,-7,-2530,3376,-17241
alpha 0.001,7,377,-7,-2537,3377,-17248
alpha 0.001,7,378,-7,-2544,3378,-17255
alpha 0.001,7,379,-7,-2551,3379,-17262
alpha 0.001,7,380,-7,-2558,3380,-17269
alpha 0.001,7,381,-7,-2565,3381,-17276
alpha 0.001,7,382,-7,-2572,3382,-17283
alpha 0.001,7,383,-7,-2579,3383,-17290
alpha 0.001,7,384,-8,-2587,3384,-17298
alpha 0.001,7,385,-8,-2595,3385,-17306
alpha 0.001,7,386,-8,-2603,3386,-17314
alpha 0.001,7,387,-8,-2611,3387,-17322
alpha 0.001,7,388,-8,-2619,3388,-17330
alpha 0.001,7,389,-8,-2627,3389,-17338
alpha 0.001,7,390,-8,-2635,3390,-17346
alpha 0.001,7,391,-8,-2643,3391,-17354
alpha 0.001,7,392,-8,-2651,3392,-17362
alpha 0.001,7,393,-8,-2659,3393,-17370
alpha 0.001,7,394,-8,-2667,3394,-17378
alpha 0.001,7,395,-8,-2675,3395,-17386
alpha 0.001,7,396,-8,-2683,3396,-17394
alpha 0.001,7,397,-8,-2691,3397,-17402
alpha 0.001,7,398,-8,-2699,3398,-17410
alpha 0.001,7,399,-8,-2707,3399,-17418
alpha 0.001,7,400,-8,-2715,3400,-17426
alpha 0.001,7,401,-8,-2723,3401,-17434
alpha 0.001,7,402,-8,-2731,3402,-17442
alpha 0.001,7,403,-8,-2739,3403,-17450
alpha 0.001,7,404,-8,-2747,3404,-17458
alpha 0.001,7,405,-8,-2755,3405,-17466
alpha 0.001,7,406,-8,-2763,3406,-17474
alpha 0.001,7,407,-8,-2771,3407,-17482
alpha 0.001,7,408,-8,-2779,3408,-17490
alpha 0.001,7,409,-8,-2787,3409,-17498
alpha 0.001,7,410,-8,-2795,3410,-17506
alpha 0.001,7,411,-8,-2803,3411,-17514
alpha 0.001,7,412,-10,-2813,3412,-17524
alpha 0.001,7,413,-10,-2823,3413,-17534
alpha 0.001,7,414,-8,-2831,3414,-17542
alpha 0.001,7,415,-8,-2839,3415,-17550
alpha 0.001,7,416,-8,-2847,3416,-17558
alpha 0.001,7,417,-8,-2855,3417,-17566
alpha 0.001,7,418,-8,-2863,3418,-17574
alpha 0.001,7,419,-8,-2871,3419,-17582
alpha 0.001,7,420,-8,-2879,3420,-17590
alpha 0.001,7,421,-8,-2887,3421,-17598
alpha 0.001,7,422,-8,-2895,3422,-17606
alpha 0.001,7,423,-8,-2903,3423,-17614
alpha 0.001,7,424,-8,-2911,3424,-17622
alpha 0.001,7,425,-8,-2919,3425,-17630
alpha 0.001,7,426,-8,-2927,3426,-17638
alpha 0.001,7,427,-8,-2935,3427,-17646
alpha 0.001,7,428,-8,-2943,3428,-17654
alpha 0.001,7,429,-7,-2950,3429,-17661
alpha 0.001,7,430,-7,-2957,3430,-17668
alpha 0.001,7,431,-7,-2964,3431,-17675
alpha 0.001,7,432,-7,-2971,3432,-17682
alpha 0.001,7,433,-7,-2978,3433,-17689
alpha 0.001,7,434,-7,-2985,3434,-17696
alpha 0.001,7,435,-7,-2992,3435,-17703
alpha 0.001,7,436,-7,-2999,3436,-17710
alpha 0.001,7,437,-7,-3006,3437,-17717
alpha 0.001,7,438,-7,-3013,3438,-17724
alpha 0.001,7,439,-7,-3020,3439,-17731
alpha 0.001,7,440,-7,-3027,3440,-17738
alpha 0.001,7,441,-7,-3034,3441,-17745
alpha 0.001,7,442,-7,-3041,3442,-17752
alpha 0.001,7,443,-7,-3048,3443,-17759
alpha 0.001,7,444,-7,-3055,3444,-17766
alpha 0.001,7,445,-6,-3061,3445,-17772
alpha 0.001,7,446,-6,-3067,3446,-17778
alpha 0.001,7,447,-6,-3073,3447,-17784
alpha 0.001,7,448,-6,-3079,3448,-17790
alpha 0.001,7,449,-5,-3084,3449,-17795
alpha 0.001,7,450,-5,-3089,3450,-17800
alpha 0.001,7,451,-5,-3094,3451,-17805
alpha 0.001,7,452,-5,-3099,3452,-17810
alpha 0.001,7,453,-5,-3104,3453,-17815
alpha 0.001,7,454,-5,-3109,3454,-17820
alpha 0.001,7,455,-5,-3114,3455,-17825
alpha 0.001,7,456,-5,-3119,3456,-17830
alpha 0.001,7,457,-5,-3124,3457,-17835
alpha 0.001,7,458,-5,-3129,3458,-17840
alpha 0.001,7,459,-5,-3134,3459,-17845
alpha 0.001,7,460,-5,-3139,3460,-17850
alpha 0.001,7,461,-5,-3144,3461,-17855
alpha 0.001,7,462,-5,-3149,3462,-17860
alpha 0.001,7,463,-5,-3154,3463,-17865
alpha 0.001,7,464,-5,-3159,3464,-17870
alpha 0.001,7,465,-5,-3164,3465,-17875
alpha 0.001,7,466,-5,-3169,3466,-17880
alpha 0.001,7,467,-6,-3175,3467,-17886
alpha 0.001,7,468,-6,-3181,3468,-17892
alpha 0.001,7,469,-6,-3187,3469,-17898
alpha 0.001,7,470,-6,-3193,3470,-17904
alpha 0.001,7,471,-6,-3199,3471,-17910
alpha 0.001,7,472,-7,-3206,3472,-17917
alpha 0.001,7,473,-7,-3213,3473,-17924
alpha 0.001,7,474,-7,-3220,3474,-17931
alpha 0.001,7,475,-7,-3227,3475,-17938
alpha 0.001,7,476,-7,-3234,3476,-17945
alpha 0.001,7,477,-7,-3241,3477,-17952
alpha 0.001,7,478,-7,-3248,3478,-17959
alpha 0.001,7,479,-7,-3255,3479,-17966
alpha 0.001,7,480,-7,-3262,3480,-17973
alpha 0.001,7,481,-7,-3269,3481,-17980
alpha 0.001,7,482,-7,-3276,3482,-17987
alpha 0.001,7,483,-7,-3283,3483,-17994
alpha 0.001,7,484,-7,-3290,3484,-18001
alpha 0.001,7,485,-7,-3297,3485,-18008
alpha 0.001,7,486,-7,-3304,3486,-18015
alpha 0.001,7,487,-7,-3311,3487,-18022
alpha 0.001,7,488,-7,-3318,3488,-18029
alpha 0.001,7,489,-7,-3325,3489,-18036
alpha 0.001,7,490,-7,-3332,3490,-18043
alpha 0.001,7,491,-8,-3340,3491,-18051
alpha 0.001,7,492,-8,-3348,3492,-18059
alpha 0.001,7,493,-8,-3356,3493,-18067
alpha 0.001,7,494,-8,-3364,3494,-18075
alpha 0.001,7,495,-8,-3372,3495,-18083
alpha 0.001,7,496,-8,-3380,3496,-18091
alpha 0.001,7,497,-8,-3388,3497,-18099
alpha 0.001,7,498,-8,-3396,3498,-18107
alpha 0.001,7,499,-8,-3404,3499,-18115
alpha 0.001,7,500,-8,-3412,3500,-18123
alpha 0.1,1,1,2,2,1,2
alpha 0.1,1,2,-4,-2,2,-2
alpha 0.1,1,3,-5,-7,3,-7
alpha 0.1,1,4,-4,-11,4,-11
alpha 0.1,1,5,-2,-13,5,-13
alpha 0.1,1,6,-3,-16,6,-16
alpha 0.1,1,7,-5,-21,7,-21
alpha 0.1,1,8,-5,-26,8,-26
alpha 0.1,1,9,-5,-31,9,-31
alpha 0.1,1,10,-4,-35,10,-35
alpha 0.1,1,11,-4,-39,11,-39
alpha 0.1,1,12,-3,-42,12,-42
alpha 0.1,1,13,-4,-46,13,-46
alpha 0.1,1,14,-4,-50,14,-50
alpha 0.1,1,15,-5,-55,15,-55
alpha 0.1,1,16,-5,-60,16,-60
alpha 0.1,1,17,-5,-65,17,-65
alpha 0.1,1,18,-5,-70,18,-70
alpha 0.1,1,19,-5,-75,19,-75
alpha 0.1,1,20,-5,-80,20,-80
alpha 0.1,1,21,-5,-85,21,-85
alpha 0.1,1,22,-5,-90,22,-90
alpha 0.1,1,23,-5,-95,23,-95
alpha 0.1,1,24,-5,-100,24,-100
alpha 0.1,1,25,-6,-106,25,-106
alpha 0.1,1,26,-6,-112,26,-112
alpha 0.1,1,27,-6,-118,27,-118
alpha 0.1,1,28,-6,-124,28,-124
alpha 0.1,1,29,-8,-132,29,-132
alpha 0.1,1,30,-8,-140,30,-140
alpha 0.1,1,31,-8,-148,31,-148
alpha 0.1,1,32,-8,-156,32,-156
alpha 0.1,1,33,-8,-164,33,-164
alpha 0.1,1,34,-8,-172,34,-172
alpha 0.1,1,35,-8,-180,35,-180
alpha 0.1,1,36,-8,-188,36,-188
alpha 0.1,1,37,-8,-196,37,-196
alpha 0.1,1,38,-8,-204,38,-204
alpha 0.1,1,39,-10,-214,39,-214
alpha 0.1,1,40,-10,-224,40,-224
alpha 0.1,1,41,-10,-234,41,-234
alpha 0.1,1,42,-10,-244,42,-244
alpha 0.1,1,43,-10,-254,43,-254
alpha 0.1,1,44,-10,-264,44,-264
alpha 0.1,1,45,-10,-274,45,-274
alpha 0.1,1,46,-10,-284,46,-284
alpha 0.1,1,47,-10,-294,47,-294
alpha 0.1,1,48,-10,-304,48,-304
alpha 0.1,1,49,-10,-314,49,-314
alpha 0.1,1,50,-10,-324,50,-324
alpha 0.1,1,51,-10,-334,51,-334
alpha 0.1,1,52,-10,-344,52,-344
alpha 0.1,1,53,-10,-354,53,-354
alpha 0.1,1,54,-10,-364,54,-364
alpha 0.1,1,55,-10,-374,55,-374
alpha 0.1,1,56,-10,-384,56,-384
alpha 0.1,1,57,-10,-394,57,-394
alpha 0.1,1,58,-10,-404,58,-404
alpha 0.1,1,59,-10,-414,59,-414
alpha 0.1,1,60,-10,-424,60,-424
alpha 0.1,1,61,-10,-434,61,-434
alpha 0.1,1,62,-10,-444,62,-444
alpha 0.1,1,63,-10,-454,63,-454
alpha 0.1,1,64,-10,-464,64,-464
alpha 0.1,1,65,-10,-474,65,-474
alpha 0.1,1,66,-10,-484,66,-484
alpha 0.1,1,67,-10,-494,67,-494
alpha 0.1,1,68,-10,-504,68,-504
alpha 0.1,1,69,-10,-514,69,-514
alpha 0.1,1,70,-10,-524,70,-524
alpha 0.1,1,71,-10,-534,71,-534
alpha 0.1,1,72,-10,-544,72,-544
alpha 0.1,1,73,-10,-554,73,-554
alpha 0.1,1,74,-10,-564,74,-564
alpha 0.1,1,75,-10,-574,75,-574
alpha 0.1,1,76,-10,-584,76,-584
alpha 0.1,1,77,-10,-594,77,-594
alpha 0.1,1,78,-10,-604,78,-604
alpha 0.1,1,79,-10,-614,79,-614
alpha 0.1,1,80,-10,-624,80,-624
alpha 0.1,1,81,-10,-634,81,-634
alpha 0.1,1,82,-10,-644,82,-644
alpha 0.1,1,83,-10,-654,83,-654
alpha 0.1,1,84,-10,-664,84,-664
alpha 0.1,1,85,-10,-674,85,-674
alpha 0.1,1,86,-10,-684,86,-684
alpha 0.1,1,87,-10,-694,87,-694
alpha 0.1,1,88,-10,-704,88,-704
alpha 0.1,1,89,-10,-714,89,-714
alpha 0.1,1,90,-8,-722,90,-722
alpha 0.1,1,91,-8,-730,91,-730
alpha 0.1,1,92,-8,-738,92,-738
alpha 0.1,1,93,-8,-746,93,-746
alpha 0.1,1,94,-8,-754,94,-754
alpha 0.1,1,95,-8,-762,95,-762
alpha 0.1,1,96,-8,-770,96,-770
alpha 0.1,1,97,-8,-778,97,-778
alpha 0.1,1,98,-8,-786,98,-786
alpha 0.1,1,99,-8,-794,99,-794
alpha 0.1,1,100,-7,-801,100,-801
alpha 0.1,1,101,-7,-808,101,-808
alpha 0.1,1,102,-7,-815,102,-815
alpha 0.1,1,103,-7,-822,103,-822
alpha 0.1,1,104,-7,-829,104,-829
alpha 0.1,1,105,-7,-836,105,-836
alpha 0.1,1,106,-7,-843,106,-843
alpha 0.1,1,107,-7,-850,107,-850
alpha 0.1,1,108,-7,-857,108,-857
alpha 0.1,1,109,-7,-864,109,-864
alpha 0.1,1,110,-7,-871,110,-871
alpha 0.1,1,111,-7,-878,111,-878
alpha 0.1,1,112,-7,-885,112,-885
alpha 0.1,1,113,-7,-892,113,-892
alpha 0.1,1,114,-6,-898,114,-898
alpha 0.1,1,115,-6,-904,115,-904
alpha 0.1,1,116,-6,-910,116,-910
alpha 0.1,1,117,-5,-915,117,-915
alpha 0.1,1,118,-5,-920,118,-920
alpha 0.1,1,119,-5,-925,119,-925
alpha 0.1,1,120,-5,-930,120,-930
alpha 0.1,1,121,-5,-935,121,-935
alpha 0.1,1,122,-5,-940,122,-940
alpha 0.1,1,123,-5,-945,123,-945
alpha 0.1,1,124,-5,-950,124,-950
alpha 0.1,1,125,-5,-955,125,-955
alpha 0.1,1,126,-5,-960,126,-960
alpha 0.1,1,127,-5,-965,127,-965
alpha 0.1,1,128,-5,-970,128,-970
alpha 0.1,1,129,-5,-975,129,-975
alpha 0.1,1,130,-5,-980,130,-980
alpha 0.1,1,131,-5,-985,131,-985
alpha 0.1,1,132,-6,-991,132,-991
alpha 0.1,1,133,-6,-997,133,-997
alpha 0.1,1,134,-6,-1003,134,-1003
alpha 0.1,1,135,-7,-1010,135,-1010
alpha 0.1,1,136,-7,-1017,136,-1017
alpha 0.1,1,137,-7,-1024,137,-1024
alpha 0.1,1,138,-7,-1031,138,-1031
alpha 0.1,1,139,-7,-1038,139,-1038
alpha 0.1,1,140,-7,-1045,140,-1045
alpha 0.1,1,141,-7,-1052,141,-1052
alpha 0.1,1,142,-7,-1059,142,-1059
alpha 0.1,1,143,-7,-1066,143,-1066
alpha 0.1,1,144,-7,-1073,144,-1073
alpha 0.1,1,145,-7,-1080,145,-1080
alpha 0.1,1,146,-7,-1087,146,-1087
alpha 0.1,1,147,-8,-1095,147,-1095
alpha 0.1,1,148,-8,-1103,148,-1103
alpha 0.1,1,149,-8,-1111,149,-1111
alpha 0.1,1,150,-8,-1119,150,-1119
alpha 0.1,1,151,-8,-1127,151,-1127
alpha 0.1,1,152,-8,-1135,152,-1135
alpha 0.1,1,153,-8,-1143,153,-1143
alpha 0.1,1,154,-8,-1151,154,-1151
alpha 0.1,1,155,-8,-1159,155,-1159
alpha 0.1,1,156,-10,-1169,156,-1169
alpha 0.1,1,157,-10,-1179,157,-1179
alpha 0.1,1,158,-10,-1189,158,-1189
alpha 0.1,1,159,-10,-1199,159,-1199
alpha 0.1,1,160,-10,-1209,160,-1209
alpha 0.1,1,161,-10,-1219,161,-1219
alpha 0.1,1,162,-10,-1229,162,-1229
alpha 0.1,1,163,-10,-1239,163,-1239
alpha 0.1,1,164,-10,-1249,164,-1249
alpha 0.1,1,165,-8,-1257,165,-1257
alpha 0.1,1,166,-8,-1265,166,-1265
alpha 0.1,1,167,-8,-1273,167,-1273
alpha 0.1,1,168,-10,-1283,168,-1283
alpha 0.1,1,169,-10,-1293,169,-1293
alpha 0.1,1,170,-10,-1303,170,-1303
alpha 0.1,1,171,-10,-1313,171,-1313
alpha 0.1,1,172,-10,-1323,172,-1323
alpha 0.1,1,173,-10,-1333,173,-1333
alpha 0.1,1,174,-10,-1343,174,-1343
alpha 0.1,1,175,-10,-1353,175,-1353
alpha 0.1,1,176,-10,-1363,176,-1363
alpha 0.1,1,177,-10,-1373,177,-1373
alpha 0.1,1,178,-10,-1383,178,-1383
alpha 0.1,1,179,-10,-1393,179,-1393
alpha 0.1,1,180,-10,-1403,180,-1403
alpha 0.1,1,181,-10,-1413,181,-1413
alpha 0.1,1,182,-10,-1423,182,-1423
alpha 0.1,1,183,-10,-1433,183,-1433
alpha 0.1,1,184,-10,-1443,184,-1443
alpha 0.1,1,185,-10,-1453,185,-1453
alpha 0.1,1,186,-10,-1463,186,-1463
alpha 0.1,1,187,-10,-1473,187,-1473
alpha 0.1,1,188,-10,-1483,188,-1483
alpha 0.1,1,189,-10,-1493,189,-1493
alpha 0.1,1,190,-10,-1503,190,-1503
alpha 0.1,1,191,-10,-1513,191,-1513
alpha 0.1,1,192,-10,-1523,192,-1523
alpha 0.1,1,193,-8,-1531,193,-1531
alpha 0.1,1,194,-5,-1536,194,-1536
alpha 0.1,1,195,-4,-1540,195,-1540
alpha 0.1,1,196,-5,-1545,196,-1545
alpha 0.1,1,197,-7,-1552,197,-1552
alpha 0.1,1,198,-7,-1559,198,-1559
alpha 0.1,1,199,-7,-1566,199,-1566
alpha 0.1,1,200,-7,-1573,200,-1573
alpha 0.1,1,201,-7,-1580,201,-1580
alpha 0.1,1,202,-7,-1587,202,-1587
alpha 0.1,1,203,-7,-1594,203,-1594
alpha 0.1,1,204,-5,-1599,204,-1599
alpha 0.1,1,205,-5,-1604,205,-1604
alpha 0.1,1,206,-5,-1609,206,-1609
alpha 0.1,1,207,-5,-1614,207,-1614
alpha 0.1,1,208,-7,-1621,208,-1621
alpha 0.1,1,209,-7,-1628,209,-1628
alpha 0.1,1,210,-5,-1633,210,-1633
alpha 0.1,1,211,-5,-1638,211,-1638
alpha 0.1,1,212,-5,-1643,212,-1643
alpha 0.1,1,213,-5,-1648,213,-1648
alpha 0.1,1,214,-5,-1653,214,-1653
alpha 0.1,1,215,-5,-1658,215,-1658
alpha 0.1,1,216,-5,-1663,216,-1663
alpha 0.1,1,217,-5,-1668,217,-1668
alpha 0.1,1,218,-5,-1673,218,-1673
alpha 0.1,1,219,-4,-1677,219,-1677
alpha 0.1,1,220,-4,-1681,220,-1681
alpha 0.1,1,221,-4,-1685,221,-1685
alpha 0.1,1,222,-4,-1689,222,-1689
alpha 0.1,1,223,-4,-1693,223,-1693
alpha 0.1,1,224,-4,-1697,224,-1697
alpha 0.1,1,225,-3,-1700,225,-1700
alpha 0.1,1,226,-3,-1703,226,-1703
alpha 0.1,1,227,-3,-1706,227,-1706
alpha 0.1,1,228,-3,-1709,228,-1709
alpha 0.1,1,229,-3,-1712,229,-1712
alpha 0.1,1,230,-3,-1715,230,-1715
alpha 0.1,1,231,-3,-1718,231,-1718
alpha 0.1,1,232,-3,-1721,232,-1721
alpha 0.1,1,233,-3,-1724,233,-1724
alpha 0.1,1,234,-3,-1727,234,-1727
alpha 0.1,1,235,-5,-1732,235,-1732
alpha 0.1,1,236,-5,-1737,236,-1737
alpha 0.1,1,237,-5,-1742,237,-1742
alpha 0.1,1,238,-5,-1747,238,-1747
alpha 0.1,1,239,-3,-1750,239,-1750
alpha 0.1,1,240,-3,-1753,240,-1753
alpha 0.1,1,241,-3,-1756,241,-1756
alpha 0.1,1,242,-3,-1759,242,-1759
alpha 0.1,1,243,-5,-1764,243,-1764
alpha 0.1,1,244,-5,-1769,244,-1769
alpha 0.1,1,245,-5,-1774,245,-1774
alpha 0.1,1,246,-5,-1779,246,-1779
alpha 0.1,1,247,-5,-1784,247,-1784
alpha 0.1,1,248,-5,-1789,248,-1789
alpha 0.1,1,249,-5,-1794,249,-1794
alpha 0.1,1,250,-5,-1799,250,-1799
alpha 0.1,1,251,-5,-1804,251,-1804
alpha 0.1,1,252,-5,-1809,252,-1809
alpha 0.1,1,253,-5,-1814,253,-1814
alpha 0.1,1,254,-5,-1819,254,-1819
alpha 0.1,1,255,-5,-1824,255,-1824
alpha 0.1,1,256,-6,-1830,256,-1830
alpha 0.1,1,257,-6,-1836,257,-1836
alpha 0.1,1,258,-6,-1842,258,-1842
alpha 0.1,1,259,-6,-1848,259,-1848
alpha 0.1,1,260,-6,-1854,260,-1854
alpha 0.1,1,261,-6,-1860,261,-1860
alpha 0.1,1,262,-6,-1866,262,-1866
alpha 0.1,1,263,-6,-1872,263,-1872
alpha 0.1,1,264,-6,-1878,264,-1878
alpha 0.1,1,265,-6,-1884,265,-1884
alpha 0.1,1,266,-6,-1890,266,-1890
alpha 0.1,1,267,-6,-1896,267,-1896
alpha 0.1,1,268,-6,-1902,268,-1902
alpha 0.1,1,269,-6,-1908,269,-1908
alpha 0.1,1,270,-6,-1914,270,-1914
alpha 0.1,1,271,-7,-1921,271,-1921
alpha 0.1,1,272,-7,-1928,272,-1928
alpha 0.1,1,273,-7,-1935,273,-1935
alpha 0.1,1,274,-7,-1942,274,-1942
alpha 0.1,1,275,-7,-1949,275,-1949
alpha 0.1,1,276,-7,-1956,276,-1956
alpha 0.1,1,277,-7,-1963,277,-1963
alpha 0.1,1,278,-7,-1970,278,-1970
alpha 0.1,1,279,-7,-1977,279,-1977
alpha 0.1,1,280,-7,-1984,280,-1984
alpha 0.1,1,281,-7,-1991,281,-1991
alpha 0.1,1,282,-7,-1998,282,-1998
alpha 0.1,1,283,-7,-2005,283,-2005
alpha 0.1,1,284,-7,-2012,284,-2012
alpha 0.1,1,285,-7,-2019,285,-2019
alpha 0.1,1,286,-7,-2026,286,-2026
alpha 0.1,1,287,-7,-2033,287,-2033
alpha 0.1,1,288,-7,-2040,288,-2040
alpha 0.1,1,289,-7,-2047,289,-2047
alpha 0.1,1,290,-7,-2054,290,-2054
alpha 0.1,1,291,-7,-2061,291,-2061
alpha 0.1,1,292,-7,-2068,292,-2068
alpha 0.1,1,293,-7,-2075,293,-2075
alpha 0.1,1,294,-7,-2082,294,-2082
alpha 0.1,1,295,-7,-2089,295,-2089
alpha 0.1,1,296,-7,-2096,296,-2096
alpha 0.1,1,297,-7,-2103,297,-2103
alpha 0.1,1,298,-7,-2110,298,-2110
alpha 0.1,1,299,-7,-2117,299,-2117
alpha 0.1,1,300,-7,-2124,300,-2124
alpha 0.1,1,301,-7,-2131,301,-2131
alpha 0.1,1,302,-6,-2137,302,-2137
alpha 0.1,1,303,-7,-2144,303,-2144
alpha 0.1,1,304,-7,-2151,304,-2151
alpha 0.1,1,305,-7,-2158,305,-2158
alpha 0.1,1,306,-7,-2165,306,-2165
alpha 0.1,1,307,-7,-2172,307,-2172
alpha 0.1,1,308,-7,-2179,308,-2179
alpha 0.1,1,309,-7,-2186,309,-2186
alpha 0.1,1,310,-7,-2193,310,-2193
alpha 0.1,1,311,-7,-2200,311,-2200
alpha 0.1,1,312,-7,-2207,312,-2207
alpha 0.1,1,313,-7,-2214,313,-2214
alpha 0.1,1,314,-7,-2221,314,-2221
alpha 0.1,1,315,-7,-2228,315,-2228
alpha 0.1,1,316,-7,-2235,316,-2235
alpha 0.1,1,317,-7,-2242,317,-2242
alpha 0.1,1,318,-7,-2249,318,-2249
alpha 0.1,1,319,-7,-2256,319,-2256
alpha 0.1,1,320,-7,-2263,320,-2263
alpha 0.1,1,321,-7,-2270,321,-2270
alpha 0.1,1,322,-7,-2277,322,-2277
alpha 0.1,1,323,-7,-2284,323,-2284
alpha 0.1,1,324,-7,-2291,324,-2291
alpha 0.1,1,325,-7,-2298,325,-2298
alpha 0.1,1,326,-7,-2305,326,-2305
alpha 0.1,1,327,-7,-2312,327,-2312
alpha 0.1,1,328,-7,-2319,328,-2319
alpha 0.1,1,329,-7,-2326,329,-2326
alpha 0.1,1,330,-7,-2333,330,-2333
alpha 0.1,1,331,-7,-2340,331,-2340
alpha 0.1,1,332,-7,-2347,332,-2347
alpha 0.1,1,333,-7,-2354,333,-2354
alpha 0.1,1,334,-7,-2361,334,-2361
alpha 0.1,1,335,-7,-2368,335,-2368
alpha 0.1,1,336,-7,-2375,336,-2375
alpha 0.1,1,337,-7,-2382,337,-2382
alpha 0.1,1,338,-7,-2389,338,-2389
alpha 0.1,1,339,-7,-2396,339,-2396
alpha 0.1,1,340,-7,-2403,340,-2403
alpha 0.1,1,341,-7,-2410,341,-2410
alpha 0.1,1,342,-7,-2417,342,-2417
alpha 0.1,1,343,-7,-2424,343,-2424
alpha 0.1,1,344,-7,-2431,344,-2431
alpha 0.1,1,345,-7,-2438,345,-2438
alpha 0.1,1,346,-7,-2445,346,-2445
alpha 0.1,1,347,-6,-2451,347,-2451
alpha 0.1,1,348,-6,-2457,348,-2457
alpha 0.1,1,349,-6,-2463,349,-2463
alpha 0.1,1,350,-6,-2469,350,-2469
alpha 0.1,1,351,-6,-2475,351,-2475
alpha 0.1,1,352,-6,-2481,352,-2481
alpha 0.1,1,353,-6,-2487,353,-2487
alpha 0.1,1,354,-6,-2493,354,-2493
alpha 0.1,1,355,-5,-2498,355,-2498
alpha 0.1,1,356,-5,-2503,356,-2503
alpha 0.1,1,357,-5,-2508,357,-2508
alpha 0.1,1,358,-5,-2513,358,-2513
alpha 0.1,1,359,-5,-2518,359,-2518
alpha 0.1,1,360,-5,-2523,360,-2523
alpha 0.1,1,361,-5,-2528,361,-2528
alpha 0.1,1,362,-5,-2533,362,-2533
alpha 0.1,1,363,-5,-2538,363,-2538
alpha 0.1,1,364,-5,-2543,364,-2543
alpha 0.1,1,365,-5,-2548,365,-2548
alpha 0.1,1,366,-5,-2553,366,-2553
alpha 0.1,1,367,-5,-2558,367,-2558
alpha 0.1,1,368,-5,-2563,368,-2563
alpha 0.1,1,369,-5,-2568,369,-2568
alpha 0.1,1,370,-5,-2573,370,-2573
alpha 0.1,1,371,-5,-2578,371,-2578
alpha 0.1,1,372,-5,-2583,372,-2583
alpha 0.1,1,373,-5,-2588,373,-2588
alpha 0.1,1,374,-5,-2593,374,-2593
alpha 0.1,1,375,-5,-2598,375,-2598
alpha 0.1,1,376,-5,-2603,376,-2603
alpha 0.1,1,377,-5,-2608,377,-2608
alpha 0.1,1,378,-5,-2613,378,-2613
alpha 0.1,1,379,-5,-2618,379,-2618
alpha 0.1,1,380,-5,-2623,380,-2623
alpha 0.1,1,381,-5,-2628,381,-2628
alpha 0.1,1,382,-5,-2633,382,-2633
alpha 0.1,1,383,-5,-2638,383,-2638
alpha 0.1,1,384,-5,-2643,384,-2643
alpha 0.1,1,385,-5,-2648,385,-2648
alpha 0.1,1,386,-5,-2653,386,-2653
alpha 0.1,1,387,-5,-2658,387,-2658
alpha 0.1,1,388,-5,-2663,388,-2663
alpha 0.1,1,389,-5,-2668,389,-2668
alpha 0.1,1,390,-5,-2673,390,-2673
alpha 0.1,1,391,-6,-2679,391,-2679
alpha 0.1,1,392,-6,-2685,392,-2685
alpha 0.1,1,393,-6,-2691,393,-2691
alpha 0.1,1,394,-6,-2697,394,-2697
alpha 0.1,1,395,-6,-2703,395,-2703
alpha 0.1,1,396,-6,-2709,396,-2709
alpha 0.1,1,397,-6,-2715,397,-2715
alpha 0.1,1,398,-6,-2721,398,-2721
alpha 0.1,1,399,-7,-2728,399,-2728
alpha 0.1,1,400,-7,-2735,400,-2735
alpha 0.1,1,401,-7,-2742,401,-2742
alpha 0.1,1,402,-7,-2749,402,-2749
alpha 0.1,1,403,-7,-2756,403,-2756
alpha 0.1,1,404,-7,-2763,404,-2763
alpha 0.1,1,405,-7,-2770,405,-2770
alpha 0.1,1,406,-7,-2777,406,-2777
alpha 0.1,1,407,-7,-2784,407,-2784
alpha 0.1,1,408,-7,-2791,408,-2791
alpha 0.1,1,409,-7,-2798,409,-2798
alpha 0.1,1,410,-7,-2805,410,-2805
alpha 0.1,1,411,-7,-2812,411,-2812
alpha 0.1,1,412,-7,-2819,412,-2819
alpha 0.1,1,413,-7,-2826,413,-2826
alpha 0.1,1,414,-7,-2833,414,-2833
alpha 0.1,1,415,-7,-2840,415,-2840
alpha 0.1,1,416,-7,-2847,416,-2847
alpha 0.1,1,417,-7,-2854,417,-2854
alpha 0.1,1,418,-7,-2861,418,-2861
alpha 0.1,1,419,-7,-2868,419,-2868
alpha 0.1,1,420,-7,-2875,420,-2875
alpha 0.1,1,421,-7,-2882,421,-2882
alpha 0.1,1,422,-7,-2889,422,-2889
alpha 0.1,1,423,-7,-2896,423,-2896
alpha 0.1,1,424,-7,-2903,424,-2903
alpha 0.1,1,425,-7,-2910,425,-2910
alpha 0.1,1,426,-7,-2917,426,-2917
alpha 0.1,1,427,-7,-2924,427,-2924
alpha 0.1,1,428,-7,-2931,428,-2931
alpha 0.1,1,429,-7,-2938,429,-2938
alpha 0.1,1,430,-7,-2945,430,-2945
alpha 0.1,1,431,-8,-2953,431,-2953
alpha 0.1,1,432,-8,-2961,432,-2961
alpha 0.1,1,433,-8,-2969,433,-2969
alpha 0.1,1,434,-7,-2976,434,-2976
alpha 0.1,1,435,-7,-2983,435,-2983
alpha 0.1,1,436,-7,-2990,436,-2990
alpha 0.1,1,437,-7,-2997,437,-2997
alpha 0.1,1,438,-7,-3004,438,-3004
alpha 0.1,1,439,-8,-3012,439,-3012
alpha 0.1,1,440,-8,-3020,440,-3020
alpha 0.1,1,441,-8,-3028,441,-3028
alpha 0.1,1,442,-8,-3036,442,-3036
alpha 0.1,1,443,-7,-3043,443,-3043
alpha 0.1,1,444,-7,-3050,444,-3050
alpha 0.1,1,445,-7,-3057,445,-3057
alpha 0.1,1,446,-7,-3064,446,-3064
alpha 0.1,1,447,-7,-3071,447,-3071
alpha 0.1,1,448,-7,-3078,448,-3078
alpha 0.1,1,449,-7,-3085,449,-3085
alpha 0.1,1,450,-7,-3092,450,-3092
alpha 0.1,1,451,-7,-3099,451,-3099
alpha 0.1,1,452,-7,-3106,452,-3106
alpha 0.1,1,453,-7,-3113,453,-3113
alpha 0.1,1,454,-7,-3120,454,-3120
alpha 0.1,1,455,-7,-3127,455,-3127
alpha 0.1,1,456,-7,-3134,456,-3134
alpha 0.1,1,457,-7,-3141,457,-3141
alpha 0.1,1,458,-7,-3148,458,-3148
alpha 0.1,1,459,-7,-3155,459,-3155
alpha 0.1,1,460,-7,-3162,460,-3162
alpha 0.1,1,461,-7,-3169,461,-3169
alpha 0.1,1,462,-7,-3176,462,-3176
alpha 0.1,1,463,-7,-3183,463,-3183
alpha 0.1,1,464,-7,-3190,464,-3190
alpha 0.1,1,465,-7,-3197,465,-3197
alpha 0.1,1,466,-7,-3204,466,-3204
alpha 0.1,1,467,-7,-3211,467,-3211
alpha 0.1,1,468,-7,-3218,468,-3218
alpha 0.1,1,469,-7,-3225,469,-3225
alpha 0.1,1,470,-7,-3232,470,-3232
alpha 0.1,1,471,-7,-3239,471,-3239
alpha 0.1,1,472,-7,-3246,472,-3246
alpha 0.1,1,473,-7,-3253,473,-3253
alpha 0.1,1,474,-7,-3260,474,-3260
alpha 0.1,1,475,-7,-3267,475,-3267
alpha 0.1,1,476,-7,-3274,476,-3274
alpha 0.1,1,477,-7,-3281,477,-3281
alpha 0.1,1,478,-7,-3288,478,-3288
alpha 0.1,1,479,-7,-3295,479,-3295
alpha 0.1,1,480,-7,-3302,480,-3302
alpha 0.1,1,481,-7,-3309,481,-3309
alpha 0.1,1,482,-6,-3315,482,-3315
alpha 0.1,1,483,-6,-3321,483,-3321
alpha 0.1,1,484,-6,-3327,484,-3327
alpha 0.1,1,485,-6,-3333,485,-3333
alpha 0.1,1,486,-6,-3339,486,-3339
alpha 0.1,1,487,-4,-3343,487,-3343
alpha 0.1,1,488,-4,-3347,488,-3347
alpha 0.1,1,489,-4,-3351,489,-3351
alpha 0.1,1,490,-4,-3355,490,-3355
alpha 0.1,1,491,-2,-3357,491,-3357
alpha 0.1,1,492,-2,-3359,492,-3359
alpha 0.1,1,493,-2,-3361,493,-3361
alpha 0.1,1,494,-4,-3365,494,-3365
alpha 0.1,1,495,-4,-3369,495,-3369
alpha 0.1,1,496,-2,-3371,496,-3371
alpha 0.1,1,497,-2,-3373,497,-3373
alpha 0.1,1,498,1,-3372,498,-3372
alpha 0.1,1,499,-2,-3374,499,-3374
alpha 0.1,1,500,-4,-3378,500,-3378
alpha 0.1,1,1,2,2,1,2
alpha 0.1,1,2,-4,-2,2,-2
alpha 0.1,1,3,-5,-7,3,-7
alpha 0.1,1,4,-4,-11,4,-11
alpha 0.1,1,5,-2,-13,5,-13
alpha 0.1,1,6,-3,-16,6,-16
alpha 0.1,1,7,-5,-21,7,-21
alpha 0.1,1,8,-5,-26,8,-26
alpha 0.1,1,9,-5,-31,9,-31
alpha 0.1,1,10,-4,-35,10,-35
alpha 0.1,1,11,-4,-39,11,-39
alpha 0.1,1,12,-3,-42,12,-42
alpha 0.1,1,13,-4,-46,13,-46
alpha 0.1,1,14,-4,-50,14,-50
alpha 0.1,1,15,-5,-55,15,-55
alpha 0.1,1,16,-5,-60,16,-60
alpha 0.1,1,17,-5,-65,17,-65
alpha 0.1,1,18,-5,-70,18,-70
alpha 0.1,1,19,-5,-75,19,-75
alpha 0.1,1,20,-5,-80,20,-80
alpha 0.1,1,21,-5,-85,21,-85
alpha 0.1,1,22,-5,-90,22,-90
alpha 0.1,1,23,-5,-95,23,-95
alpha 0.1,1,24,-5,-100,24,-100
alpha 0.1,1,25,-6,-106,25,-106
alpha 0.1,1,26,-6,-112,26,-112
alpha 0.1,1,27,-6,-118,27,-118
alpha 0.1,1,28,-6,-124,28,-124
alpha 0.1,1,29,-8,-132,29,-132
alpha 0.1,1,30,-8,-140,30,-140
alpha 0.1,1,31,-8,-148,31,-148
alpha 0.1,1,32,-8,-156,32,-156
alpha 0.1,1,33,-8,-164,33,-164
alpha 0.1,1,34,-8,-172,34,-172
alpha 0.1,1,35,-8,-180,35,-180
alpha 0.1,1,36,-8,-188,36,-188
alpha 0.1,1,37,-8,-196,37,-196
alpha 0.1,1,38,-8,-204,38,-204
alpha 0.1,1,39,-10,-214,39,-214
alpha 0.1,1,40,-10,-224,40,-224
alpha 0.1,1,41,-10,-234,41,-234
alpha 0.1,1,42,-10,-244,42,-244
alpha 0.1,1,43,-10,-254,43,-254
alpha 0.1,1,44,-10,-264,44,-264
alpha 0.1,1,45,-10,-274,45,-274
alpha 0.1,1,46,-10,-284,46,-284
alpha 0.1,1,47,-10,-294,47,-294
alpha 0.1,1,48,-10,-304,48,-304
alpha 0.1,1,49,-10,-314,49,-314
alpha 0.1,1,50,-10,-324,50,-324
alpha 0.1,1,51,-10,-334,51,-334
alpha 0.1,1,52,-10,-344,52,-344
alpha 0.1,1,53,-10,-354,53,-354
alpha 0.1,1,54,-10,-364,54,-364
alpha 0.1,1,55,-10,-374,55,-374
alpha 0.1,1,56,-10,-384,56,-384
alpha 0.1,1,57,-10,-394,57,-394
alpha 0.1,1,58,-10,-404,58,-404
alpha 0.1,1,59,-10,-414,59,-414
alpha 0.1,1,60,-10,-424,60,-424
alpha 0.1,1,61,-10,-434,61,-434
alpha 0.1,1,62,-10,-444,62,-444
alpha 0.1,1,63,-10,-454,63,-454
alpha 0.1,1,64,-10,-464,64,-464
alpha 0.1,1,65,-10,-474,65,-474
alpha 0.1,1,66,-10,-484,66,-484
alpha 0.1,1,67,-10,-494,67,-494
alpha 0.1,1,68,-10,-504,68,-504
alpha 0.1,1,69,-10,-514,69,-514
alpha 0.1,1,70,-10,-524,70,-524
alpha 0.1,1,71,-10,-534,71,-534
alpha 0.1,1,72,-10,-544,72,-544
alpha 0.1,1,73,-10,-554,73,-554
alpha 0.1,1,74,-10,-564,74,-564
alpha 0.1,1,75,-10,-574,75,-574
alpha 0.1,1,76,-10,-584,76,-584
alpha 0.1,1,77,-10,-594,77,-594
alpha 0.1,1,78,-10,-604,78,-604
alpha 0.1,1,79,-10,-614,79,-614
alpha 0.1,1,80,-10,-624,80,-624
alpha 0.1,1,81,-10,-634,81,-634
alpha 0.1,1,82,-10,-644,82,-644
alpha 0.1,1,83,-10,-654,83,-654
alpha 0.1,1,84,-10,-664,84,-664
alpha 0.1,1,85,-10,-674,85,-674
alpha 0.1,1,86,-10,-684,86,-684
alpha 0.1,1,87,-10,-694,87,-694
alpha 0.1,1,88,-10,-704,88,-704
alpha 0.1,1,89,-10,-714,89,-714
alpha 0.1,1,90,-8,-722,90,-722
alpha 0.1,1,91,-8,-730,91,-730
alpha 0.1,1,92,-8,-738,92,-738
alpha 0.1,1,93,-8,-746,93,-746
alpha 0.1,1,94,-8,-754,94,-754
alpha 0.1,1,95,-8,-762,95,-762
alpha 0.1,1,96,-8,-770,96,-770
alpha 0.1,1,97,-8,-778,97,-778
alpha 0.1,1,98,-8,-786,98,-786
alpha 0.1,1,99,-8,-794,99,-794
alpha 0.1,1,100,-7,-801,100,-801
alpha 0.1,1,101,-7,-808,101,-808
alpha 0.1,1,102,-7,-815,102,-815
alpha 0.1,1,103,-7,-822,103,-822
alpha 0.1,1,104,-7,-829,104,-829
alpha 0.1,1,105,-7,-836,105,-836
alpha 0.1,1,106,-7,-843,106,-843
alpha 0.1,1,107,-7,-850,107,-850
alpha 0.1,1,108,-7,-857,108,-857
alpha 0.1,1,109,-7,-864,109,-864
alpha 0.1,1,110,-7,-871,110,-871
alpha 0.1,1,111,-7,-878,111,-878
alpha 0.1,1,112,-7,-885,112,-885
alpha 0.1,1,113,-7,-892,113,-892
alpha 0.1,1,114,-6,-898,114,-898
alpha 0.1,1,115,-6,-904,115,-904
alpha 0.1,1,116,-6,-910,116,-910
alpha 0.1,1,117,-5,-915,117,-915
alpha 0.1,1,118,-5,-920,118,-920
alpha 0.1,1,119,-5,-925,119,-925
alpha 0.1,1,120,-5,-930,120,-930
alpha 0.1,1,121,-5,-935,121,-935
alpha 0.1,1,122,-5,-940,122,-940
alpha 0.1,1,123,-5,-945,123,-945
alpha 0.1,1,124,-5,-950,124,-950
alpha 0.1,1,125,-5,-955,125,-955
alpha 0.1,1,126,-5,-960,126,-960
alpha 0.1,1,127,-5,-965,127,-965
alpha 0.1,1,128,-5,-970,128,-970
alpha 0.1,1,129,-5,-975,129,-975
alpha 0.1,1,130,-5,-980,130,-980
alpha 0.1,1,131,-5,-985,131,-985
alpha 0.1,1,132,-6,-991,132,-991
alpha 0.1,1,133,-6,-997,133,-997
alpha 0.1,1,134,-6,-1003,134,-1003
alpha 0.1,1,135,-7,-1010,135,-1010
alpha 0.1,1,136,-7,-1017,136,-1017
alpha 0.1,1,137,-7,-1024,137,-1024
alpha 0.1,1,138,-7,-1031,138,-1031
alpha 0.1,1,139,-7,-1038,139,-1038
alpha 0.1,1,140,-7,-1045,140,-1045
alpha 0.1,1,141,-7,-1052,141,-1052
alpha 0.1,1,142,-7,-1059,142,-1059
alpha 0.1,1,143,-7,-1066,143,-1066
alpha 0.1,1,144,-7,-1073,144,-1073
alpha 0.1,1,145,-7,-1080,145,-1080
alpha 0.1,1,146,-7,-1087,146,-1087
alpha 0.1,1,147,-8,-1095,147,-1095
alpha 0.1,1,148,-8,-1103,148,-1103
alpha 0.1,1,149,-8,-1111,149,-1111
alpha 0.1,1,150,-8,-1119,150,-1119
alpha 0.1,1,151,-8,-1127,151,-1127
alpha 0.1,1,152,-8,-1135,152,-1135
alpha 0.1,1,153,-8,-1143,153,-1143
alpha 0.1,1,154,-8,-1151,154,-1151
alpha 0.1,1,155,-8,-1159,155,-1159
alpha 0.1,1,156,-10,-1169,156,-1169
alpha 0.1,1,157,-10,-1179,157,-1179
alpha 0.1,1,158,-10,-1189,158,-1189
alpha 0.1,1,159,-10,-1199,159,-1199
alpha 0.1,1,160,-10,-1209,160,-1209
alpha 0.1,1,161,-10,-1219,161,-1219
alpha 0.1,1,162,-10,-1229,162,-1229
alpha 0.1,1,163,-10,-1239,163,-1239
alpha 0.1,1,164,-10,-1249,164,-1249
alpha 0.1,1,165,-8,-1257,165,-1257
alpha 0.1,1,166,-8,-1265,166,-1265
alpha 0.1,1,167,-8,-1273,167,-1273
alpha 0.1,1,168,-10,-1283,168,-1283
alpha 0.1,1,169,-10,-1293,169,-1293
alpha 0.1,1,170,-10,-1303,170,-1303
alpha 0.1,1,171,-10,-1313,171,-1313
alpha 0.1,1,172,-10,-1323,172,-1323
alpha 0.1,1,173,-10,-1333,173,-1333
alpha 0.1,1,174,-10,-1343,174,-1343
alpha 0.1,1,175,-10,-1353,175,-1353
alpha 0.1,1,176,-10,-1363,176,-1363
alpha 0.1,1,177,-10,-1373,177,-1373
alpha 0.1,1,178,-10,-1383,178,-1383
alpha 0.1,1,179,-10,-1393,179,-1393
alpha 0.1,1,180,-10,-1403,180,-1403
alpha 0.1,1,181,-10,-1413,181,-1413
alpha 0.1,1,182,-10,-1423,182,-1423
alpha 0.1,1,183,-10,-1433,183,-1433
alpha 0.1,1,184,-10,-1443,184,-1443
alpha 0.1,1,185,-10,-1453,185,-1453
alpha 0.1,1,186,-10,-1463,186,-1463
alpha 0.1,1,187,-10,-1473,187,-1473
alpha 0.1,1,188,-10,-1483,188,-1483
alpha 0.1,1,189,-10,-1493,189,-1493
alpha 0.1,1,190,-10,-1503,190,-1503
alpha 0.1,1,191,-10,-1513,191,-1513
alpha 0.1,1,192,-10,-1523,192,-1523
alpha 0.1,1,193,-8,-1531,193,-1531
alpha 0.1,1,194,-5,-1536,194,-1536
alpha 0.1,1,195,-4,-1540,195,-1540
alpha 0.1,1,196,-5,-1545,196,-1545
alpha 0.1,1,197,-7,-1552,197,-1552
alpha 0.1,1,198,-7,-1559,198,-1559
alpha 0.1,1,199,-7,-1566,199,-1566
alpha 0.1,1,200,-7,-1573,200,-1573
alpha 0.1,1,201,-7,-1580,201,-1580
alpha 0.1,1,202,-7,-1587,202,-1587
alpha 0.1,1,203,-7,-1594,203,-1594
alpha 0.1,1,204,-5,-1599,204,-1599
alpha 0.1,1,205,-5,-1604,205,-1604
alpha 0.1,1,206,-5,-1609,206,-1609
alpha 0.1,1,207,-5,-1614,207,-1614
alpha 0.1,1,208,-7,-1621,208,-1621
alpha 0.1,1,209,-7,-1628,209,-1628
alpha 0.1,1,210,-5,-1633,210,-1633
alpha 0.1,1,211,-5,-1638,211,-1638
alpha 0.1,1,212,-5,-1643,212,-1643
alpha 0.1,1,213,-5,-1648,213,-1648
alpha 0.1,1,214,-5,-1653,214,-1653
alpha 0.1,1,215,-5,-1658,215,-1658
alpha 0.1,1,216,-5,-1663,216,-1663
alpha 0.1,1,217,-5,-1668,217,-1668
alpha 0.1,1,218,-5,-1673,218,-1673
alpha 0.1,1,219,-4,-1677,219,-1677
alpha 0.1,1,220,-4,-1681,220,-1681
alpha 0.1,1,221,-4,-1685,221,-1685
alpha 0.1,1,222,-4,-1689,222,-1689
alpha 0.1,1,223,-4,-1693,223,-1693
alpha 0.1,1,224,-4,-1697,224,-1697
alpha 0.1,1,225,-3,-1700,225,-1700
alpha 0.1,1,226,-3,-1703,226,-1703
alpha 0.1,1,227,-3,-1706,227,-1706
alpha 0.1,1,228,-3,-1709,228,-1709
alpha 0.1,1,229,-3,-1712,229,-1712
alpha 0.1,1,230,-3,-1715,230,-1715
alpha 0.1,1,231,-3,-1718,231,-1718
alpha 0.1,1,232,-3,-1721,232,-1721
alpha 0.1,1,233,-3,-1724,233,-1724
alpha 0.1,1,234,-3,-1727,234,-1727
alpha 0.1,1,235,-5,-1732,235,-1732
alpha 0.1,1,236,-5,-1737,236,-1737
alpha 0.1,1,237,-5,-1742,237,-1742
alpha 0.1,1,238,-5,-1747,238,-1747
alpha 0.1,1,239,-3,-1750,239,-1750
alpha 0.1,1,240,-3,-1753,240,-1753
alpha 0.1,1,241,-3,-1756,241,-1756
alpha 0.1,1,242,-3,-1759,242,-1759
alpha 0.1,1,243,-5,-1764,243,-1764
alpha 0.1,1,244,-5,-1769,244,-1769
alpha 0.1,1,245,-5,-1774,245,-1774
alpha 0.1,1,246,-5,-1779,246,-1779
alpha 0.1,1,247,-5,-1784,247,-1784
alpha 0.1,1,248,-5,-1789,248,-1789
alpha 0.1,1,249,-5,-1794,249,-1794
alpha 0.1,1,250,-5,-1799,250,-1799
alpha 0.1,1,251,-5,-1804,251,-1804
alpha 0.1,1,252,-5,-1809,252,-1809
alpha 0.1,1,253,-5,-1814,253,-1814
alpha 0.1,1,254,-5,-1819,254,-1819
alpha 0.1,1,255,-5,-1824,255,-1824
alpha 0.1,1,256,-6,-1830,256,-1830
alpha 0.1,1,257,-6,-1836,257,-1836
alpha 0.1,1,258,-6,-1842,258,-1842
alpha 0.1,1,259,-6,-1848,259,-1848
alpha 0.1,1,260,-6,-1854,260,-1854
alpha 0.1,1,261,-6,-1860,261,-1860
alpha 0.1,1,262,-6,-1866,262,-1866
alpha 0.1,1,263,-6,-1872,263,-1872
alpha 0.1,1,264,-6,-1878,264,-1878
alpha 0.1,1,265,-6,-1884,265,-1884
alpha 0.1,1,266,-6,-1890,266,-1890
alpha 0.1,1,267,-6,-1896,267,-1896
alpha 0.1,1,268,-6,-1902,268,-1902
alpha 0.1,1,269,-6,-1908,269,-1908
alpha 0.1,1,270,-6,-1914,270,-1914
alpha 0.1,1,271,-7,-1921,271,-1921
alpha 0.1,1,272,-7,-1928,272,-1928
alpha 0.1,1,273,-7,-1935,273,-1935
alpha 0.1,1,274,-7,-1942,274,-1942
alpha 0.1,1,275,-7,-1949,275,-1949
alpha 0.1,1,276,-7,-1956,276,-1956
alpha 0.1,1,277,-7,-1963,277,-1963
alpha 0.1,1,278,-7,-1970,278,-1970
alpha 0.1,1,279,-7,-1977,279,-1977
alpha 0.1,1,280,-7,-1984,280,-1984
alpha 0.1,1,281,-7,-1991,281,-1991
alpha 0.1,1,282,-7,-1998,282,-1998
alpha 0.1,1,283,-7,-2005,283,-2005
alpha 0.1,1,284,-7,-2012,284,-2012
alpha 0.1,1,285,-7,-2019,285,-2019
alpha 0.1,1,286,-7,-2026,286,-2026
alpha 0.1,1,287,-7,-2033,287,-2033
alpha 0.1,1,288,-7,-2040,288,-2040
alpha 0.1,1,289,-7,-2047,289,-2047
alpha 0.1,1,290,-7,-2054,290,-2054
alpha 0.1,1,291,-7,-2061,291,-2061
alpha 0.1,1,292,-7,-2068,292,-2068
alpha 0.1,1,293,-7,-2075,293,-2075
alpha 0.1,1,294,-7,-2082,294,-2082
alpha 0.1,1,295,-7,-2089,295,-2089
alpha 0.1,1,296,-7,-2096,296,-2096
alpha 0.1,1,297,-7,-2103,297,-2103
alpha 0.1,1,298,-7,-2110,298,-2110
alpha 0.1,1,299,-7,-2117,299,-2117
alpha 0.1,1,300,-7,-2124,300,-2124
alpha 0.1,1,301,-7,-2131,301,-2131
alpha 0.1,1,302,-6,-2137,302,-2137
alpha 0.1,1,303,-7,-2144,303,-2144
alpha 0.1,1,304,-7,-2151,304,-2151
alpha 0.1,1,305,-7,-2158,305,-2158
alpha 0.1,1,306,-7,-2165,306,-2165
alpha 0.1,1,307,-7,-2172,307,-2172
alpha 0.1,1,308,-7,-2179,308,-2179
alpha 0.1,1,309,-7,-2186,309,-2186
alpha 0.1,1,310,-7,-2193,310,-2193
alpha 0.1,1,311,-7,-2200,311,-2200
alpha 0.1,1,312,-7,-2207,312,-2207
alpha 0.1,1,313,-7,-2214,313,-2214
alpha 0.1,1,314,-7,-2221,314,-2221
alpha 0.1,1,315,-7,-2228,315,-2228
alpha 0.1,1,316,-7,-2235,316,-2235
alpha 0.1,1,317,-7,-2242,317,-2242
alpha 0.1,1,318,-7,-2249,318,-2249
alpha 0.1,1,319,-7,-2256,319,-2256
alpha 0.1,1,320,-7,-2263,320,-2263
alpha 0.1,1,321,-7,-2270,321,-2270
alpha 0.1,1,322,-7,-2277,322,-2277
alpha 0.1,1,323,-7,-2284,323,-2284
alpha 0.1,1,324,-7,-2291,324,-2291
alpha 0.1,1,325,-7,-2298,325,-2298
alpha 0.1,1,326,-7,-2305,326,-2305
alpha 0.1,1,327,-7,-2312,327,-2312
alpha 0.1,1,328,-7,-2319,328,-2319
alpha 0.1,1,329,-7,-2326,329,-2326
alpha 0.1,1,330,-7,-2333,330,-2333
alpha 0.1,1,331,-7,-2340,331,-2340
alpha 0.1,1,332,-7,-2347,332,-2347
alpha 0.1,1,333,-7,-2354,333,-2354
alpha 0.1,1,334,-7,-2361,334,-2361
alpha 0.1,1,335,-7,-2368,335,-2368
alpha 0.1,1,336,-7,-2375,336,-2375
alpha 0.1,1,337,-7,-2382,337,-2382
alpha 0.1,1,338,-7,-2389,338,-2389
alpha 0.1,1,339,-7,-2396,339,-2396
alpha 0.1,1,340,-7,-2403,340,-2403
alpha 0.1,1,341,-7,-2410,341,-2410
alpha 0.1,1,342,-7,-2417,342,-2417
alpha 0.1,1,343,-7,-2424,343,-2424
alpha 0.1,1,344,-7,-2431,344,-2431
alpha 0.1,1,345,-7,-2438,345,-2438
alpha 0.1,1,346,-7,-2445,346,-2445
alpha 0.1,1,347,-6,-2451,347,-2451
alpha 0.1,1,348,-6,-2457,348,-2457
alpha 0.1,1,349,-6,-2463,349,-2463
alpha 0.1,1,350,-6,-2469,350,-2469
alpha 0.1,1,351,-6,-2475,351,-2475
alpha 0.1,1,352,-6,-2481,352,-2481
alpha 0.1,1,353,-6,-2487,353,-2487
alpha 0.1,1,354,-6,-2493,354,-2493
alpha 0.1,1,355,-5,-2498,355,-2498
alpha 0.1,1,356,-5,-2503,356,-2503
alpha 0.1,1,357,-5,-2508,357,-2508
alpha 0.1,1,358,-5,-2513,358,-2513
alpha 0.1,1,359,-5,-2518,359,-2518
alpha 0.1,1,360,-5,-2523,360,-2523
alpha 0.1,1,361,-5,-2528,361,-2528
alpha 0.1,1,362,-5,-2533,362,-2533
alpha 0.1,1,363,-5,-2538,363,-2538
alpha 0.1,1,364,-5,-2543,364,-2543
alpha 0.1,1,365,-5,-2548,365,-2548
alpha 0.1,1,366,-5,-2553,366,-2553
alpha 0.1,1,367,-5,-2558,367,-2558
alpha 0.1,1,368,-5,-2563,368,-2563
alpha 0.1,1,369,-5,-2568,369,-2568
alpha 0.1,1,370,-5,-2573,370,-2573
alpha 0.1,1,371,-5,-2578,371,-2578
alpha 0.1,1,372,-5,-2583,372,-2583
alpha 0.1,1,373,-5,-2588,373,-2588
alpha 0.1,1,374,-5,-2593,374,-2593
alpha 0.1,1,375,-5,-2598,375,-2598
alpha 0.1,1,376,-5,-2603,376,-2603
alpha 0.1,1,377,-5,-2608,377,-2608
alpha 0.1,1,378,-5,-2613,378,-2613
alpha 0.1,1,379,-5,-2618,379,-2618
alpha 0.1,1,380,-5,-2623,380,-2623
alpha 0.1,1,381,-5,-2628,381,-2628
alpha 0.1,1,382,-5,-2633,382,-2633
alpha 0.1,1,383,-5,-2638,383,-2638
alpha 0.1,1,384,-5,-2643,384,-2643
alpha 0.1,1,385,-5,-2648,385,-2648
alpha 0.1,1,386,-5,-2653,386,-2653
alpha 0.1,1,387,-5,-2658,387,-2658
alpha 0.1,1,388,-5,-2663,388,-2663
alpha 0.1,1,389,-5,-2668,389,-2668
alpha 0.1,1,390,-5,-2673,390,-2673
alpha 0.1,1,391,-6,-2679,391,-2679
alpha 0.1,1,392,-6,-2685,392,-2685
alpha 0.1,1,393,-6,-2691,393,-2691
alpha 0.1,1,394,-6,-2697,394,-2697
alpha 0.1,1,395,-6,-2703,395,-2703
alpha 0.1,1,396,-6,-2709,396,-2709
alpha 0.1,1,397,-6,-2715,397,-2715
alpha 0.1,1,398,-6,-2721,398,-2721
alpha 0.1,1,399,-7,-2728,399,-2728
alpha 0.1,1,400,-7,-2735,400,-2735
alpha 0.1,1,401,-7,-2742,401,-2742
alpha 0.1,1,402,-7,-2749,402,-2749
alpha 0.1,1,403,-7,-2756,403,-2756
alpha 0.1,1,404,-7,-2763,404,-2763
alpha 0.1,1,405,-7,-2770,405,-2770
alpha 0.1,1,406,-7,-2777,406,-2777
alpha 0.1,1,407,-7,-2784,407,-2784
alpha 0.1,1,408,-7,-2791,408,-2791
alpha 0.1,1,409,-7,-2798,409,-2798
alpha 0.1,1,410,-7,-2805,410,-2805
alpha 0.1,1,411,-7,-2812,411,-2812
alpha 0.1,1,412,-7,-2819,412,-2819
alpha 0.1,1,413,-7,-2826,413,-2826
alpha 0.1,1,414,-7,-2833,414,-2833
alpha 0.1,1,415,-7,-2840,415,-2840
alpha 0.1,1,416,-7,-2847,416,-2847
alpha 0.1,1,417,-7,-2854,417,-2854
alpha 0.1,1,418,-7,-2861,418,-2861
alpha 0.1,1,419,-7,-2868,419,-2868
alpha 0.1,1,420,-7,-2875,420,-2875
alpha 0.1,1,421,-7,-2882,421,-2882
alpha 0.1,1,422,-7,-2889,422,-2889
alpha 0.1,1,423,-7,-2896,423,-2896
alpha 0.1,1,424,-7,-2903,424,-2903
alpha 0.1,1,425,-7,-2910,425,-2910
alpha 0.1,1,426,-7,-2917,426,-2917
alpha 0.1,1,427,-7,-2924,427,-2924
alpha 0.1,1,428,-7,-2931,428,-2931
alpha 0.1,1,429,-7,-2938,429,-2938
alpha 0.1,1,430,-7,-2945,430,-2945
alpha 0.1,1,431,-8,-2953,431,-2953
alpha 0.1,1,432,-8,-2961,432,-2961
alpha 0.1,1,433,-8,-2969,433,-2969
alpha 0.1,1,434,-7,-2976,434,-2976
alpha 0.1,1,435,-7,-2983,435,-2983
alpha 0.1,1,436,-7,-2990,436,-2990
alpha 0.1,1,437,-7,-2997,437,-2997
alpha 0.1,1,438,-7,-3004,438,-3004
alpha 0.1,1,439,-8,-3012,439,-3012
alpha 0.1,1,440,-8,-3020,440,-3020
alpha 0.1,1,441,-8,-3028,441,-3028
alpha 0.1,1,442,-8,-3036,442,-3036
alpha 0.1,1,443,-7,-3043,443,-3043
alpha 0.1,1,444,-7,-3050,444,-3050
alpha 0.1,1,445,-7,-3057,445,-3057
alpha 0.1,1,446,-7,-3064,446,-3064
alpha 0.1,1,447,-7,-3071,447,-3071
alpha 0.1,1,448,-7,-3078,448,-3078
alpha 0.1,1,449,-7,-3085,449,-3085
alpha 0.1,1,450,-7,-3092,450,-3092
alpha 0.1,1,451,-7,-3099,451,-3099
alpha 0.1,1,452,-7,-3106,452,-3106
alpha 0.1,1,453,-7,-3113,453,-3113
alpha 0.1,1,454,-7,-3120,454,-3120
alpha 0.1,1,455,-7,-3127,455,-3127
alpha 0.1,1,456,-7,-3134,456,-3134
alpha 0.1,1,457,-7,-3141,457,-3141
alpha 0.1,1,458,-7,-3148,458,-3148
alpha 0.1,1,459,-7,-3155,459,-3155
alpha 0.1,1,460,-7,-3162,460,-3162
alpha 0.1,1,461,-7,-3169,461,-3169
alpha 0.1,1,462,-7,-3176,462,-3176
alpha 0.1,1,463,-7,-3183,463,-3183
alpha 0.1,1,464,-7,-3190,464,-3190
alpha 0.1,1,465,-7,-3197,465,-3197
alpha 0.1,1,466,-7,-3204,466,-3204
alpha 0.1,1,467,-7,-3211,467,-3211
alpha 0.1,1,468,-7,-3218,468,-3218
alpha 0.1,1,469,-7,-3225,469,-3225
alpha 0.1,1,470,-7,-3232,470,-3232
alpha 0.1,1,471,-7,-3239,471,-3239
alpha 0.1,1,472,-7,-3246,472,-3246
alpha 0.1,1,473,-7,-3253,473,-3253
alpha 0.1,1,474,-7,-3260,474,-3260
alpha 0.1,1,475,-7,-3267,475,-3267
alpha 0.1,1,476,-7,-3274,476,-3274
alpha 0.1,1,477,-7,-3281,477,-3281
alpha 0.1,1,478,-7,-3288,478,-3288
alpha 0.1,1,479,-7,-3295,479,-3295
alpha 0.1,1,480,-7,-3302,480,-3302
alpha 0.1,1,481,-7,-3309,481,-3309
alpha 0.1,1,482,-6,-3315,482,-3315
alpha 0.1,1,483,-6,-3321,483,-3321
alpha 0.1,1,484,-6,-3327,484,-3327
alpha 0.1,1,485,-6,-3333,485,-3333
alpha 0.1,1,486,-6,-3339,486,-3339
alpha 0.1,1,487,-4,-3343,487,-3343
alpha 0.1,1,488,-4,-3347,488,-3347
alpha 0.1,1,489,-4,-3351,489,-3351
alpha 0.1,1,490,-4,-3355,490,-3355
alpha 0.1,1,491,-2,-3357,491,-3357
alpha 0.1,1,492,-2,-3359,492,-3359
alpha 0.1,1,493,-2,-3361,493,-3361
alpha 0.1,1,494,-4,-3365,494,-3365
alpha 0.1,1,495,-4,-3369,495,-3369
alpha 0.1,1,496,-2,-3371,496,-3371
alpha 0.1,1,497,-2,-3373,497,-3373
alpha 0.1,1,498,1,-3372,498,-3372
alpha 0.1,1,499,-2,-3374,499,-3374
alpha 0.1,1,500,-4,-3378,500,-3378
alpha 0.1,2,1,4,4,501,-3374
alpha 0.1,2,2,-2,2,502,-3376
alpha 0.1,2,3,-5,-3,503,-3381
alpha 0.1,2,4,-8,-11,504,-3389
alpha 0.1,2,5,-8,-19,505,-3397
alpha 0.1,2,6,-3,-22,506,-3400
alpha 0.1,2,7,-4,-26,507,-3404
alpha 0.1,2,8,-5,-31,508,-3409
alpha 0.1,2,9,-5,-36,509,-3414
alpha 0.1,2,10,-5,-41,510,-3419
alpha 0.1,2,11,-5,-46,511,-3424
alpha 0.1,2,12,-5,-51,512,-3429
alpha 0.1,2,13,-6,-57,513,-3435
alpha 0.1,2,14,-6,-63,514,-3441
alpha 0.1,2,15,-5,-68,515,-3446
alpha 0.1,2,16,-5,-73,516,-3451
alpha 0.1,2,17,-5,-78,517,-3456
alpha 0.1,2,18,-5,-83,518,-3461
alpha 0.1,2,19,-5,-88,519,-3466
alpha 0.1,2,20,-5,-93,520,-3471
alpha 0.1,2,21,-5,-98,521,-3476
alpha 0.1,2,22,-5,-103,522,-3481
alpha 0.1,2,23,-5,-108,523,-3486
alpha 0.1,2,24,-5,-113,524,-3491
alpha 0.1,2,25,-5,-118,525,-3496
alpha 0.1,2,26,-6,-124,526,-3502
alpha 0.1,2,27,-6,-130,527,-3508
alpha 0.1,2,28,-6,-136,528,-3514
alpha 0.1,2,29,-7,-143,529,-3521
alpha 0.1,2,30,-7,-150,530,-3528
alpha 0.1,2,31,-7,-157,531,-3535
alpha 0.1,2,32,-7,-164,532,-3542
alpha 0.1,2,33,-7,-171,533,-3549
alpha 0.1,2,34,-7,-178,534,-3556
alpha 0.1,2,35,-7,-185,535,-3563
alpha 0.1,2,36,-7,-192,536,-3570
alpha 0.1,2,37,-7,-199,537,-3577
alpha 0.1,2,38,-7,-206,538,-3584
alpha 0.1,2,39,-8,-214,539,-3592
alpha 0.1,2,40,-8,-222,540,-3600
alpha 0.1,2,41,-8,-230,541,-3608
alpha 0.1,2,42,-8,-238,542,-3616
alpha 0.1,2,43,-10,-248,543,-3626
alpha 0.1,2,44,-10,-258,544,-3636
alpha 0.1,2,45,-10,-268,545,-3646
alpha 0.1,2,46,-10,-278,546,-3656
alpha 0.1,2,47,-10,-288,547,-3666
alpha 0.1,2,48,-10,-298,548,-3676
alpha 0.1,2,49,-10,-308,549,-3686
alpha 0.1,2,50,-10,-318,550,-3696
alpha 0.1,2,51,-10,-328,551,-3706
alpha 0.1,2,52,-10,-338,552,-3716
alpha 0.1,2,53,-10,-348,553,-3726
alpha 0.1,2,54,-10,-358,554,-3736
alpha 0.1,2,55,-10,-368,555,-3746
alpha 0.1,2,56,-10,-378,556,-3756
alpha 0.1,2,57,-10,-388,557,-3766
alpha 0.1,2,58,-10,-398,558,-3776
alpha 0.1,2,59,-10,-408,559,-3786
alpha 0.1,2,60,-10,-418,560,-3796
alpha 0.1,2,61,-10,-428,561,-3806
alpha 0.1,2,62,-10,-438,562,-3816
alpha 0.1,2,63,-10,-448,563,-3826
alpha 0.1,2,64,-10,-458,564,-3836
alpha 0.1,2,65,-10,-468,565,-3846
alpha 0.1,2,66,-10,-478,566,-3856
alpha 0.1,2,67,-10,-488,567,-3866
alpha 0.1,2,68,-8,-496,568,-3874
alpha 0.1,2,69,-7,-503,569,-3881
alpha 0.1,2,70,-7,-510,570,-3888
alpha 0.1,2,71,-7,-517,571,-3895
alpha 0.1,2,72,-7,-524,572,-3902
alpha 0.1,2,73,-6,-530,573,-3908
alpha 0.1,2,74,-5,-535,574,-3913
alpha 0.1,2,75,-5,-540,575,-3918
alpha 0.1,2,76,-5,-545,576,-3923
alpha 0.1,2,77,-5,-550,577,-3928
alpha 0.1,2,78,-5,-555,578,-3933
alpha 0.1,2,79,-5,-560,579,-3938
alpha 0.1,2,80,-5,-565,580,-3943
alpha 0.1,2,81,-5,-570,581,-3948
alpha 0.1,2,82,-5,-575,582,-3953
alpha 0.1,2,83,-5,-580,583,-3958
alpha 0.1,2,84,-5,-585,584,-3963
alpha 0.1,2,85,-5,-590,585,-3968
alpha 0.1,2,86,-5,-595,586,-3973
alpha 0.1,2,87,-5,-600,587,-3978
alpha 0.1,2,88,-3,-603,588,-3981
alpha 0.1,2,89,-3,-606,589,-3984
alpha 0.1,2,90,-2,-608,590,-3986
alpha 0.1,2,91,-2,-610,591,-3988
alpha 0.1,2,92,-3,-613,592,-3991
alpha 0.1,2,93,-4,-617,593,-3995
alpha 0.1,2,94,-3,-620,594,-3998
alpha 0.1,2,95,-2,-622,595,-4000
alpha 0.1,2,96,-2,-624,596,-4002
alpha 0.1,2,97,-2,-626,597,-4004
alpha 0.1,2,98,-1,-627,598,-4005
alpha 0.1,2,99,-1,-628,599,-4006
alpha 0.1,2,100,1,-627,600,-4005
alpha 0.1,2,101,1,-626,601,-4004
alpha 0.1,2,102,1,-625,602,-4003
alpha 0.1,2,103,1,-624,603,-4002
alpha 0.1,2,104,1,-623,604,-4001
alpha 0.1,2,105,-1,-624,605,-4002
alpha 0.1,2,106,-2,-626,606,-4004
alpha 0.1,2,107,-3,-629,607,-4007
alpha 0.1,2,108,-5,-634,608,-4012
alpha 0.1,2,109,-5,-639,609,-4017
alpha 0.1,2,110,-5,-644,610,-4022
alpha 0.1,2,111,-5,-649,611,-4027
alpha 0.1,2,112,-5,-654,612,-4032
alpha 0.1,2,113,-5,-659,613,-4037
alpha 0.1,2,114,-5,-664,614,-4042
alpha 0.1,2,115,-5,-669,615,-4047
alpha 0.1,2,116,-5,-674,616,-4052
alpha 0.1,2,117,-5,-679,617,-4057
alpha 0.1,2,118,-5,-684,618,-4062
alpha 0.1,2,119,-6,-690,619,-4068
alpha 0.1,2,120,-6,-696,620,-4074
alpha 0.1,2,121,-6,-702,621,-4080
alpha 0.1,2,122,-6,-708,622,-4086
alpha 0.1,2,123,-6,-714,623,-4092
alpha 0.1,2,124,-7,-721,624,-4099
alpha 0.1,2,125,-7,-728,625,-4106
alpha 0.1,2,126,-7,-735,626,-4113
alpha 0.1,2,127,-7,-742,627,-4120
alpha 0.1,2,128,-7,-749,628,-4127
alpha 0.1,2,129,-7,-756,629,-4134
alpha 0.1,2,130,-6,-762,630,-4140
alpha 0.1,2,131,-6,-768,631,-4146
alpha 0.1,2,132,-6,-774,632,-4152
alpha 0.1,2,133,-6,-780,633,-4158
alpha 0.1,2,134,-6,-786,634,-4164
alpha 0.1,2,135,-6,-792,635,-4170
alpha 0.1,2,136,-6,-798,636,-4176
alpha 0.1,2,137,-6,-804,637,-4182
alpha 0.1,2,138,-6,-810,638,-4188
alpha 0.1,2,139,-7,-817,639,-4195
alpha 0.1,2,140,-7,-824,640,-4202
alpha 0.1,2,141,-7,-831,641,-4209
alpha 0.1,2,142,-7,-838,642,-4216
alpha 0.1,2,143,-7,-845,643,-4223
alpha 0.1,2,144,-7,-852,644,-4230
alpha 0.1,2,145,-7,-859,645,-4237
alpha 0.1,2,146,-8,-867,646,-4245
alpha 0.1,2,147,-8,-875,647,-4253
alpha 0.1,2,148,-8,-883,648,-4261
alpha 0.1,2,149,-8,-891,649,-4269
alpha 0.1,2,150,-8,-899,650,-4277
alpha 0.1,2,151,-8,-907,651,-4285
alpha 0.1,2,152,-8,-915,652,-4293
alpha 0.1,2,153,-8,-923,653,-4301
alpha 0.1,2,154,-8,-931,654,-4309
alpha 0.1,2,155,-8,-939,655,-4317
alpha 0.1,2,156,-8,-947,656,-4325
alpha 0.1,2,157,-8,-955,657,-4333
alpha 0.1,2,158,-8,-963,658,-4341
alpha 0.1,2,159,-8,-971,659,-4349
alpha 0.1,2,160,-8,-979,660,-4357
alpha 0.1,2,161,-8,-987,661,-4365
alpha 0.1,2,162,-8,-995,662,-4373
alpha 0.1,2,163,-7,-1002,663,-4380
alpha 0.1,2,164,-7,-1009,664,-4387
alpha 0.1,2,165,-7,-1016,665,-4394
alpha 0.1,2,166,-8,-1024,666,-4402
alpha 0.1,2,167,-8,-1032,667,-4410
alpha 0.1,2,168,-7,-1039,668,-4417
alpha 0.1,2,169,-7,-1046,669,-4424
alpha 0.1,2,170,-7,-1053,670,-4431
alpha 0.1,2,171,-5,-1058,671,-4436
alpha 0.1,2,172,-5,-1063,672,-4441
alpha 0.1,2,173,-4,-1067,673,-4445
alpha 0.1,2,174,-5,-1072,674,-4450
alpha 0.1,2,175,-5,-1077,675,-4455
alpha 0.1,2,176,-4,-1081,676,-4459
alpha 0.1,2,177,-4,-1085,677,-4463
alpha 0.1,2,178,-4,-1089,678,-4467
alpha 0.1,2,179,-3,-1092,679,-4470
alpha 0.1,2,180,-1,-1093,680,-4471
alpha 0.1,2,181,2,-1091,681,-4469
alpha 0.1,2,182,1,-1090,682,-4468
alpha 0.1,2,183,-3,-1093,683,-4471
alpha 0.1,2,184,-5,-1098,684,-4476
alpha 0.1,2,185,-5,-1103,685,-4481
alpha 0.1,2,186,-5,-1108,686,-4486
alpha 0.1,2,187,-5,-1113,687,-4491
alpha 0.1,2,188,-5,-1118,688,-4496
alpha 0.1,2,189,-5,-1123,689,-4501
alpha 0.1,2,190,-5,-1128,690,-4506
alpha 0.1,2,191,-6,-1134,691,-4512
alpha 0.1,2,192,-6,-1140,692,-4518
alpha 0.1,2,193,-7,-1147,693,-4525
alpha 0.1,2,194,-7,-1154,694,-4532
alpha 0.1,2,195,-7,-1161,695,-4539
alpha 0.1,2,196,-7,-1168,696,-4546
alpha 0.1,2,197,-4,-1172,697,-4550
alpha 0.1,2,198,-3,-1175,698,-4553
alpha 0.1,2,199,-2,-1177,699,-4555
alpha 0.1,2,200,1,-1176,700,-4554
alpha 0.1,2,201,1,-1175,701,-4553
alpha 0.1,2,202,-2,-1177,702,-4555
alpha 0.1,2,203,-5,-1182,703,-4560
alpha 0.1,2,204,-5,-1187,704,-4565
alpha 0.1,2,205,-5,-1192,705,-4570
alpha 0.1,2,206,-5,-1197,706,-4575
alpha 0.1,2,207,-5,-1202,707,-4580
alpha 0.1,2,208,-5,-1207,708,-4585
alpha 0.1,2,209,-6,-1213,709,-4591
alpha 0.1,2,210,-6,-1219,710,-4597
alpha 0.1,2,211,-6,-1225,711,-4603
alpha 0.1,2,212,-6,-1231,712,-4609
alpha 0.1,2,213,-6,-1237,713,-4615
alpha 0.1,2,214,-6,-1243,714,-4621
alpha 0.1,2,215,-4,-1247,715,-4625
alpha 0.1,2,216,-3,-1250,716,-4628
alpha 0.1,2,217,1,-1249,717,-4627
alpha 0.1,2,218,1,-1248,718,-4626
alpha 0.1,2,219,-2,-1250,719,-4628
alpha 0.1,2,220,-5,-1255,720,-4633
alpha 0.1,2,221,-5,-1260,721,-4638
alpha 0.1,2,222,-5,-1265,722,-4643
alpha 0.1,2,223,-5,-1270,723,-4648
alpha 0.1,2,224,-5,-1275,724,-4653
alpha 0.1,2,225,-6,-1281,725,-4659
alpha 0.1,2,226,-6,-1287,726,-4665
alpha 0.1,2,227,-7,-1294,727,-4672
alpha 0.1,2,228,-7,-1301,728,-4679
alpha 0.1,2,229,-7,-1308,729,-4686
alpha 0.1,2,230,-7,-1315,730,-4693
alpha 0.1,2,231,-7,-1322,731,-4700
alpha 0.1,2,232,-7,-1329,732,-4707
alpha 0.1,2,233,-7,-1336,733,-4714
alpha 0.1,2,234,-7,-1343,734,-4721
alpha 0.1,2,235,-4,-1347,735,-4725
alpha 0.1,2,236,-2,-1349,736,-4727
alpha 0.1,2,237,-2,-1351,737,-4729
alpha 0.1,2,238,-6,-1357,738,-4735
alpha 0.1,2,239,-5,-1362,739,-4740
alpha 0.1,2,240,-5,-1367,740,-4745
alpha 0.1,2,241,-5,-1372,741,-4750
alpha 0.1,2,242,-5,-1377,742,-4755
alpha 0.1,2,243,-5,-1382,743,-4760
alpha 0.1,2,244,-5,-1387,744,-4765
alpha 0.1,2,245,-5,-1392,745,-4770
alpha 0.1,2,246,-6,-1398,746,-4776
alpha 0.1,2,247,-7,-1405,747,-4783
alpha 0.1,2,248,-7,-1412,748,-4790
alpha 0.1,2,249,-7,-1419,749,-4797
alpha 0.1,2,250,-7,-1426,750,-4804
alpha 0.1,2,251,-6,-1432,751,-4810
alpha 0.1,2,252,-5,-1437,752,-4815
alpha 0.1,2,253,-3,-1440,753,-4818
alpha 0.1,2,254,-3,-1443,754,-4821
alpha 0.1,2,255,-5,-1448,755,-4826
alpha 0.1,2,256,-5,-1453,756,-4831
alpha 0.1,2,257,-5,-1458,757,-4836
alpha 0.1,2,258,-6,-1464,758,-4842
alpha 0.1,2,259,-6,-1470,759,-4848
alpha 0.1,2,260,-7,-1477,760,-4855
alpha 0.1,2,261,-7,-1484,761,-4862
alpha 0.1,2,262,-7,-1491,762,-4869
alpha 0.1,2,263,-7,-1498,763,-4876
alpha 0.1,2,264,-7,-1505,764,-4883
alpha 0.1,2,265,-7,-1512,765,-4890
alpha 0.1,2,266,-7,-1519,766,-4897
alpha 0.1,2,267,-7,-1526,767,-4904
alpha 0.1,2,268,-5,-1531,768,-4909
alpha 0.1,2,269,-4,-1535,769,-4913
alpha 0.1,2,270,-3,-1538,770,-4916
alpha 0.1,2,271,-2,-1540,771,-4918
alpha 0.1,2,272,1,-1539,772,-4917
alpha 0.1,2,273,-2,-1541,773,-4919
alpha 0.1,2,274,1,-1540,774,-4918
alpha 0.1,2,275,-4,-1544,775,-4922
alpha 0.1,2,276,-10,-1554,776,-4932
alpha 0.1,2,277,-8,-1562,777,-4940
alpha 0.1,2,278,-7,-1569,778,-4947
alpha 0.1,2,279,-7,-1576,779,-4954
alpha 0.1,2,280,-7,-1583,780,-4961
alpha 0.1,2,281,-7,-1590,781,-4968
alpha 0.1,2,282,-7,-1597,782,-4975
alpha 0.1,2,283,-7,-1604,783,-4982
alpha 0.1,2,284,-7,-1611,784,-4989
alpha 0.1,2,285,-7,-1618,785,-4996
alpha 0.1,2,286,-6,-1624,786,-5002
alpha 0.1,2,287,-6,-1630,787,-5008
alpha 0.1,2,288,-5,-1635,788,-5013
alpha 0.1,2,289,-5,-1640,789,-5018
alpha 0.1,2,290,-5,-1645,790,-5023
alpha 0.1,2,291,-5,-1650,791,-5028
alpha 0.1,2,292,-5,-1655,792,-5033
alpha 0.1,2,293,-5,-1660,793,-5038
alpha 0.1,2,294,-5,-1665,794,-5043
alpha 0.1,2,295,-5,-1670,795,-5048
alpha 0.1,2,296,-5,-1675,796,-5053
alpha 0.1,2,297,-5,-1680,797,-5058
alpha 0.1,2,298,-5,-1685,798,-5063
alpha 0.1,2,299,-5,-1690,799,-5068
alpha 0.1,2,300,-5,-1695,800,-5073
alpha 0.1,2,301,-5,-1700,801,-5078
alpha 0.1,2,302,-5,-1705,802,-5083
alpha 0.1,2,303,-5,-1710,803,-5088
alpha 0.1,2,304,-3,-1713,804,-5091
alpha 0.1,2,305,-2,-1715,805,-5093
alpha 0.1,2,306,-2,-1717,806,-5095
alpha 0.1,2,307,1,-1716,807,-5094
alpha 0.1,2,308,-3,-1719,808,-5097
alpha 0.1,2,309,-7,-1726,809,-5104
alpha 0.1,2,310,-7,-1733,810,-5111
alpha 0.1,2,311,-8,-1741,811,-5119
alpha 0.1,2,312,-10,-1751,812,-5129
alpha 0.1,2,313,-10,-1761,813,-5139
alpha 0.1,2,314,-10,-1771,814,-5149
alpha 0.1,2,315,-10,-1781,815,-5159
alpha 0.1,2,316,-10,-1791,816,-5169
alpha 0.1,2,317,-10,-1801,817,-5179
alpha 0.1,2,318,-10,-1811,818,-5189
alpha 0.1,2,319,-10,-1821,819,-5199
alpha 0.1,2,320,-10,-1831,820,-5209
alpha 0.1,2,321,-10,-1841,821,-5219
alpha 0.1,2,322,-10,-1851,822,-5229
alpha 0.1,2,323,-10,-1861,823,-5239
alpha 0.1,2,324,-10,-1871,824,-5249
alpha 0.1,2,325,-10,-1881,825,-5259
alpha 0.1,2,326,-10,-1891,826,-5269
alpha 0.1,2,327,-10,-1901,827,-5279
alpha 0.1,2,328,-10,-1911,828,-5289
alpha 0.1,2,329,-10,-1921,829,-5299
alpha 0.1,2,330,-8,-1929,830,-5307
alpha 0.1,2,331,-8,-1937,831,-5315
alpha 0.1,2,332,-8,-1945,832,-5323
alpha 0.1,2,333,-8,-1953,833,-5331
alpha 0.1,2,334,-8,-1961,834,-5339
alpha 0.1,2,335,-8,-1969,835,-5347
alpha 0.1,2,336,-8,-1977,836,-5355
alpha 0.1,2,337,-8,-1985,837,-5363
alpha 0.1,2,338,-7,-1992,838,-5370
alpha 0.1,2,339,-7,-1999,839,-5377
alpha 0.1,2,340,-7,-2006,840,-5384
alpha 0.1,2,341,-7,-2013,841,-5391
alpha 0.1,2,342,-7,-2020,842,-5398
alpha 0.1,2,343,-7,-2027,843,-5405
alpha 0.1,2,344,-7,-2034,844,-5412
alpha 0.1,2,345,-7,-2041,845,-5419
alpha 0.1,2,346,-7,-2048,846,-5426
alpha 0.1,2,347,-6,-2054,847,-5432
alpha 0.1,2,348,-6,-2060,848,-5438
alpha 0.1,2,349,-6,-2066,849,-5444
alpha 0.1,2,350,-6,-2072,850,-5450
alpha 0.1,2,351,-5,-2077,851,-5455
alpha 0.1,2,352,-5,-2082,852,-5460
alpha 0.1,2,353,-5,-2087,853,-5465
alpha 0.1,2,354,-5,-2092,854,-5470
alpha 0.1,2,355,-5,-2097,855,-5475
alpha 0.1,2,356,-5,-2102,856,-5480
alpha 0.1,2,357,-5,-2107,857,-5485
alpha 0.1,2,358,-5,-2112,858,-5490
alpha 0.1,2,359,-6,-2118,859,-5496
alpha 0.1,2,360,-6,-2124,860,-5502
alpha 0.1,2,361,-7,-2131,861,-5509
alpha 0.1,2,362,-7,-2138,862,-5516
alpha 0.1,2,363,-7,-2145,863,-5523
alpha 0.1,2,364,-7,-2152,864,-5530
alpha 0.1,2,365,-7,-2159,865,-5537
alpha 0.1,2,366,-7,-2166,866,-5544
alpha 0.1,2,367,-7,-2173,867,-5551
alpha 0.1,2,368,-7,-2180,868,-5558
alpha 0.1,2,369,-7,-2187,869,-5565
alpha 0.1,2,370,-8,-2195,870,-5573
alpha 0.1,2,371,-10,-2205,871,-5583
alpha 0.1,2,372,-10,-2215,872,-5593
alpha 0.1,2,373,-10,-2225,873,-5603
alpha 0.1,2,374,-10,-2235,874,-5613
alpha 0.1,2,375,-10,-2245,875,-5623
alpha 0.1,2,376,-10,-2255,876,-5633
alpha 0.1,2,377,-10,-2265,877,-5643
alpha 0.1,2,378,-10,-2275,878,-5653
alpha 0.1,2,379,-10,-2285,879,-5663
alpha 0.1,2,380,-10,-2295,880,-5673
alpha 0.1,2,381,-10,-2305,881,-5683
alpha 0.1,2,382,-10,-2315,882,-5693
alpha 0.1,2,383,-10,-2325,883,-5703
alpha 0.1,2,384,-10,-2335,884,-5713
alpha 0.1,2,385,-10,-2345,885,-5723
alpha 0.1,2,386,-10,-2355,886,-5733
alpha 0.1,2,387,-10,-2365,887,-5743
alpha 0.1,2,388,-10,-2375,888,-5753
alpha 0.1,2,389,-10,-2385,889,-5763
alpha 0.1,2,390,-10,-2395,890,-5773
alpha 0.1,2,391,-10,-2405,891,-5783
alpha 0.1,2,392,-10,-2415,892,-5793
alpha 0.1,2,393,-10,-2425,893,-5803
alpha 0.1,2,394,-10,-2435,894,-5813
alpha 0.1,2,395,-10,-2445,895,-5823
alpha 0.1,2,396,-10,-2455,896,-5833
alpha 0.1,2,397,-10,-2465,897,-5843
alpha 0.1,2,398,-10,-2475,898,-5853
alpha 0.1,2,399,-10,-2485,899,-5863
alpha 0.1,2,400,-10,-2495,900,-5873
alpha 0.1,2,401,-10,-2505,901,-5883
alpha 0.1,2,402,-10,-2515,902,-5893
alpha 0.1,2,403,-7,-2522,903,-5900
alpha 0.1,2,404,-6,-2528,904,-5906
alpha 0.1,2,405,-2,-2530,905,-5908
alpha 0.1,2,406,-3,-2533,906,-5911
alpha 0.1,2,407,-7,-2540,907,-5918
alpha 0.1,2,408,-8,-2548,908,-5926
alpha 0.1,2,409,-5,-2553,909,-5931
alpha 0.1,2,410,-7,-2560,910,-5938
alpha 0.1,2,411,-10,-2570,911,-5948
alpha 0.1,2,412,-10,-2580,912,-5958
alpha 0.1,2,413,-5,-2585,913,-5963
alpha 0.1,2,414,-8,-2593,914,-5971
alpha 0.1,2,415,-8,-2601,915,-5979
alpha 0.1,2,416,-7,-2608,916,-5986
alpha 0.1,2,417,-5,-2613,917,-5991
alpha 0.1,2,418,-5,-2618,918,-5996
alpha 0.1,2,419,-7,-2625,919,-6003
alpha 0.1,2,420,-5,-2630,920,-6008
alpha 0.1,2,421,-4,-2634,921,-6012
alpha 0.1,2,422,-5,-2639,922,-6017
alpha 0.1,2,423,-10,-2649,923,-6027
alpha 0.1,2,424,-10,-2659,924,-6037
alpha 0.1,2,425,-8,-2667,925,-6045
alpha 0.1,2,426,-5,-2672,926,-6050
alpha 0.1,2,427,-7,-2679,927,-6057
alpha 0.1,2,428,-7,-2686,928,-6064
alpha 0.1,2,429,1,-2685,929,-6063
alpha 0.1,2,430,-2,-2687,930,-6065
alpha 0.1,2,431,-7,-2694,931,-6072
alpha 0.1,2,432,-8,-2702,932,-6080
alpha 0.1,2,433,-8,-2710,933,-6088
alpha 0.1,2,434,-10,-2720,934,-6098
alpha 0.1,2,435,-10,-2730,935,-6108
alpha 0.1,2,436,-10,-2740,936,-6118
alpha 0.1,2,437,-5,-2745,937,-6123
alpha 0.1,2,438,1,-2744,938,-6122
alpha 0.1,2,439,-5,-2749,939,-6127
alpha 0.1,2,440,-8,-2757,940,-6135
alpha 0.1,2,441,-7,-2764,941,-6142
alpha 0.1,2,442,-5,-2769,942,-6147
alpha 0.1,2,443,-6,-2775,943,-6153
alpha 0.1,2,444,-6,-2781,944,-6159
alpha 0.1,2,445,4,-2777,945,-6155
alpha 0.1,2,446,2,-2775,946,-6153
alpha 0.1,2,447,2,-2773,947,-6151
alpha 0.1,2,448,2,-2771,948,-6149
alpha 0.1,2,449,2,-2769,949,-6147
alpha 0.1,2,450,2,-2767,950,-6145
alpha 0.1,2,451,2,-2765,951,-6143
alpha 0.1,2,452,2,-2763,952,-6141
alpha 0.1,2,453,2,-2761,953,-6139
alpha 0.1,2,454,2,-2759,954,-6137
alpha 0.1,2,455,2,-2757,955,-6135
alpha 0.1,2,456,2,-2755,956,-6133
alpha 0.1,2,457,2,-2753,957,-6131
alpha 0.1,2,458,2,-2751,958,-6129
alpha 0.1,2,459,2,-2749,959,-6127
alpha 0.1,2,460,2,-2747,960,-6125
alpha 0.1,2,461,2,-2745,961,-6123
alpha 0.1,2,462,2,-2743,962,-6121
alpha 0.1,2,463,2,-2741,963,-6119
alpha 0.1,2,464,2,-2739,964,-6117
alpha 0.1,2,465,2,-2737,965,-6115
alpha 0.1,2,466,2,-2735,966,-6113
alpha 0.1,2,467,2,-2733,967,-6111
alpha 0.1,2,468,2,-2731,968,-6109
alpha 0.1,2,469,2,-2729,969,-6107
alpha 0.1,2,470,2,-2727,970,-6105
alpha 0.1,2,471,2,-2725,971,-6103
alpha 0.1,2,472,2,-2723,972,-6101
alpha 0.1,2,473,2,-2721,973,-6099
alpha 0.1,2,474,2,-2719,974,-6097
alpha 0.1,2,475,2,-2717,975,-6095
alpha 0.1,2,476,2,-2715,976,-6093
alpha 0.1,2,477,2,-2713,977,-6091
alpha 0.1,2,478,2,-2711,978,-6089
alpha 0.1,2,479,2,-2709,979,-6087
alpha 0.1,2,480,2,-2707,980,-6085
alpha 0.1,2,481,2,-2705,981,-6083
alpha 0.1,2,482,2,-2703,982,-6081
alpha 0.1,2,483,2,-2701,983,-6079
alpha 0.1,2,484,2,-2699,984,-6077
alpha 0.1,2,485,2,-2697,985,-6075
alpha 0.1,2,486,2,-2695,986,-6073
alpha 0.1,2,487,2,-2693,987,-6071
alpha 0.1,2,488,2,-2691,988,-6069
alpha 0.1,2,489,2,-2689,989,-6067
alpha 0.1,2,490,2,-2687,990,-6065
alpha 0.1,2,491,2,-2685,991,-6063
alpha 0.1,2,492,2,-2683,992,-6061
alpha 0.1,2,493,2,-2681,993,-6059
alpha 0.1,2,494,2,-2679,994,-6057
alpha 0.1,2,495,2,-2677,995,-6055
alpha 0.1,2,496,2,-2675,996,-6053
alpha 0.1,2,497,2,-2673,997,-6051
alpha 0.1,2,498,2,-2671,998,-6049
alpha 0.1,2,499,2,-2669,999,-6047
alpha 0.1,2,500,2,-2667,1000,-6045
alpha 0.1,1,1,2,2,1,2
alpha 0.1,1,2,-4,-2,2,-2
alpha 0.1,1,3,-5,-7,3,-7
alpha 0.1,1,4,-4,-11,4,-11
alpha 0.1,1,5,-2,-13,5,-13
alpha 0.1,1,6,-3,-16,6,-16
alpha 0.1,1,7,-5,-21,7,-21
alpha 0.1,1,8,-5,-26,8,-26
alpha 0.1,1,9,-5,-31,9,-31
alpha 0.1,1,10,-4,-35,10,-35
alpha 0.1,1,11,-4,-39,11,-39
alpha 0.1,1,12,-3,-42,12,-42
alpha 0.1,1,13,-4,-46,13,-46
alpha 0.1,1,14,-4,-50,14,-50
alpha 0.1,1,15,-5,-55,15,-55
alpha 0.1,1,16,-5,-60,16,-60
alpha 0.1,1,17,-5,-65,17,-65
alpha 0.1,1,18,-5,-70,18,-70
alpha 0.1,1,19,-5,-75,19,-75
alpha 0.1,1,20,-5,-80,20,-80
alpha 0.1,1,21,-5,-85,21,-85
alpha 0.1,1,22,-5,-90,22,-90
alpha 0.1,1,23,-5,-95,23,-95
alpha 0.1,1,24,-5,-100,24,-100
alpha 0.1,1,25,-6,-106,25,-106
alpha 0.1,1,26,-6,-112,26,-112
alpha 0.1,1,27,-6,-118,27,-118
alpha 0.1,1,28,-6,-124,28,-124
alpha 0.1,1,29,-8,-132,29,-132
alpha 0.1,1,30,-8,-140,30,-140
alpha 0.1,1,31,-8,-148,31,-148
alpha 0.1,1,32,-8,-156,32,-156
alpha 0.1,1,33,-8,-164,33,-164
alpha 0.1,1,34,-8,-172,34,-172
alpha 0.1,1,35,-8,-180,35,-180
alpha 0.1,1,36,-8,-188,36,-188
alpha 0.1,1,37,-8,-196,37,-196
alpha 0.1,1,38,-8,-204,38,-204
alpha 0.1,1,39,-10,-214,39,-214
alpha 0.1,1,40,-10,-224,40,-224
alpha 0.1,1,41,-10,-234,41,-234
alpha 0.1,1,42,-10,-244,42,-244
alpha 0.1,1,43,-10,-254,43,-254
alpha 0.1,1,44,-10,-264,44,-264
alpha 0.1,1,45,-10,-274,45,-274
alpha 0.1,1,46,-10,-284,46,-284
alpha 0.1,1,47,-10,-294,47,-294
alpha 0.1,1,48,-10,-304,48,-304
alpha 0.1,1,49,-10,-314,49,-314
alpha 0.1,1,50,-10,-324,50,-324
alpha 0.1,1,51,-10,-334,51,-334
alpha 0.1,1,52,-10,-344,52,-344
alpha 0.1,1,53,-10,-354,53,-354
alpha 0.1,1,54,-10,-364,54,-364
alpha 0.1,1,55,-10,-374,55,-374
alpha 0.1,1,56,-10,-384,56,-384
alpha 0.1,1,57,-10,-394,57,-394
alpha 0.1,1,58,-10,-404,58,-404
alpha 0.1,1,59,-10,-414,59,-414
alpha 0.1,1,60,-10,-424,60,-424
alpha 0.1,1,61,-10,-434,61,-434
alpha 0.1,1,62,-10,-444,62,-444
alpha 0.1,1,63,-10,-454,63,-454
alpha 0.1,1,64,-10,-464,64,-464
alpha 0.1,1,65,-10,-474,65,-474
alpha 0.1,1,66,-10,-484,66,-484
alpha 0.1,1,67,-10,-494,67,-494
alpha 0.1,1,68,-10,-504,68,-504
alpha 0.1,1,69,-10,-514,69,-514
alpha 0.1,1,70,-10,-524,70,-524
alpha 0.1,1,71,-10,-534,71,-534
alpha 0.1,1,72,-10,-544,72,-544
alpha 0.1,1,73,-10,-554,73,-554
alpha 0.1,1,74,-10,-564,74,-564
alpha 0.1,1,75,-10,-574,75,-574
alpha 0.1,1,76,-10,-584,76,-584
alpha 0.1,1,77,-10,-594,77,-594
alpha 0.1,1,78,-10,-604,78,-604
alpha 0.1,1,79,-10,-614,79,-614
alpha 0.1,1,80,-10,-624,80,-624
alpha 0.1,1,81,-10,-634,81,-634
alpha 0.1,1,82,-10,-644,82,-644
alpha 0.1,1,83,-10,-654,83,-654
alpha 0.1,1,84,-10,-664,84,-664
alpha 0.1,1,85,-10,-674,85,-674
alpha 0.1,1,86,-10,-684,86,-684
alpha 0.1,1,87,-10,-694,87,-694
alpha 0.1,1,88,-10,-704,88,-704
alpha 0.1,1,89,-10,-714,89,-714
alpha 0.1,1,90,-8,-722,90,-722
alpha 0.1,1,91,-8,-730,91,-730
alpha 0.1,1,92,-8,-738,92,-738
alpha 0.1,1,93,-8,-746,93,-746
alpha 0.1,1,94,-8,-754,94,-754
alpha 0.1,1,95,-8,-762,95,-762
alpha 0.1,1,96,-8,-770,96,-770
alpha 0.1,1,97,-8,-778,97,-778
alpha 0.1,1,98,-8,-786,98,-786
alpha 0.1,1,99,-8,-794,99,-794
alpha 0.1,1,100,-7,-801,100,-801
alpha 0.1,1,101,-7,-808,101,-808
alpha 0.1,1,102,-7,-815,102,-815
alpha 0.1,1,103,-7,-822,103,-822
alpha 0.1,1,104,-7,-829,104,-829
alpha 0.1,1,105,-7,-836,105,-836
alpha 0.1,1,106,-7,-843,106,-843
alpha 0.1,1,107,-7,-850,107,-850
alpha 0.1,1,108,-7,-857,108,-857
alpha 0.1,1,109,-7,-864,109,-864
alpha 0.1,1,110,-7,-871,110,-871
alpha 0.1,1,111,-7,-878,111,-878
alpha 0.1,1,112,-7,-885,112,-885
alpha 0.1,1,113,-7,-892,113,-892
alpha 0.1,1,114,-6,-898,114,-898
alpha 0.1,1,115,-6,-904,115,-904
alpha 0.1,1,116,-6,-910,116,-910
alpha 0.1,1,117,-5,-915,117,-915
alpha 0.1,1,118,-5,-920,118,-920
alpha 0.1,1,119,-5,-925,119,-925
alpha 0.1,1,120,-5,-930,120,-930
alpha 0.1,1,121,-5,-935,121,-935
alpha 0.1,1,122,-5,-940,122,-940
alpha 0.1,1,123,-5,-945,123,-945
alpha 0.1,1,124,-5,-950,124,-950
alpha 0.1,1,125,-5,-955,125,-955
alpha 0.1,1,126,-5,-960,126,-960
alpha 0.1,1,127,-5,-965,127,-965
alpha 0.1,1,128,-5,-970,128,-970
alpha 0.1,1,129,-5,-975,129,-975
alpha 0.1,1,130,-5,-980,130,-980
alpha 0.1,1,131,-5,-985,131,-985
alpha 0.1,1,132,-6,-991,132,-991
alpha 0.1,1,133,-6,-997,133,-997
alpha 0.1,1,134,-6,-1003,134,-1003
alpha 0.1,1,135,-7,-1010,135,-1010
alpha 0.1,1,136,-7,-1017,136,-1017
alpha 0.1,1,137,-7,-1024,137,-1024
alpha 0.1,1,138,-7,-1031,138,-1031
alpha 0.1,1,139,-7,-1038,139,-1038
alpha 0.1,1,140,-7,-1045,140,-1045
alpha 0.1,1,141,-7,-1052,141,-1052
alpha 0.1,1,142,-7,-1059,142,-1059
alpha 0.1,1,143,-7,-1066,143,-1066
alpha 0.1,1,144,-7,-1073,144,-1073
alpha 0.1,1,145,-7,-1080,145,-1080
alpha 0.1,1,146,-7,-1087,146,-1087
alpha 0.1,1,147,-8,-1095,147,-1095
alpha 0.1,1,148,-8,-1103,148,-1103
alpha 0.1,1,149,-8,-1111,149,-1111
alpha 0.1,1,150,-8,-1119,150,-1119
alpha 0.1,1,151,-8,-1127,151,-1127
alpha 0.1,1,152,-8,-1135,152,-1135
alpha 0.1,1,153,-8,-1143,153,-1143
alpha 0.1,1,154,-8,-1151,154,-1151
alpha 0.1,1,155,-8,-1159,155,-1159
alpha 0.1,1,156,-10,-1169,156,-1169
alpha 0.1,1,157,-10,-1179,157,-1179
alpha 0.1,1,158,-10,-1189,158,-1189
alpha 0.1,1,159,-10,-1199,159,-1199
alpha 0.1,1,160,-10,-1209,160,-1209
alpha 0.1,1,161,-10,-1219,161,-1219
alpha 0.1,1,162,-10,-1229,162,-1229
alpha 0.1,1,163,-10,-1239,163,-1239
alpha 0.1,1,164,-10,-1249,164,-1249
alpha 0.1,1,165,-8,-1257,165,-1257
alpha 0.1,1,166,-8,-1265,166,-1265
alpha 0.1,1,167,-8,-1273,167,-1273
alpha 0.1,1,168,-10,-1283,168,-1283
alpha 0.1,1,169,-10,-1293,169,-1293
alpha 0.1,1,170,-10,-1303,170,-1303
alpha 0.1,1,171,-10,-1313,171,-1313
alpha 0.1,1,172,-10,-1323,172,-1323
alpha 0.1,1,173,-10,-1333,173,-1333
alpha 0.1,1,174,-10,-1343,174,-1343
alpha 0.1,1,175,-10,-1353,175,-1353
alpha 0.1,1,176,-10,-1363,176,-1363
alpha 0.1,1,177,-10,-1373,177,-1373
alpha 0.1,1,178,-10,-1383,178,-1383
alpha 0.1,1,179,-10,-1393,179,-1393
alpha 0.1,1,180,-10,-1403,180,-1403
alpha 0.1,1,181,-10,-1413,181,-1413
alpha 0.1,1,182,-10,-1423,182,-1423
alpha 0.1,1,183,-10,-1433,183,-1433
alpha 0.1,1,184,-10,-1443,184,-1443
alpha 0.1,1,185,-10,-1453,185,-1453
alpha 0.1,1,186,-10,-1463,186,-1463
alpha 0.1,1,187,-10,-1473,187,-1473
alpha 0.1,1,188,-10,-1483,188,-1483
alpha 0.1,1,189,-10,-1493,189,-1493
alpha 0.1,1,190,-10,-1503,190,-1503
alpha 0.1,1,191,-10,-1513,191,-1513
alpha 0.1,1,192,-10,-1523,192,-1523
alpha 0.1,1,193,-8,-1531,193,-1531
alpha 0.1,1,194,-5,-1536,194,-1536
alpha 0.1,1,195,-4,-1540,195,-1540
alpha 0.1,1,196,-5,-1545,196,-1545
alpha 0.1,1,197,-7,-1552,197,-1552
alpha 0.1,1,198,-7,-1559,198,-1559
alpha 0.1,1,199,-7,-1566,199,-1566
alpha 0.1,1,200,-7,-1573,200,-1573
alpha 0.1,1,201,-7,-1580,201,-1580
alpha 0.1,1,202,-7,-1587,202,-1587
alpha 0.1,1,203,-7,-1594,203,-1594
alpha 0.1,1,204,-5,-1599,204,-1599
alpha 0.1,1,205,-5,-1604,205,-1604
alpha 0.1,1,206,-5,-1609,206,-1609
alpha 0.1,1,207,-5,-1614,207,-1614
alpha 0.1,1,208,-7,-1621,208,-1621
alpha 0.1,1,209,-7,-1628,209,-1628
alpha 0.1,1,210,-5,-1633,210,-1633
alpha 0.1,1,211,-5,-1638,211,-1638
alpha 0.1,1,212,-5,-1643,212,-1643
alpha 0.1,1,213,-5,-1648,213,-1648
alpha 0.1,1,214,-5,-1653,214,-1653
alpha 0.1,1,215,-5,-1658,215,-1658
alpha 0.1,1,216,-5,-1663,216,-1663
alpha 0.1,1,217,-5,-1668,217,-1668
alpha 0.1,1,218,-5,-1673,218,-1673
alpha 0.1,1,219,-4,-1677,219,-1677
alpha 0.1,1,220,-4,-1681,220,-1681
alpha 0.1,1,221,-4,-1685,221,-1685
alpha 0.1,1,222,-4,-1689,222,-1689
alpha 0.1,1,223,-4,-1693,223,-1693
alpha 0.1,1,224,-4,-1697,224,-1697
alpha 0.1,1,225,-3,-1700,225,-1700
alpha 0.1,1,226,-3,-1703,226,-1703
alpha 0.1,1,227,-3,-1706,227,-1706
alpha 0.1,1,228,-3,-1709,228,-1709
alpha 0.1,1,229,-3,-1712,229,-1712
alpha 0.1,1,230,-3,-1715,230,-1715
alpha 0.1,1,231,-3,-1718,231,-1718
alpha 0.1,1,232,-3,-1721,232,-1721
alpha 0.1,1,233,-3,-1724,233,-1724
alpha 0.1,1,234,-3,-1727,234,-1727
alpha 0.1,1,235,-5,-1732,235,-1732
alpha 0.1,1,236,-5,-1737,236,-1737
alpha 0.1,1,237,-5,-1742,237,-1742
alpha 0.1,1,238,-5,-1747,238,-1747
alpha 0.1,1,239,-3,-1750,239,-1750
alpha 0.1,1,240,-3,-1753,240,-1753
alpha 0.1,1,241,-3,-1756,241,-1756
alpha 0.1,1,242,-3,-1759,242,-1759
alpha 0.1,1,243,-5,-1764,243,-1764
alpha 0.1,1,244,-5,-1769,244,-1769
alpha 0.1,1,245,-5,-1774,245,-1774
alpha 0.1,1,246,-5,-1779,246,-1779
alpha 0.1,1,247,-5,-1784,247,-1784
alpha 0.1,1,248,-5,-1789,248,-1789
alpha 0.1,1,249,-5,-1794,249,-1794
alpha 0.1,1,250,-5,-1799,250,-1799
alpha 0.1,1,251,-5,-1804,251,-1804
alpha 0.1,1,252,-5,-1809,252,-1809
alpha 0.1,1,253,-5,-1814,253,-1814
alpha 0.1,1,254,-5,-1819,254,-1819
alpha 0.1,1,255,-5,-1824,255,-1824
alpha 0.1,1,256,-6,-1830,256,-1830
alpha 0.1,1,257,-6,-1836,257,-1836
alpha 0.1,1,258,-6,-1842,258,-1842
alpha 0.1,1,259,-6,-1848,259,-1848
alpha 0.1,1,260,-6,-1854,260,-1854
alpha 0.1,1,261,-6,-1860,261,-1860
alpha 0.1,1,262,-6,-1866,262,-1866
alpha 0.1,1,263,-6,-1872,263,-1872
alpha 0.1,1,264,-6,-1878,264,-1878
alpha 0.1,1,265,-6,-1884,265,-1884
alpha 0.1,1,266,-6,-1890,266,-1890
alpha 0.1,1,267,-6,-1896,267,-1896
alpha 0.1,1,268,-6,-1902,268,-1902
alpha 0.1,1,269,-6,-1908,269,-1908
alpha 0.1,1,270,-6,-1914,270,-1914
alpha 0.1,1,271,-7,-1921,271,-1921
alpha 0.1,1,272,-7,-1928,272,-1928
alpha 0.1,1,273,-7,-1935,273,-1935
alpha 0.1,1,274,-7,-1942,274,-1942
alpha 0.1,1,275,-7,-1949,275,-1949
alpha 0.1,1,276,-7,-1956,276,-1956
alpha 0.1,1,277,-7,-1963,277,-1963
alpha 0.1,1,278,-7,-1970,278,-1970
alpha 0.1,1,279,-7,-1977,279,-1977
alpha 0.1,1,280,-7,-1984,280,-1984
alpha 0.1,1,281,-7,-1991,281,-1991
alpha 0.1,1,282,-7,-1998,282,-1998
alpha 0.1,1,283,-7,-2005,283,-2005
alpha 0.1,1,284,-7,-2012,284,-2012
alpha 0.1,1,285,-7,-2019,285,-2019
alpha 0.1,1,286,-7,-2026,286,-2026
alpha 0.1,1,287,-7,-2033,287,-2033
alpha 0.1,1,288,-7,-2040,288,-2040
alpha 0.1,1,289,-7,-2047,289,-2047
alpha 0.1,1,290,-7,-2054,290,-2054
alpha 0.1,1,291,-7,-2061,291,-2061
alpha 0.1,1,292,-7,-2068,292,-2068
alpha 0.1,1,293,-7,-2075,293,-2075
alpha 0.1,1,294,-7,-2082,294,-2082
alpha 0.1,1,295,-7,-2089,295,-2089
alpha 0.1,1,296,-7,-2096,296,-2096
alpha 0.1,1,297,-7,-2103,297,-2103
alpha 0.1,1,298,-7,-2110,298,-2110
alpha 0.1,1,299,-7,-2117,299,-2117
alpha 0.1,1,300,-7,-2124,300,-2124
alpha 0.1,1,301,-7,-2131,301,-2131
alpha 0.1,1,302,-6,-2137,302,-2137
alpha 0.1,1,303,-7,-2144,303,-2144
alpha 0.1,1,304,-7,-2151,304,-2151
alpha 0.1,1,305,-7,-2158,305,-2158
alpha 0.1,1,306,-7,-2165,306,-2165
alpha 0.1,1,307,-7,-2172,307,-2172
alpha 0.1,1,308,-7,-2179,308,-2179
alpha 0.1,1,309,-7,-2186,309,-2186
alpha 0.1,1,310,-7,-2193,310,-2193
alpha 0.1,1,311,-7,-2200,311,-2200
alpha 0.1,1,312,-7,-2207,312,-2207
alpha 0.1,1,313,-7,-2214,313,-2214
alpha 0.1,1,314,-7,-2221,314,-2221
alpha 0.1,1,315,-7,-2228,315,-2228
alpha 0.1,1,316,-7,-2235,316,-2235
alpha 0.1,1,317,-7,-2242,317,-2242
alpha 0.1,1,318,-7,-2249,318,-2249
alpha 0.1,1,319,-7,-2256,319,-2256
alpha 0.1,1,320,-7,-2263,320,-2263
alpha 0.1,1,321,-7,-2270,321,-2270
alpha 0.1,1,322,-7,-2277,322,-2277
alpha 0.1,1,323,-7,-2284,323,-2284
alpha 0.1,1,324,-7,-2291,324,-2291
alpha 0.1,1,325,-7,-2298,325,-2298
alpha 0.1,1,326,-7,-2305,326,-2305
alpha 0.1,1,327,-7,-2312,327,-2312
alpha 0.1,1,328,-7,-2319,328,-2319
alpha 0.1,1,329,-7,-2326,329,-2326
alpha 0.1,1,330,-7,-2333,330,-2333
alpha 0.1,1,331,-7,-2340,331,-2340
alpha 0.1,1,332,-7,-2347,332,-2347
alpha 0.1,1,333,-7,-2354,333,-2354
alpha 0.1,1,334,-7,-2361,334,-2361
alpha 0.1,1,335,-7,-2368,335,-2368
alpha 0.1,1,336,-7,-2375,336,-2375
alpha 0.1,1,337,-7,-2382,337,-2382
alpha 0.1,1,338,-7,-2389,338,-2389
alpha 0.1,1,339,-7,-2396,339,-2396
alpha 0.1,1,340,-7,-2403,340,-2403
alpha 0.1,1,341,-7,-2410,341,-2410
alpha 0.1,1,342,-7,-2417,342,-2417
alpha 0.1,1,343,-7,-2424,343,-2424
alpha 0.1,1,344,-7,-2431,344,-2431
alpha 0.1,1,345,-7,-2438,345,-2438
alpha 0.1,1,346,-7,-2445,346,-2445
alpha 0.1,1,347,-6,-2451,347,-2451
alpha 0.1,1,348,-6,-2457,348,-2457
alpha 0.1,1,349,-6,-2463,349,-2463
alpha 0.1,1,350,-6,-2469,350,-2469
alpha 0.1,1,351,-6,-2475,351,-2475
alpha 0.1,1,352,-6,-2481,352,-2481
alpha 0.1,1,353,-6,-2487,353,-2487
alpha 0.1,1,354,-6,-2493,354,-2493
alpha 0.1,1,355,-5,-2498,355,-2498
alpha 0.1,1,356,-5,-2503,356,-2503
alpha 0.1,1,357,-5,-2508,357,-2508
alpha 0.1,1,358,-5,-2513,358,-2513
alpha 0.1,1,359,-5,-2518,359,-2518
alpha 0.1,1,360,-5,-2523,360,-2523
alpha 0.1,1,361,-5,-2528,361,-2528
alpha 0.1,1,362,-5,-2533,362,-2533
alpha 0.1,1,363,-5,-2538,363,-2538
alpha 0.1,1,364,-5,-2543,364,-2543
alpha 0.1,1,365,-5,-2548,365,-2548
alpha 0.1,1,366,-5,-2553,366,-2553
alpha 0.1,1,367,-5,-2558,367,-2558
alpha 0.1,1,368,-5,-2563,368,-2563
alpha 0.1,1,369,-5,-2568,369,-2568
alpha 0.1,1,370,-5,-2573,370,-2573
alpha 0.1,1,371,-5,-2578,371,-2578
alpha 0.1,1,372,-5,-2583,372,-2583
alpha 0.1,1,373,-5,-2588,373,-2588
alpha 0.1,1,374,-5,-2593,374,-2593
alpha 0.1,1,375,-5,-2598,375,-2598
alpha 0.1,1,376,-5,-2603,376,-2603
alpha 0.1,1,377,-5,-2608,377,-2608
alpha 0.1,1,378,-5,-2613,378,-2613
alpha 0.1,1,379,-5,-2618,379,-2618
alpha 0.1,1,380,-5,-2623,380,-2623
alpha 0.1,1,381,-5,-2628,381,-2628
alpha 0.1,1,382,-5,-2633,382,-2633
alpha 0.1,1,383,-5,-2638,383,-2638
alpha 0.1,1,384,-5,-2643,384,-2643
alpha 0.1,1,385,-5,-2648,385,-2648
alpha 0.1,1,386,-5,-2653,386,-2653
alpha 0.1,1,387,-5,-2658,387,-2658
alpha 0.1,1,388,-5,-2663,388,-2663
alpha 0.1,1,389,-5,-2668,389,-2668
alpha 0.1,1,390,-5,-2673,390,-2673
alpha 0.1,1,391,-6,-2679,391,-2679
alpha 0.1,1,392,-6,-2685,392,-2685
alpha 0.1,1,393,-6,-2691,393,-2691
alpha 0.1,1,394,-6,-2697,394,-2697
alpha 0.1,1,395,-6,-2703,395,-2703
alpha 0.1,1,396,-6,-2709,396,-2709
alpha 0.1,1,397,-6,-2715,397,-2715
alpha 0.1,1,398,-6,-2721,398,-2721
alpha 0.1,1,399,-7,-2728,399,-2728
alpha 0.1,1,400,-7,-2735,400,-2735
alpha 0.1,1,401,-7,-2742,401,-2742
alpha 0.1,1,402,-7,-2749,402,-2749
alpha 0.1,1,403,-7,-2756,403,-2756
alpha 0.1,1,404,-7,-2763,404,-2763
alpha 0.1,1,405,-7,-2770,405,-2770
alpha 0.1,1,406,-7,-2777,406,-2777
alpha 0.1,1,407,-7,-2784,407,-2784
alpha 0.1,1,408,-7,-2791,408,-2791
alpha 0.1,1,409,-7,-2798,409,-2798
alpha 0.1,1,410,-7,-2805,410,-2805
alpha 0.1,1,411,-7,-2812,411,-2812
alpha 0.1,1,412,-7,-2819,412,-2819
alpha 0.1,1,413,-7,-2826,413,-2826
alpha 0.1,1,414,-7,-2833,414,-2833
alpha 0.1,1,415,-7,-2840,415,-2840
alpha 0.1,1,416,-7,-2847,416,-2847
alpha 0.1,1,417,-7,-2854,417,-2854
alpha 0.1,1,418,-7,-2861,418,-2861
alpha 0.1,1,419,-7,-2868,419,-2868
alpha 0.1,1,420,-7,-2875,420,-2875
alpha 0.1,1,421,-7,-2882,421,-2882
alpha 0.1,1,422,-7,-2889,422,-2889
alpha 0.1,1,423,-7,-2896,423,-2896
alpha 0.1,1,424,-7,-2903,424,-2903
alpha 0.1,1,425,-7,-2910,425,-2910
alpha 0.1,1,426,-7,-2917,426,-2917
alpha 0.1,1,427,-7,-2924,427,-2924
alpha 0.1,1,428,-7,-2931,428,-2931
alpha 0.1,1,429,-7,-2938,429,-2938
alpha 0.1,1,430,-7,-2945,430,-2945
alpha 0.1,1,431,-8,-2953,431,-2953
alpha 0.1,1,432,-8,-2961,432,-2961
alpha 0.1,1,433,-8,-2969,433,-2969
alpha 0.1,1,434,-7,-2976,434,-2976
alpha 0.1,1,435,-7,-2983,435,-2983
alpha 0.1,1,436,-7,-2990,436,-2990
alpha 0.1,1,437,-7,-2997,437,-2997
alpha 0.1,1,438,-7,-3004,438,-3004
alpha 0.1,1,439,-8,-3012,439,-3012
alpha 0.1,1,440,-8,-3020,440,-3020
alpha 0.1,1,441,-8,-3028,441,-3028
alpha 0.1,1,442,-8,-3036,442,-3036
alpha 0.1,1,443,-7,-3043,443,-3043
alpha 0.1,1,444,-7,-3050,444,-3050
alpha 0.1,1,445,-7,-3057,445,-3057
alpha 0.1,1,446,-7,-3064,446,-3064
alpha 0.1,1,447,-7,-3071,447,-3071
alpha 0.1,1,448,-7,-3078,448,-3078
alpha 0.1,1,449,-7,-3085,449,-3085
alpha 0.1,1,450,-7,-3092,450,-3092
alpha 0.1,1,451,-7,-3099,451,-3099
alpha 0.1,1,452,-7,-3106,452,-3106
alpha 0.1,1,453,-7,-3113,453,-3113
alpha 0.1,1,454,-7,-3120,454,-3120
alpha 0.1,1,455,-7,-3127,455,-3127
alpha 0.1,1,456,-7,-3134,456,-3134
alpha 0.1,1,457,-7,-3141,457,-3141
alpha 0.1,1,458,-7,-3148,458,-3148
alpha 0.1,1,459,-7,-3155,459,-3155
alpha 0.1,1,460,-7,-3162,460,-3162
alpha 0.1,1,461,-7,-3169,461,-3169
alpha 0.1,1,462,-7,-3176,462,-3176
alpha 0.1,1,463,-7,-3183,463,-3183
alpha 0.1,1,464,-7,-3190,464,-3190
alpha 0.1,1,465,-7,-3197,465,-3197
alpha 0.1,1,466,-7,-3204,466,-3204
alpha 0.1,1,467,-7,-3211,467,-3211
alpha 0.1,1,468,-7,-3218,468,-3218
alpha 0.1,1,469,-7,-3225,469,-3225
alpha 0.1,1,470,-7,-3232,470,-3232
alpha 0.1,1,471,-7,-3239,471,-3239
alpha 0.1,1,472,-7,-3246,472,-3246
alpha 0.1,1,473,-7,-3253,473,-3253
alpha 0.1,1,474,-7,-3260,474,-3260
alpha 0.1,1,475,-7,-3267,475,-3267
alpha 0.1,1,476,-7,-3274,476,-3274
alpha 0.1,1,477,-7,-3281,477,-3281
alpha 0.1,1,478,-7,-3288,478,-3288
alpha 0.1,1,479,-7,-3295,479,-3295
alpha 0.1,1,480,-7,-3302,480,-3302
alpha 0.1,1,481,-7,-3309,481,-3309
alpha 0.1,1,482,-6,-3315,482,-3315
alpha 0.1,1,483,-6,-3321,483,-3321
alpha 0.1,1,484,-6,-3327,484,-3327
alpha 0.1,1,485,-6,-3333,485,-3333
alpha 0.1,1,486,-6,-3339,486,-3339
alpha 0.1,1,487,-4,-3343,487,-3343
alpha 0.1,1,488,-4,-3347,488,-3347
alpha 0.1,1,489,-4,-3351,489,-3351
alpha 0.1,1,490,-4,-3355,490,-3355
alpha 0.1,1,491,-2,-3357,491,-3357
alpha 0.1,1,492,-2,-3359,492,-3359
alpha 0.1,1,493,-2,-3361,493,-3361
alpha 0.1,1,494,-4,-3365,494,-3365
alpha 0.1,1,495,-4,-3369,495,-3369
alpha 0.1,1,496,-2,-3371,496,-3371
alpha 0.1,1,497,-2,-3373,497,-3373
alpha 0.1,1,498,1,-3372,498,-3372
alpha 0.1,1,499,-2,-3374,499,-3374
alpha 0.1,1,500,-4,-3378,500,-3378
alpha 0.1,2,1,4,4,501,-3374
alpha 0.1,2,2,-2,2,502,-3376
alpha 0.1,2,3,-5,-3,503,-3381
alpha 0.1,2,4,-8,-11,504,-3389
alpha 0.1,2,5,-8,-19,505,-3397
alpha 0.1,2,6,-3,-22,506,-3400
alpha 0.1,2,7,-4,-26,507,-3404
alpha 0.1,2,8,-5,-31,508,-3409
alpha 0.1,2,9,-5,-36,509,-3414
alpha 0.1,2,10,-5,-41,510,-3419
alpha 0.1,2,11,-5,-46,511,-3424
alpha 0.1,2,12,-5,-51,512,-3429
alpha 0.1,2,13,-6,-57,513,-3435
alpha 0.1,2,14,-6,-63,514,-3441
alpha 0.1,2,15,-5,-68,515,-3446
alpha 0.1,2,16,-5,-73,516,-3451
alpha 0.1,2,17,-5,-78,517,-3456
alpha 0.1,2,18,-5,-83,518,-3461
alpha 0.1,2,19,-5,-88,519,-3466
alpha 0.1,2,20,-5,-93,520,-3471
alpha 0.1,2,21,-5,-98,521,-3476
alpha 0.1,2,22,-5,-103,522,-3481
alpha 0.1,2,23,-5,-108,523,-3486
alpha 0.1,2,24,-5,-113,524,-3491
alpha 0.1,2,25,-5,-118,525,-3496
alpha 0.1,2,26,-6,-124,526,-3502
alpha 0.1,2,27,-6,-130,527,-3508
alpha 0.1,2,28,-6,-136,528,-3514
alpha 0.1,2,29,-7,-143,529,-3521
alpha 0.1,2,30,-7,-150,530,-3528
alpha 0.1,2,31,-7,-157,531,-3535
alpha 0.1,2,32,-7,-164,532,-3542
alpha 0.1,2,33,-7,-171,533,-3549
alpha 0.1,2,34,-7,-178,534,-3556
alpha 0.1,2,35,-7,-185,535,-3563
alpha 0.1,2,36,-7,-192,536,-3570
alpha 0.1,2,37,-7,-199,537,-3577
alpha 0.1,2,38,-7,-206,538,-3584
alpha 0.1,2,39,-8,-214,539,-3592
alpha 0.1,2,40,-8,-222,540,-3600
alpha 0.1,2,41,-8,-230,541,-3608
alpha 0.1,2,42,-8,-238,542,-3616
alpha 0.1,2,43,-10,-248,543,-3626
alpha 0.1,2,44,-10,-258,544,-3636
alpha 0.1,2,45,-10,-268,545,-3646
alpha 0.1,2,46,-10,-278,546,-3656
alpha 0.1,2,47,-10,-288,547,-3666
alpha 0.1,2,48,-10,-298,548,-3676
alpha 0.1,2,49,-10,-308,549,-3686
alpha 0.1,2,50,-10,-318,550,-3696
alpha 0.1,2,51,-10,-328,551,-3706
alpha 0.1,2,52,-10,-338,552,-3716
alpha 0.1,2,53,-10,-348,553,-3726
alpha 0.1,2,54,-10,-358,554,-3736
alpha 0.1,2,55,-10,-368,555,-3746
alpha 0.1,2,56,-10,-378,556,-3756
alpha 0.1,2,57,-10,-388,557,-3766
alpha 0.1,2,58,-10,-398,558,-3776
alpha 0.1,2,59,-10,-408,559,-3786
alpha 0.1,2,60,-10,-418,560,-3796
alpha 0.1,2,61,-10,-428,561,-3806
alpha 0.1,2,62,-10,-438,562,-3816
alpha 0.1,2,63,-10,-448,563,-3826
alpha 0.1,2,64,-10,-458,564,-3836
alpha 0.1,2,65,-10,-468,565,-3846
alpha 0.1,2,66,-10,-478,566,-3856
alpha 0.1,2,67,-10,-488,567,-3866
alpha 0.1,2,68,-8,-496,568,-3874
alpha 0.1,2,69,-7,-503,569,-3881
alpha 0.1,2,70,-7,-510,570,-3888
alpha 0.1,2,71,-7,-517,571,-3895
alpha 0.1,2,72,-7,-524,572,-3902
alpha 0.1,2,73,-6,-530,573,-3908
alpha 0.1,2,74,-5,-535,574,-3913
alpha 0.1,2,75,-5,-540,575,-3918
alpha 0.1,2,76,-5,-545,576,-3923
alpha 0.1,2,77,-5,-550,577,-3928
alpha 0.1,2,78,-5,-555,578,-3933
alpha 0.1,2,79,-5,-560,579,-3938
alpha 0.1,2,80,-5,-565,580,-3943
alpha 0.1,2,81,-5,-570,581,-3948
alpha 0.1,2,82,-5,-575,582,-3953
alpha 0.1,2,83,-5,-580,583,-3958
alpha 0.1,2,84,-5,-585,584,-3963
alpha 0.1,2,85,-5,-590,585,-3968
alpha 0.1,2,86,-5,-595,586,-3973
alpha 0.1,2,87,-5,-600,587,-3978
alpha 0.1,2,88,-3,-603,588,-3981
alpha 0.1,2,89,-3,-606,589,-3984
alpha 0.1,2,90,-2,-608,590,-3986
alpha 0.1,2,91,-2,-610,591,-3988
alpha 0.1,2,92,-3,-613,592,-3991
alpha 0.1,2,93,-4,-617,593,-3995
alpha 0.1,2,94,-3,-620,594,-3998
alpha 0.1,2,95,-2,-622,595,-4000
alpha 0.1,2,96,-2,-624,596,-4002
alpha 0.1,2,97,-2,-626,597,-4004
alpha 0.1,2,98,-1,-627,598,-4005
alpha 0.1,2,99,-1,-628,599,-4006
alpha 0.1,2,100,1,-627,600,-4005
alpha 0.1,2,101,1,-626,601,-4004
alpha 0.1,2,102,1,-625,602,-4003
alpha 0.1,2,103,1,-624,603,-4002
alpha 0.1,2,104,1,-623,604,-4001
alpha 0.1,2,105,-1,-624,605,-4002
alpha 0.1,2,106,-2,-626,606,-4004
alpha 0.1,2,107,-3,-629,607,-4007
alpha 0.1,2,108,-5,-634,608,-4012
alpha 0.1,2,109,-5,-639,609,-4017
alpha 0.1,2,110,-5,-644,610,-4022
alpha 0.1,2,111,-5,-649,611,-4027
alpha 0.1,2,112,-5,-654,612,-4032
alpha 0.1,2,113,-5,-659,613,-4037
alpha 0.1,2,114,-5,-664,614,-4042
alpha 0.1,2,115,-5,-669,615,-4047
alpha 0.1,2,116,-5,-674,616,-4052
alpha 0.1,2,117,-5,-679,617,-4057
alpha 0.1,2,118,-5,-684,618,-4062
alpha 0.1,2,119,-6,-690,619,-4068
alpha 0.1,2,120,-6,-696,620,-4074
alpha 0.1,2,121,-6,-702,621,-4080
alpha 0.1,2,122,-6,-708,622,-4086
alpha 0.1,2,123,-6,-714,623,-4092
alpha 0.1,2,124,-7,-721,624,-4099
alpha 0.1,2,125,-7,-728,625,-4106
alpha 0.1,2,126,-7,-735,626,-4113
alpha 0.1,2,127,-7,-742,627,-4120
alpha 0.1,2,128,-7,-749,628,-4127
alpha 0.1,2,129,-7,-756,629,-4134
alpha 0.1,2,130,-6,-762,630,-4140
alpha 0.1,2,131,-6,-768,631,-4146
alpha 0.1,2,132,-6,-774,632,-4152
alpha 0.1,2,133,-6,-780,633,-4158
alpha 0.1,2,134,-6,-786,634,-4164
alpha 0.1,2,135,-6,-792,635,-4170
alpha 0.1,2,136,-6,-798,636,-4176
alpha 0.1,2,137,-6,-804,637,-4182
alpha 0.1,2,138,-6,-810,638,-4188
alpha 0.1,2,139,-7,-817,639,-4195
alpha 0.1,2,140,-7,-824,640,-4202
alpha 0.1,2,141,-7,-831,641,-4209
alpha 0.1,2,142,-7,-838,642,-4216
alpha 0.1,2,143,-7,-845,643,-4223
alpha 0.1,2,144,-7,-852,644,-4230
alpha 0.1,2,145,-7,-859,645,-4237
alpha 0.1,2,146,-8,-867,646,-4245
alpha 0.1,2,147,-8,-875,647,-4253
alpha 0.1,2,148,-8,-883,648,-4261
alpha 0.1,2,149,-8,-891,649,-4269
alpha 0.1,2,150,-8,-899,650,-4277
alpha 0.1,2,151,-8,-907,651,-4285
alpha 0.1,2,152,-8,-915,652,-4293
alpha 0.1,2,153,-8,-923,653,-4301
alpha 0.1,2,154,-8,-931,654,-4309
alpha 0.1,2,155,-8,-939,655,-4317
alpha 0.1,2,156,-8,-947,656,-4325
alpha 0.1,2,157,-8,-955,657,-4333
alpha 0.1,2,158,-8,-963,658,-4341
alpha 0.1,2,159,-8,-971,659,-4349
alpha 0.1,2,160,-8,-979,660,-4357
alpha 0.1,2,161,-8,-987,661,-4365
alpha 0.1,2,162,-8,-995,662,-4373
alpha 0.1,2,163,-7,-1002,663,-4380
alpha 0.1,2,164,-7,-1009,664,-4387
alpha 0.1,2,165,-7,-1016,665,-4394
alpha 0.1,2,166,-8,-1024,666,-4402
alpha 0.1,2,167,-8,-1032,667,-4410
alpha 0.1,2,168,-7,-1039,668,-4417
alpha 0.1,2,169,-7,-1046,669,-4424
alpha 0.1,2,170,-7,-1053,670,-4431
alpha 0.1,2,171,-5,-1058,671,-4436
alpha 0.1,2,172,-5,-1063,672,-4441
alpha 0.1,2,173,-4,-1067,673,-4445
alpha 0.1,2,174,-5,-1072,674,-4450
alpha 0.1,2,175,-5,-1077,675,-4455
alpha 0.1,2,176,-4,-1081,676,-4459
alpha 0.1,2,177,-4,-1085,677,-4463
alpha 0.1,2,178,-4,-1089,678,-4467
alpha 0.1,2,179,-3,-1092,679,-4470
alpha 0.1,2,180,-1,-1093,680,-4471
alpha 0.1,2,181,2,-1091,681,-4469
alpha 0.1,2,182,1,-1090,682,-4468
alpha 0.1,2,183,-3,-1093,683,-4471
alpha 0.1,2,184,-5,-1098,684,-4476
alpha 0.1,2,185,-5,-1103,685,-4481
alpha 0.1,2,186,-5,-1108,686,-4486
alpha 0.1,2,187,-5,-1113,687,-4491
alpha 0.1,2,188,-5,-1118,688,-4496
alpha 0.1,2,189,-5,-1123,689,-4501
alpha 0.1,2,190,-5,-1128,690,-4506
alpha 0.1,2,191,-6,-1134,691,-4512
alpha 0.1,2,192,-6,-1140,692,-4518
alpha 0.1,2,193,-7,-1147,693,-4525
alpha 0.1,2,194,-7,-1154,694,-4532
alpha 0.1,2,195,-7,-1161,695,-4539
alpha 0.1,2,196,-7,-1168,696,-4546
alpha 0.1,2,197,-4,-1172,697,-4550
alpha 0.1,2,198,-3,-1175,698,-4553
alpha 0.1,2,199,-2,-1177,699,-4555
alpha 0.1,2,200,1,-1176,700,-4554
alpha 0.1,2,201,1,-1175,701,-4553
alpha 0.1,2,202,-2,-1177,702,-4555
alpha 0.1,2,203,-5,-1182,703,-4560
alpha 0.1,2,204,-5,-1187,704,-4565
alpha 0.1,2,205,-5,-1192,705,-4570
alpha 0.1,2,206,-5,-1197,706,-4575
alpha 0.1,2,207,-5,-1202,707,-4580
alpha 0.1,2,208,-5,-1207,708,-4585
alpha 0.1,2,209,-6,-1213,709,-4591
alpha 0.1,2,210,-6,-1219,710,-4597
alpha 0.1,2,211,-6,-1225,711,-4603
alpha 0.1,2,212,-6,-1231,712,-4609
alpha 0.1,2,213,-6,-1237,713,-4615
alpha 0.1,2,214,-6,-1243,714,-4621
alpha 0.1,2,215,-4,-1247,715,-4625
alpha 0.1,2,216,-3,-1250,716,-4628
alpha 0.1,2,217,1,-1249,717,-4627
alpha 0.1,2,218,1,-1248,718,-4626
alpha 0.1,2,219,-2,-1250,719,-4628
alpha 0.1,2,220,-5,-1255,720,-4633
alpha 0.1,2,221,-5,-1260,721,-4638
alpha 0.1,2,222,-5,-1265,722,-4643
alpha 0.1,2,223,-5,-1270,723,-4648
alpha 0.1,2,224,-5,-1275,724,-4653
alpha 0.1,2,225,-6,-1281,725,-4659
alpha 0.1,2,226,-6,-1287,726,-4665
alpha 0.1,2,227,-7,-1294,727,-4672
alpha 0.1,2,228,-7,-1301,728,-4679
alpha 0.1,2,229,-7,-1308,729,-4686
alpha 0.1,2,230,-7,-1315,730,-4693
alpha 0.1,2,231,-7,-1322,731,-4700
alpha 0.1,2,232,-7,-1329,732,-4707
alpha 0.1,2,233,-7,-1336,733,-4714
alpha 0.1,2,234,-7,-1343,734,-4721
alpha 0.1,2,235,-4,-1347,735,-4725
alpha 0.1,2,236,-2,-1349,736,-4727
alpha 0.1,2,237,-2,-1351,737,-4729
alpha 0.1,2,238,-6,-1357,738,-4735
alpha 0.1,2,239,-5,-1362,739,-4740
alpha 0.1,2,240,-5,-1367,740,-4745
alpha 0.1,2,241,-5,-1372,741,-4750
alpha 0.1,2,242,-5,-1377,742,-4755
alpha 0.1,2,243,-5,-1382,743,-4760
alpha 0.1,2,244,-5,-1387,744,-4765
alpha 0.1,2,245,-5,-1392,745,-4770
alpha 0.1,2,246,-6,-1398,746,-4776
alpha 0.1,2,247,-7,-1405,747,-4783
alpha 0.1,2,248,-7,-1412,748,-4790
alpha 0.1,2,249,-7,-1419,749,-4797
alpha 0.1,2,250,-7,-1426,750,-4804
alpha 0.1,2,251,-6,-1432,751,-4810
alpha 0.1,2,252,-5,-1437,752,-4815
alpha 0.1,2,253,-3,-1440,753,-4818
alpha 0.1,2,254,-3,-1443,754,-4821
alpha 0.1,2,255,-5,-1448,755,-4826
alpha 0.1,2,256,-5,-1453,756,-4831
alpha 0.1,2,257,-5,-1458,757,-4836
alpha 0.1,2,258,-6,-1464,758,-4842
alpha 0.1,2,259,-6,-1470,759,-4848
alpha 0.1,2,260,-7,-1477,760,-4855
alpha 0.1,2,261,-7,-1484,761,-4862
alpha 0.1,2,262,-7,-1491,762,-4869
alpha 0.1,2,263,-7,-1498,763,-4876
alpha 0.1,2,264,-7,-1505,764,-4883
alpha 0.1,2,265,-7,-1512,765,-4890
alpha 0.1,2,266,-7,-1519,766,-4897
alpha 0.1,2,267,-7,-1526,767,-4904
alpha 0.1,2,268,-5,-1531,768,-4909
alpha 0.1,2,269,-4,-1535,769,-4913
alpha 0.1,2,270,-3,-1538,770,-4916
alpha 0.1,2,271,-2,-1540,771,-4918
alpha 0.1,2,272,1,-1539,772,-4917
alpha 0.1,2,273,-2,-1541,773,-4919
alpha 0.1,2,274,1,-1540,774,-4918
alpha 0.1,2,275,-4,-1544,775,-4922
alpha 0.1,2,276,-10,-1554,776,-4932
alpha 0.1,2,277,-8,-1562,777,-4940
alpha 0.1,2,278,-7,-1569,778,-4947
alpha 0.1,2,279,-7,-1576,779,-4954
alpha 0.1,2,280,-7,-1583,780,-4961
alpha 0.1,2,281,-7,-1590,781,-4968
alpha 0.1,2,282,-7,-1597,782,-4975
alpha 0.1,2,283,-7,-1604,783,-4982
alpha 0.1,2,284,-7,-1611,784,-4989
alpha 0.1,2,285,-7,-1618,785,-4996
alpha 0.1,2,286,-6,-1624,786,-5002
alpha 0.1,2,287,-6,-1630,787,-5008
alpha 0.1,2,288,-5,-1635,788,-5013
alpha 0.1,2,289,-5,-1640,789,-5018
alpha 0.1,2,290,-5,-1645,790,-5023
alpha 0.1,2,291,-5,-1650,791,-5028
alpha 0.1,2,292,-5,-1655,792,-5033
alpha 0.1,2,293,-5,-1660,793,-5038
alpha 0.1,2,294,-5,-1665,794,-5043
alpha 0.1,2,295,-5,-1670,795,-5048
alpha 0.1,2,296,-5,-1675,796,-5053
alpha 0.1,2,297,-5,-1680,797,-5058
alpha 0.1,2,298,-5,-1685,798,-5063
alpha 0.1,2,299,-5,-1690,799,-5068
alpha 0.1,2,300,-5,-1695,800,-5073
alpha 0.1,2,301,-5,-1700,801,-5078
alpha 0.1,2,302,-5,-1705,802,-5083
alpha 0.1,2,303,-5,-1710,803,-5088
alpha 0.1,2,304,-3,-1713,804,-5091
alpha 0.1,2,305,-2,-1715,805,-5093
alpha 0.1,2,306,-2,-1717,806,-5095
alpha 0.1,2,307,1,-1716,807,-5094
alpha 0.1,2,308,-3,-1719,808,-5097
alpha 0.1,2,309,-7,-1726,809,-5104
alpha 0.1,2,310,-7,-1733,810,-5111
alpha 0.1,2,311,-8,-1741,811,-5119
alpha 0.1,2,312,-10,-1751,812,-5129
alpha 0.1,2,313,-10,-1761,813,-5139
alpha 0.1,2,314,-10,-1771,814,-5149
alpha 0.1,2,315,-10,-1781,815,-5159
alpha 0.1,2,316,-10,-1791,816,-5169
alpha 0.1,2,317,-10,-1801,817,-5179
alpha 0.1,2,318,-10,-1811,818,-5189
alpha 0.1,2,319,-10,-1821,819,-5199
alpha 0.1,2,320,-10,-1831,820,-5209
alpha 0.1,2,321,-10,-1841,821,-5219
alpha 0.1,2,322,-10,-1851,822,-5229
alpha 0.1,2,323,-10,-1861,823,-5239
alpha 0.1,2,324,-10,-1871,824,-5249
alpha 0.1,2,325,-10,-1881,825,-5259
alpha 0.1,2,326,-10,-1891,826,-5269
alpha 0.1,2,327,-10,-1901,827,-5279
alpha 0.1,2,328,-10,-1911,828,-5289
alpha 0.1,2,329,-10,-1921,829,-5299
alpha 0.1,2,330,-8,-1929,830,-5307
alpha 0.1,2,331,-8,-1937,831,-5315
alpha 0.1,2,332,-8,-1945,832,-5323
alpha 0.1,2,333,-8,-1953,833,-5331
alpha 0.1,2,334,-8,-1961,834,-5339
alpha 0.1,2,335,-8,-1969,835,-5347
alpha 0.1,2,336,-8,-1977,836,-5355
alpha 0.1,2,337,-8,-1985,837,-5363
alpha 0.1,2,338,-7,-1992,838,-5370
alpha 0.1,2,339,-7,-1999,839,-5377
alpha 0.1,2,340,-7,-2006,840,-5384
alpha 0.1,2,341,-7,-2013,841,-5391
alpha 0.1,2,342,-7,-2020,842,-5398
alpha 0.1,2,343,-7,-2027,843,-5405
alpha 0.1,2,344,-7,-2034,844,-5412
alpha 0.1,2,345,-7,-2041,845,-5419
alpha 0.1,2,346,-7,-2048,846,-5426
alpha 0.1,2,347,-6,-2054,847,-5432
alpha 0.1,2,348,-6,-2060,848,-5438
alpha 0.1,2,349,-6,-2066,849,-5444
alpha 0.1,2,350,-6,-2072,850,-5450
alpha 0.1,2,351,-5,-2077,851,-5455
alpha 0.1,2,352,-5,-2082,852,-5460
alpha 0.1,2,353,-5,-2087,853,-5465
alpha 0.1,2,354,-5,-2092,854,-5470
alpha 0.1,2,355,-5,-2097,855,-5475
alpha 0.1,2,356,-5,-2102,856,-5480
alpha 0.1,2,357,-5,-2107,857,-5485
alpha 0.1,2,358,-5,-2112,858,-5490
alpha 0.1,2,359,-6,-2118,859,-5496
alpha 0.1,2,360,-6,-2124,860,-5502
alpha 0.1,2,361,-7,-2131,861,-5509
alpha 0.1,2,362,-7,-2138,862,-5516
alpha 0.1,2,363,-7,-2145,863,-5523
alpha 0.1,2,364,-7,-2152,864,-5530
alpha 0.1,2,365,-7,-2159,865,-5537
alpha 0.1,2,366,-7,-2166,866,-5544
alpha 0.1,2,367,-7,-2173,867,-5551
alpha 0.1,2,368,-7,-2180,868,-5558
alpha 0.1,2,369,-7,-2187,869,-5565
alpha 0.1,2,370,-8,-2195,870,-5573
alpha 0.1,2,371,-10,-2205,871,-5583
alpha 0.1,2,372,-10,-2215,872,-5593
alpha 0.1,2,373,-10,-2225,873,-5603
alpha 0.1,2,374,-10,-2235,874,-5613
alpha 0.1,2,375,-10,-2245,875,-5623
alpha 0.1,2,376,-10,-2255,876,-5633
alpha 0.1,2,377,-10,-2265,877,-5643
alpha 0.1,2,378,-10,-2275,878,-5653
alpha 0.1,2,379,-10,-2285,879,-5663
alpha 0.1,2,380,-10,-2295,880,-5673
alpha 0.1,2,381,-10,-2305,881,-5683
alpha 0.1,2,382,-10,-2315,882,-5693
alpha 0.1,2,383,-10,-2325,883,-5703
alpha 0.1,2,384,-10,-2335,884,-5713
alpha 0.1,2,385,-10,-2345,885,-5723
alpha 0.1,2,386,-10,-2355,886,-5733
alpha 0.1,2,387,-10,-2365,887,-5743
alpha 0.1,2,388,-10,-2375,888,-5753
alpha 0.1,2,389,-10,-2385,889,-5763
alpha 0.1,2,390,-10,-2395,890,-5773
alpha 0.1,2,391,-10,-2405,891,-5783
alpha 0.1,2,392,-10,-2415,892,-5793
alpha 0.1,2,393,-10,-2425,893,-5803
alpha 0.1,2,394,-10,-2435,894,-5813
alpha 0.1,2,395,-10,-2445,895,-5823
alpha 0.1,2,396,-10,-2455,896,-5833
alpha 0.1,2,397,-10,-2465,897,-5843
alpha 0.1,2,398,-10,-2475,898,-5853
alpha 0.1,2,399,-10,-2485,899,-5863
alpha 0.1,2,400,-10,-2495,900,-5873
alpha 0.1,2,401,-10,-2505,901,-5883
alpha 0.1,2,402,-10,-2515,902,-5893
alpha 0.1,2,403,-7,-2522,903,-5900
alpha 0.1,2,404,-6,-2528,904,-5906
alpha 0.1,2,405,-2,-2530,905,-5908
alpha 0.1,2,406,-3,-2533,906,-5911
alpha 0.1,2,407,-7,-2540,907,-5918
alpha 0.1,2,408,-8,-2548,908,-5926
alpha 0.1,2,409,-5,-2553,909,-5931
alpha 0.1,2,410,-7,-2560,910,-5938
alpha 0.1,2,411,-10,-2570,911,-5948
alpha 0.1,2,412,-10,-2580,912,-5958
alpha 0.1,2,413,-5,-2585,913,-5963
alpha 0.1,2,414,-8,-2593,914,-5971
alpha 0.1,2,415,-8,-2601,915,-5979
alpha 0.1,2,416,-7,-2608,916,-5986
alpha 0.1,2,417,-5,-2613,917,-5991
alpha 0.1,2,418,-5,-2618,918,-5996
alpha 0.1,2,419,-7,-2625,919,-6003
alpha 0.1,2,420,-5,-2630,920,-6008
alpha 0.1,2,421,-4,-2634,921,-6012
alpha 0.1,2,422,-5,-2639,922,-6017
alpha 0.1,2,423,-10,-2649,923,-6027
alpha 0.1,2,424,-10,-2659,924,-6037
alpha 0.1,2,425,-8,-2667,925,-6045
alpha 0.1,2,426,-5,-2672,926,-6050
alpha 0.1,2,427,-7,-2679,927,-6057
alpha 0.1,2,428,-7,-2686,928,-6064
alpha 0.1,2,429,1,-2685,929,-6063
alpha 0.1,2,430,-2,-2687,930,-6065
alpha 0.1,2,431,-7,-2694,931,-6072
alpha 0.1,2,432,-8,-2702,932,-6080
alpha 0.1,2,433,-8,-2710,933,-6088
alpha 0.1,2,434,-10,-2720,934,-6098
alpha 0.1,2,435,-10,-2730,935,-6108
alpha 0.1,2,436,-10,-2740,936,-6118
alpha 0.1,2,437,-5,-2745,937,-6123
alpha 0.1,2,438,1,-2744,938,-6122
alpha 0.1,2,439,-5,-2749,939,-6127
alpha 0.1,2,440,-8,-2757,940,-6135
alpha 0.1,2,441,-7,-2764,941,-6142
alpha 0.1,2,442,-5,-2769,942,-6147
alpha 0.1,2,443,-6,-2775,943,-6153
alpha 0.1,2,444,-6,-2781,944,-6159
alpha 0.1,2,445,4,-2777,945,-6155
alpha 0.1,2,446,2,-2775,946,-6153
alpha 0.1,2,447,2,-2773,947,-6151
alpha 0.1,2,448,2,-2771,948,-6149
alpha 0.1,2,449,2,-2769,949,-6147
alpha 0.1,2,450,2,-2767,950,-6145
alpha 0.1,2,451,2,-2765,951,-6143
alpha 0.1,2,452,2,-2763,952,-6141
alpha 0.1,2,453,2,-2761,953,-6139
alpha 0.1,2,454,2,-2759,954,-6137
alpha 0.1,2,455,2,-2757,955,-6135
alpha 0.1,2,456,2,-2755,956,-6133
alpha 0.1,2,457,2,-2753,957,-6131
alpha 0.1,2,458,2,-2751,958,-6129
alpha 0.1,2,459,2,-2749,959,-6127
alpha 0.1,2,460,2,-2747,960,-6125
alpha 0.1,2,461,2,-2745,961,-6123
alpha 0.1,2,462,2,-2743,962,-6121
alpha 0.1,2,463,2,-2741,963,-6119
alpha 0.1,2,464,2,-2739,964,-6117
alpha 0.1,2,465,2,-2737,965,-6115
alpha 0.1,2,466,2,-2735,966,-6113
alpha 0.1,2,467,2,-2733,967,-6111
alpha 0.1,2,468,2,-2731,968,-6109
alpha 0.1,2,469,2,-2729,969,-6107
alpha 0.1,2,470,2,-2727,970,-6105
alpha 0.1,2,471,2,-2725,971,-6103
alpha 0.1,2,472,2,-2723,972,-6101
alpha 0.1,2,473,2,-2721,973,-6099
alpha 0.1,2,474,2,-2719,974,-6097
alpha 0.1,2,475,2,-2717,975,-6095
alpha 0.1,2,476,2,-2715,976,-6093
alpha 0.1,2,477,2,-2713,977,-6091
alpha 0.1,2,478,2,-2711,978,-6089
alpha 0.1,2,479,2,-2709,979,-6087
alpha 0.1,2,480,2,-2707,980,-6085
alpha 0.1,2,481,2,-2705,981,-6083
alpha 0.1,2,482,2,-2703,982,-6081
alpha 0.1,2,483,2,-2701,983,-6079
alpha 0.1,2,484,2,-2699,984,-6077
alpha 0.1,2,485,2,-2697,985,-6075
alpha 0.1,2,486,2,-2695,986,-6073
alpha 0.1,2,487,2,-2693,987,-6071
alpha 0.1,2,488,2,-2691,988,-6069
alpha 0.1,2,489,2,-2689,989,-6067
alpha 0.1,2,490,2,-2687,990,-6065
alpha 0.1,2,491,2,-2685,991,-6063
alpha 0.1,2,492,2,-2683,992,-6061
alpha 0.1,2,493,2,-2681,993,-6059
alpha 0.1,2,494,2,-2679,994,-6057
alpha 0.1,2,495,2,-2677,995,-6055
alpha 0.1,2,496,2,-2675,996,-6053
alpha 0.1,2,497,2,-2673,997,-6051
alpha 0.1,2,498,2,-2671,998,-6049
alpha 0.1,2,499,2,-2669,999,-6047
alpha 0.1,2,500,2,-2667,1000,-6045
alpha 0.1,3,1,4,4,1001,-6041
alpha 0.1,3,2,4,8,1002,-6037
alpha 0.1,3,3,4,12,1003,-6033
alpha 0.1,3,4,4,16,1004,-6029
alpha 0.1,3,5,2,18,1005,-6027
alpha 0.1,3,6,1,19,1006,-6026
alpha 0.1,3,7,1,20,1007,-6025
alpha 0.1,3,8,1,21,1008,-6024
alpha 0.1,3,9,-2,19,1009,-6026
alpha 0.1,3,10,-2,17,1010,-6028
alpha 0.1,3,11,-2,15,1011,-6030
alpha 0.1,3,12,-3,12,1012,-6033
alpha 0.1,3,13,-3,9,1013,-6036
alpha 0.1,3,14,-5,4,1014,-6041
alpha 0.1,3,15,-5,-1,1015,-6046
alpha 0.1,3,16,-5,-6,1016,-6051
alpha 0.1,3,17,-5,-11,1017,-6056
alpha 0.1,3,18,-5,-16,1018,-6061
alpha 0.1,3,19,-5,-21,1019,-6066
alpha 0.1,3,20,-6,-27,1020,-6072
alpha 0.1,3,21,-7,-34,1021,-6079
alpha 0.1,3,22,-5,-39,1022,-6084
alpha 0.1,3,23,-5,-44,1023,-6089
alpha 0.1,3,24,-5,-49,1024,-6094
alpha 0.1,3,25,-5,-54,1025,-6099
alpha 0.1,3,26,-5,-59,1026,-6104
alpha 0.1,3,27,-5,-64,1027,-6109
alpha 0.1,3,28,-6,-70,1028,-6115
alpha 0.1,3,29,-7,-77,1029,-6122
alpha 0.1,3,30,-7,-84,1030,-6129
alpha 0.1,3,31,-7,-91,1031,-6136
alpha 0.1,3,32,-7,-98,1032,-6143
alpha 0.1,3,33,-8,-106,1033,-6151
alpha 0.1,3,34,-8,-114,1034,-6159
alpha 0.1,3,35,-8,-122,1035,-6167
alpha 0.1,3,36,-6,-128,1036,-6173
alpha 0.1,3,37,-6,-134,1037,-6179
alpha 0.1,3,38,-6,-140,1038,-6185
alpha 0.1,3,39,-8,-148,1039,-6193
alpha 0.1,3,40,-8,-156,1040,-6201
alpha 0.1,3,41,-8,-164,1041,-6209
alpha 0.1,3,42,-8,-172,1042,-6217
alpha 0.1,3,43,-8,-180,1043,-6225
alpha 0.1,3,44,-8,-188,1044,-6233
alpha 0.1,3,45,-8,-196,1045,-6241
alpha 0.1,3,46,-8,-204,1046,-6249
alpha 0.1,3,47,-8,-212,1047,-6257
alpha 0.1,3,48,-10,-222,1048,-6267
alpha 0.1,3,49,-10,-232,1049,-6277
alpha 0.1,3,50,-10,-242,1050,-6287
alpha 0.1,3,51,-10,-252,1051,-6297
alpha 0.1,3,52,-10,-262,1052,-6307
alpha 0.1,3,53,-10,-272,1053,-6317
alpha 0.1,3,54,-10,-282,1054,-6327
alpha 0.1,3,55,-10,-292,1055,-6337
alpha 0.1,3,56,-10,-302,1056,-6347
alpha 0.1,3,57,-10,-312,1057,-6357
alpha 0.1,3,58,-7,-319,1058,-6364
alpha 0.1,3,59,-7,-326,1059,-6371
alpha 0.1,3,60,-7,-333,1060,-6378
alpha 0.1,3,61,-7,-340,1061,-6385
alpha 0.1,3,62,-6,-346,1062,-6391
alpha 0.1,3,63,-7,-353,1063,-6398
alpha 0.1,3,64,-8,-361,1064,-6406
alpha 0.1,3,65,-8,-369,1065,-6414
alpha 0.1,3,66,-8,-377,1066,-6422
alpha 0.1,3,67,-10,-387,1067,-6432
alpha 0.1,3,68,-10,-397,1068,-6442
alpha 0.1,3,69,-10,-407,1069,-6452
alpha 0.1,3,70,-10,-417,1070,-6462
alpha 0.1,3,71,-10,-427,1071,-6472
alpha 0.1,3,72,-10,-437,1072,-6482
alpha 0.1,3,73,-10,-447,1073,-6492
alpha 0.1,3,74,-10,-457,1074,-6502
alpha 0.1,3,75,-10,-467,1075,-6512
alpha 0.1,3,76,-10,-477,1076,-6522
alpha 0.1,3,77,-10,-487,1077,-6532
alpha 0.1,3,78,-10,-497,1078,-6542
alpha 0.1,3,79,-10,-507,1079,-6552
alpha 0.1,3,80,-10,-517,1080,-6562
alpha 0.1,3,81,-10,-527,1081,-6572
alpha 0.1,3,82,-10,-537,1082,-6582
alpha 0.1,3,83,-10,-547,1083,-6592
alpha 0.1,3,84,-10,-557,1084,-6602
alpha 0.1,3,85,-10,-567,1085,-6612
alpha 0.1,3,86,-10,-577,1086,-6622
alpha 0.1,3,87,-7,-584,1087,-6629
alpha 0.1,3,88,-6,-590,1088,-6635
alpha 0.1,3,89,-6,-596,1089,-6641
alpha 0.1,3,90,-5,-601,1090,-6646
alpha 0.1,3,91,-5,-606,1091,-6651
alpha 0.1,3,92,-6,-612,1092,-6657
alpha 0.1,3,93,-6,-618,1093,-6663
alpha 0.1,3,94,-7,-625,1094,-6670
alpha 0.1,3,95,-7,-632,1095,-6677
alpha 0.1,3,96,-8,-640,1096,-6685
alpha 0.1,3,97,-7,-647,1097,-6692
alpha 0.1,3,98,-7,-654,1098,-6699
alpha 0.1,3,99,-7,-661,1099,-6706
alpha 0.1,3,100,-7,-668,1100,-6713
alpha 0.1,3,101,-8,-676,1101,-6721
alpha 0.1,3,102,-8,-684,1102,-6729
alpha 0.1,3,103,-8,-692,1103,-6737
alpha 0.1,3,104,-8,-700,1104,-6745
alpha 0.1,3,105,-10,-710,1105,-6755
alpha 0.1,3,106,-10,-720,1106,-6765
alpha 0.1,3,107,-10,-730,1107,-6775
alpha 0.1,3,108,-10,-740,1108,-6785
alpha 0.1,3,109,-10,-750,1109,-6795
alpha 0.1,3,110,-10,-760,1110,-6805
alpha 0.1,3,111,-10,-770,1111,-6815
alpha 0.1,3,112,-10,-780,1112,-6825
alpha 0.1,3,113,-10,-790,1113,-6835
alpha 0.1,3,114,-10,-800,1114,-6845
alpha 0.1,3,115,-7,-807,1115,-6852
alpha 0.1,3,116,-5,-812,1116,-6857
alpha 0.1,3,117,-5,-817,1117,-6862
alpha 0.1,3,118,-3,-820,1118,-6865
alpha 0.1,3,119,-2,-822,1119,-6867
alpha 0.1,3,120,-3,-825,1120,-6870
alpha 0.1,3,121,-2,-827,1121,-6872
alpha 0.1,3,122,-2,-829,1122,-6874
alpha 0.1,3,123,-5,-834,1123,-6879
alpha 0.1,3,124,-5,-839,1124,-6884
alpha 0.1,3,125,-5,-844,1125,-6889
alpha 0.1,3,126,-5,-849,1126,-6894
alpha 0.1,3,127,-5,-854,1127,-6899
alpha 0.1,3,128,-5,-859,1128,-6904
alpha 0.1,3,129,-5,-864,1129,-6909
alpha 0.1,3,130,-5,-869,1130,-6914
alpha 0.1,3,131,-5,-874,1131,-6919
alpha 0.1,3,132,-6,-880,1132,-6925
alpha 0.1,3,133,-6,-886,1133,-6931
alpha 0.1,3,134,-6,-892,1134,-6937
alpha 0.1,3,135,-5,-897,1135,-6942
alpha 0.1,3,136,-2,-899,1136,-6944
alpha 0.1,3,137,-5,-904,1137,-6949
alpha 0.1,3,138,-5,-909,1138,-6954
alpha 0.1,3,139,-7,-916,1139,-6961
alpha 0.1,3,140,-7,-923,1140,-6968
alpha 0.1,3,141,-7,-930,1141,-6975
alpha 0.1,3,142,-7,-937,1142,-6982
alpha 0.1,3,143,-4,-941,1143,-6986
alpha 0.1,3,144,-7,-948,1144,-6993
alpha 0.1,3,145,-8,-956,1145,-7001
alpha 0.1,3,146,-8,-964,1146,-7009
alpha 0.1,3,147,-8,-972,1147,-7017
alpha 0.1,3,148,-7,-979,1148,-7024
alpha 0.1,3,149,-7,-986,1149,-7031
alpha 0.1,3,150,-7,-993,1150,-7038
alpha 0.1,3,151,-7,-1000,1151,-7045
alpha 0.1,3,152,-6,-1006,1152,-7051
alpha 0.1,3,153,-6,-1012,1153,-7057
alpha 0.1,3,154,-5,-1017,1154,-7062
alpha 0.1,3,155,-5,-1022,1155,-7067
alpha 0.1,3,156,-5,-1027,1156,-7072
alpha 0.1,3,157,-5,-1032,1157,-7077
alpha 0.1,3,158,-5,-1037,1158,-7082
alpha 0.1,3,159,-2,-1039,1159,-7084
alpha 0.1,3,160,-2,-1041,1160,-7086
alpha 0.1,3,161,-3,-1044,1161,-7089
alpha 0.1,3,162,-6,-1050,1162,-7095
alpha 0.1,3,163,-7,-1057,1163,-7102
alpha 0.1,3,164,-7,-1064,1164,-7109
alpha 0.1,3,165,-6,-1070,1165,-7115
alpha 0.1,3,166,-10,-1080,1166,-7125
alpha 0.1,3,167,-7,-1087,1167,-7132
alpha 0.1,3,168,-7,-1094,1168,-7139
alpha 0.1,3,169,-7,-1101,1169,-7146
alpha 0.1,3,170,-7,-1108,1170,-7153
alpha 0.1,3,171,-7,-1115,1171,-7160
alpha 0.1,3,172,-6,-1121,1172,-7166
alpha 0.1,3,173,-6,-1127,1173,-7172
alpha 0.1,3,174,-5,-1132,1174,-7177
alpha 0.1,3,175,-5,-1137,1175,-7182
alpha 0.1,3,176,-5,-1142,1176,-7187
alpha 0.1,3,177,-5,-1147,1177,-7192
alpha 0.1,3,178,-6,-1153,1178,-7198
alpha 0.1,3,179,-6,-1159,1179,-7204
alpha 0.1,3,180,-7,-1166,1180,-7211
alpha 0.1,3,181,-7,-1173,1181,-7218
alpha 0.1,3,182,-7,-1180,1182,-7225
alpha 0.1,3,183,-7,-1187,1183,-7232
alpha 0.1,3,184,-7,-1194,1184,-7239
alpha 0.1,3,185,-7,-1201,1185,-7246
alpha 0.1,3,186,-7,-1208,1186,-7253
alpha 0.1,3,187,-7,-1215,1187,-7260
alpha 0.1,3,188,-3,-1218,1188,-7263
alpha 0.1,3,189,-3,-1221,1189,-7266
alpha 0.1,3,190,-2,-1223,1190,-7268
alpha 0.1,3,191,-2,-1225,1191,-7270
alpha 0.1,3,192,-1,-1226,1192,-7271
alpha 0.1,3,193,2,-1224,1193,-7269
alpha 0.1,3,194,1,-1223,1194,-7268
alpha 0.1,3,195,-2,-1225,1195,-7270
alpha 0.1,3,196,-4,-1229,1196,-7274
alpha 0.1,3,197,-6,-1235,1197,-7280
alpha 0.1,3,198,-7,-1242,1198,-7287
alpha 0.1,3,199,-7,-1249,1199,-7294
alpha 0.1,3,200,-7,-1256,1200,-7301
alpha 0.1,3,201,-7,-1263,1201,-7308
alpha 0.1,3,202,-6,-1269,1202,-7314
alpha 0.1,3,203,-5,-1274,1203,-7319
alpha 0.1,3,204,-5,-1279,1204,-7324
alpha 0.1,3,205,-5,-1284,1205,-7329
alpha 0.1,3,206,-5,-1289,1206,-7334
alpha 0.1,3,207,-5,-1294,1207,-7339
alpha 0.1,3,208,-5,-1299,1208,-7344
alpha 0.1,3,209,-5,-1304,1209,-7349
alpha 0.1,3,210,-5,-1309,1210,-7354
alpha 0.1,3,211,-5,-1314,1211,-7359
alpha 0.1,3,212,-5,-1319,1212,-7364
alpha 0.1,3,213,-5,-1324,1213,-7369
alpha 0.1,3,214,-5,-1329,1214,-7374
alpha 0.1,3,215,-5,-1334,1215,-7379
alpha 0.1,3,216,-6,-1340,1216,-7385
alpha 0.1,3,217,-7,-1347,1217,-7392
alpha 0.1,3,218,-7,-1354,1218,-7399
alpha 0.1,3,219,-7,-1361,1219,-7406
alpha 0.1,3,220,-8,-1369,1220,-7414
alpha 0.1,3,221,-8,-1377,1221,-7422
alpha 0.1,3,222,-8,-1385,1222,-7430
alpha 0.1,3,223,-8,-1393,1223,-7438
alpha 0.1,3,224,-8,-1401,1224,-7446
alpha 0.1,3,225,-8,-1409,1225,-7454
alpha 0.1,3,226,-8,-1417,1226,-7462
alpha 0.1,3,227,-8,-1425,1227,-7470
alpha 0.1,3,228,-7,-1432,1228,-7477
alpha 0.1,3,229,-7,-1439,1229,-7484
alpha 0.1,3,230,-7,-1446,1230,-7491
alpha 0.1,3,231,-7,-1453,1231,-7498
alpha 0.1,3,232,-7,-1460,1232,-7505
alpha 0.1,3,233,-4,-1464,1233,-7509
alpha 0.1,3,234,-3,-1467,1234,-7512
alpha 0.1,3,235,-2,-1469,1235,-7514
alpha 0.1,3,236,-2,-1471,1236,-7516
alpha 0.1,3,237,-1,-1472,1237,-7517
alpha 0.1,3,238,1,-1471,1238,-7516
alpha 0.1,3,239,-1,-1472,1239,-7517
alpha 0.1,3,240,-2,-1474,1240,-7519
alpha 0.1,3,241,-4,-1478,1241,-7523
alpha 0.1,3,242,-4,-1482,1242,-7527
alpha 0.1,3,243,-8,-1490,1243,-7535
alpha 0.1,3,244,-8,-1498,1244,-7543
alpha 0.1,3,245,-7,-1505,1245,-7550
alpha 0.1,3,246,-7,-1512,1246,-7557
alpha 0.1,3,247,-7,-1519,1247,-7564
alpha 0.1,3,248,-6,-1525,1248,-7570
alpha 0.1,3,249,-6,-1531,1249,-7576
alpha 0.1,3,250,-5,-1536,1250,-7581
alpha 0.1,3,251,-5,-1541,1251,-7586
alpha 0.1,3,252,-5,-1546,1252,-7591
alpha 0.1,3,253,-5,-1551,1253,-7596
alpha 0.1,3,254,-5,-1556,1254,-7601
alpha 0.1,3,255,-5,-1561,1255,-7606
alpha 0.1,3,256,-5,-1566,1256,-7611
alpha 0.1,3,257,-5,-1571,1257,-7616
alpha 0.1,3,258,-5,-1576,1258,-7621
alpha 0.1,3,259,-5,-1581,1259,-7626
alpha 0.1,3,260,-5,-1586,1260,-7631
alpha 0.1,3,261,-5,-1591,1261,-7636
alpha 0.1,3,262,-6,-1597,1262,-7642
alpha 0.1,3,263,-6,-1603,1263,-7648
alpha 0.1,3,264,-6,-1609,1264,-7654
alpha 0.1,3,265,-7,-1616,1265,-7661
alpha 0.1,3,266,-7,-1623,1266,-7668
alpha 0.1,3,267,-7,-1630,1267,-7675
alpha 0.1,3,268,-7,-1637,1268,-7682
alpha 0.1,3,269,-7,-1644,1269,-7689
alpha 0.1,3,270,-7,-1651,1270,-7696
alpha 0.1,3,271,-7,-1658,1271,-7703
alpha 0.1,3,272,-7,-1665,1272,-7710
alpha 0.1,3,273,-7,-1672,1273,-7717
alpha 0.1,3,274,-7,-1679,1274,-7724
alpha 0.1,3,275,-8,-1687,1275,-7732
alpha 0.1,3,276,-7,-1694,1276,-7739
alpha 0.1,3,277,-7,-1701,1277,-7746
alpha 0.1,3,278,-7,-1708,1278,-7753
alpha 0.1,3,279,-7,-1715,1279,-7760
alpha 0.1,3,280,-7,-1722,1280,-7767
alpha 0.1,3,281,-6,-1728,1281,-7773
alpha 0.1,3,282,-5,-1733,1282,-7778
alpha 0.1,3,283,-3,-1736,1283,-7781
alpha 0.1,3,284,-3,-1739,1284,-7784
alpha 0.1,3,285,-2,-1741,1285,-7786
alpha 0.1,3,286,-2,-1743,1286,-7788
alpha 0.1,3,287,-2,-1745,1287,-7790
alpha 0.1,3,288,-2,-1747,1288,-7792
alpha 0.1,3,289,-2,-1749,1289,-7794
alpha 0.1,3,290,-4,-1753,1290,-7798
alpha 0.1,3,291,-5,-1758,1291,-7803
alpha 0.1,3,292,-6,-1764,1292,-7809
alpha 0.1,3,293,-10,-1774,1293,-7819
alpha 0.1,3,294,-10,-1784,1294,-7829
alpha 0.1,3,295,-10,-1794,1295,-7839
alpha 0.1,3,296,-10,-1804,1296,-7849
alpha 0.1,3,297,-8,-1812,1297,-7857
alpha 0.1,3,298,-8,-1820,1298,-7865
alpha 0.1,3,299,-7,-1827,1299,-7872
alpha 0.1,3,300,-7,-1834,1300,-7879
alpha 0.1,3,301,-7,-1841,1301,-7886
alpha 0.1,3,302,-7,-1848,1302,-7893
alpha 0.1,3,303,-7,-1855,1303,-7900
alpha 0.1,3,304,-7,-1862,1304,-7907
alpha 0.1,3,305,-7,-1869,1305,-7914
alpha 0.1,3,306,-7,-1876,1306,-7921
alpha 0.1,3,307,-7,-1883,1307,-7928
alpha 0.1,3,308,-7,-1890,1308,-7935
alpha 0.1,3,309,-6,-1896,1309,-7941
alpha 0.1,3,310,-6,-1902,1310,-7947
alpha 0.1,3,311,-5,-1907,1311,-7952
alpha 0.1,3,312,-5,-1912,1312,-7957
alpha 0.1,3,313,-5,-1917,1313,-7962
alpha 0.1,3,314,-5,-1922,1314,-7967
alpha 0.1,3,315,-5,-1927,1315,-7972
alpha 0.1,3,316,-5,-1932,1316,-7977
alpha 0.1,3,317,-5,-1937,1317,-7982
alpha 0.1,3,318,-5,-1942,1318,-7987
alpha 0.1,3,319,-5,-1947,1319,-7992
alpha 0.1,3,320,-5,-1952,1320,-7997
alpha 0.1,3,321,-6,-1958,1321,-8003
alpha 0.1,3,322,-6,-1964,1322,-8009
alpha 0.1,3,323,-6,-1970,1323,-8015
alpha 0.1,3,324,-7,-1977,1324,-8022
alpha 0.1,3,325,-7,-1984,1325,-8029
alpha 0.1,3,326,-7,-1991,1326,-8036
alpha 0.1,3,327,-7,-1998,1327,-8043
alpha 0.1,3,328,-7,-2005,1328,-8050
alpha 0.1,3,329,-7,-2012,1329,-8057
alpha 0.1,3,330,-7,-2019,1330,-8064
alpha 0.1,3,331,-7,-2026,1331,-8071
alpha 0.1,3,332,-8,-2034,1332,-8079
alpha 0.1,3,333,-8,-2042,1333,-8087
alpha 0.1,3,334,-8,-2050,1334,-8095
alpha 0.1,3,335,-8,-2058,1335,-8103
alpha 0.1,3,336,-8,-2066,1336,-8111
alpha 0.1,3,337,-8,-2074,1337,-8119
alpha 0.1,3,338,-8,-2082,1338,-8127
alpha 0.1,3,339,-10,-2092,1339,-8137
alpha 0.1,3,340,-10,-2102,1340,-8147
alpha 0.1,3,341,-10,-2112,1341,-8157
alpha 0.1,3,342,-10,-2122,1342,-8167
alpha 0.1,3,343,-10,-2132,1343,-8177
alpha 0.1,3,344,-10,-2142,1344,-8187
alpha 0.1,3,345,-10,-2152,1345,-8197
alpha 0.1,3,346,-10,-2162,1346,-8207
alpha 0.1,3,347,-10,-2172,1347,-8217
alpha 0.1,3,348,-10,-2182,1348,-8227
alpha 0.1,3,349,-10,-2192,1349,-8237
alpha 0.1,3,350,-10,-2202,1350,-8247
alpha 0.1,3,351,-10,-2212,1351,-8257
alpha 0.1,3,352,-10,-2222,1352,-8267
alpha 0.1,3,353,-10,-2232,1353,-8277
alpha 0.1,3,354,-10,-2242,1354,-8287
alpha 0.1,3,355,-10,-2252,1355,-8297
alpha 0.1,3,356,-10,-2262,1356,-8307
alpha 0.1,3,357,-10,-2272,1357,-8317
alpha 0.1,3,358,-10,-2282,1358,-8327
alpha 0.1,3,359,-10,-2292,1359,-8337
alpha 0.1,3,360,-10,-2302,1360,-8347
alpha 0.1,3,361,-10,-2312,1361,-8357
alpha 0.1,3,362,-10,-2322,1362,-8367
alpha 0.1,3,363,-10,-2332,1363,-8377
alpha 0.1,3,364,-10,-2342,1364,-8387
alpha 0.1,3,365,-10,-2352,1365,-8397
alpha 0.1,3,366,-10,-2362,1366,-8407
alpha 0.1,3,367,-8,-2370,1367,-8415
alpha 0.1,3,368,-8,-2378,1368,-8423
alpha 0.1,3,369,-8,-2386,1369,-8431
alpha 0.1,3,370,-7,-2393,1370,-8438
alpha 0.1,3,371,-7,-2400,1371,-8445
alpha 0.1,3,372,-5,-2405,1372,-8450
alpha 0.1,3,373,-4,-2409,1373,-8454
alpha 0.1,3,374,-3,-2412,1374,-8457
alpha 0.1,3,375,-2,-2414,1375,-8459
alpha 0.1,3,376,-1,-2415,1376,-8460
alpha 0.1,3,377,1,-2414,1377,-8459
alpha 0.1,3,378,1,-2413,1378,-8458
alpha 0.1,3,379,-2,-2415,1379,-8460
alpha 0.1,3,380,-2,-2417,1380,-8462
alpha 0.1,3,381,-2,-2419,1381,-8464
alpha 0.1,3,382,-4,-2423,1382,-8468
alpha 0.1,3,383,-7,-2430,1383,-8475
alpha 0.1,3,384,-8,-2438,1384,-8483
alpha 0.1,3,385,-8,-2446,1385,-8491
alpha 0.1,3,386,-10,-2456,1386,-8501
alpha 0.1,3,387,-10,-2466,1387,-8511
alpha 0.1,3,388,-10,-2476,1388,-8521
alpha 0.1,3,389,-10,-2486,1389,-8531
alpha 0.1,3,390,-10,-2496,1390,-8541
alpha 0.1,3,391,-10,-2506,1391,-8551
alpha 0.1,3,392,-10,-2516,1392,-8561
alpha 0.1,3,393,-10,-2526,1393,-8571
alpha 0.1,3,394,-10,-2536,1394,-8581
alpha 0.1,3,395,-10,-2546,1395,-8591
alpha 0.1,3,396,-10,-2556,1396,-8601
alpha 0.1,3,397,-10,-2566,1397,-8611
alpha 0.1,3,398,-8,-2574,1398,-8619
alpha 0.1,3,399,-8,-2582,1399,-8627
alpha 0.1,3,400,-8,-2590,1400,-8635
alpha 0.1,3,401,-8,-2598,1401,-8643
alpha 0.1,3,402,-8,-2606,1402,-8651
alpha 0.1,3,403,-8,-2614,1403,-8659
alpha 0.1,3,404,-8,-2622,1404,-8667
alpha 0.1,3,405,-8,-2630,1405,-8675
alpha 0.1,3,406,-7,-2637,1406,-8682
alpha 0.1,3,407,-7,-2644,1407,-8689
alpha 0.1,3,408,-7,-2651,1408,-8696
alpha 0.1,3,409,-7,-2658,1409,-8703
alpha 0.1,3,410,-7,-2665,1410,-8710
alpha 0.1,3,411,-7,-2672,1411,-8717
alpha 0.1,3,412,-7,-2679,1412,-8724
alpha 0.1,3,413,-7,-2686,1413,-8731
alpha 0.1,3,414,-7,-2693,1414,-8738
alpha 0.1,3,415,-7,-2700,1415,-8745
alpha 0.1,3,416,-6,-2706,1416,-8751
alpha 0.1,3,417,-6,-2712,1417,-8757
alpha 0.1,3,418,-6,-2718,1418,-8763
alpha 0.1,3,419,-5,-2723,1419,-8768
alpha 0.1,3,420,-5,-2728,1420,-8773
alpha 0.1,3,421,-5,-2733,1421,-8778
alpha 0.1,3,422,-5,-2738,1422,-8783
alpha 0.1,3,423,-5,-2743,1423,-8788
alpha 0.1,3,424,-5,-2748,1424,-8793
alpha 0.1,3,425,-5,-2753,1425,-8798
alpha 0.1,3,426,-5,-2758,1426,-8803
alpha 0.1,3,427,-5,-2763,1427,-8808
alpha 0.1,3,428,-5,-2768,1428,-8813
alpha 0.1,3,429,-5,-2773,1429,-8818
alpha 0.1,3,430,-5,-2778,1430,-8823
alpha 0.1,3,431,-6,-2784,1431,-8829
alpha 0.1,3,432,-6,-2790,1432,-8835
alpha 0.1,3,433,-6,-2796,1433,-8841
alpha 0.1,3,434,-7,-2803,1434,-8848
alpha 0.1,3,435,-7,-2810,1435,-8855
alpha 0.1,3,436,-7,-2817,1436,-8862
alpha 0.1,3,437,-7,-2824,1437,-8869
alpha 0.1,3,438,-7,-2831,1438,-8876
alpha 0.1,3,439,-7,-2838,1439,-8883
alpha 0.1,3,440,-7,-2845,1440,-8890
alpha 0.1,3,441,-7,-2852,1441,-8897
alpha 0.1,3,442,-8,-2860,1442,-8905
alpha 0.1,3,443,-8,-2868,1443,-8913
alpha 0.1,3,444,-8,-2876,1444,-8921
alpha 0.1,3,445,-8,-2884,1445,-8929
alpha 0.1,3,446,-8,-2892,1446,-8937
alpha 0.1,3,447,-8,-2900,1447,-8945
alpha 0.1,3,448,-10,-2910,1448,-8955
alpha 0.1,3,449,-10,-2920,1449,-8965
alpha 0.1,3,450,-10,-2930,1450,-8975
alpha 0.1,3,451,-10,-2940,1451,-8985
alpha 0.1,3,452,-10,-2950,1452,-8995
alpha 0.1,3,453,-10,-2960,1453,-9005
alpha 0.1,3,454,-10,-2970,1454,-9015
alpha 0.1,3,455,-10,-2980,1455,-9025
alpha 0.1,3,456,-10,-2990,1456,-9035
alpha 0.1,3,457,-10,-3000,1457,-9045
alpha 0.1,3,458,-10,-3010,1458,-9055
alpha 0.1,3,459,-10,-3020,1459,-9065
alpha 0.1,3,460,-10,-3030,1460,-9075
alpha 0.1,3,461,-10,-3040,1461,-9085
alpha 0.1,3,462,-10,-3050,1462,-9095
alpha 0.1,3,463,-10,-3060,1463,-9105
alpha 0.1,3,464,-2,-3062,1464,-9107
alpha 0.1,3,465,-5,-3067,1465,-9112
alpha 0.1,3,466,-10,-3077,1466,-9122
alpha 0.1,3,467,-5,-3082,1467,-9127
alpha 0.1,3,468,-7,-3089,1468,-9134
alpha 0.1,3,469,-8,-3097,1469,-9142
alpha 0.1,3,470,-3,-3100,1470,-9145
alpha 0.1,3,471,-5,-3105,1471,-9150
alpha 0.1,3,472,-5,-3110,1472,-9155
alpha 0.1,3,473,-7,-3117,1473,-9162
alpha 0.1,3,474,-8,-3125,1474,-9170
alpha 0.1,3,475,-10,-3135,1475,-9180
alpha 0.1,3,476,-8,-3143,1476,-9188
alpha 0.1,3,477,-4,-3147,1477,-9192
alpha 0.1,3,478,-4,-3151,1478,-9196
alpha 0.1,3,479,-5,-3156,1479,-9201
alpha 0.1,3,480,-10,-3166,1480,-9211
alpha 0.1,3,481,-6,-3172,1481,-9217
alpha 0.1,3,482,-7,-3179,1482,-9224
alpha 0.1,3,483,-8,-3187,1483,-9232
alpha 0.1,3,484,-3,-3190,1484,-9235
alpha 0.1,3,485,-7,-3197,1485,-9242
alpha 0.1,3,486,-5,-3202,1486,-9247
alpha 0.1,3,487,-7,-3209,1487,-9254
alpha 0.1,3,488,-10,-3219,1488,-9264
alpha 0.1,3,489,-10,-3229,1489,-9274
alpha 0.1,3,490,-4,-3233,1490,-9278
alpha 0.1,3,491,-3,-3236,1491,-9281
alpha 0.1,3,492,-7,-3243,1492,-9288
alpha 0.1,3,493,-10,-3253,1493,-9298
alpha 0.1,3,494,-8,-3261,1494,-9306
alpha 0.1,3,495,-5,-3266,1495,-9311
alpha 0.1,3,496,-7,-3273,1496,-9318
alpha 0.1,3,497,-5,-3278,1497,-9323
alpha 0.1,3,498,-3,-3281,1498,-9326
alpha 0.1,3,499,-7,-3288,1499,-9333
alpha 0.1,3,500,-6,-3294,1500,-9339
alpha 0.01,1,1,4,4,1,4
alpha 0.01,1,2,4,8,2,8
alpha 0.01,1,3,4,12,3,12
alpha 0.01,1,4,2,14,4,14
alpha 0.01,1,5,2,16,5,16
alpha 0.01,1,6,1,17,6,17
alpha 0.01,1,7,1,18,7,18
alpha 0.01,1,8,-1,17,8,17
alpha 0.01,1,9,-2,15,9,15
alpha 0.01,1,10,-2,13,10,13
alpha 0.01,1,11,-2,11,11,11
alpha 0.01,1,12,-3,8,12,8
alpha 0.01,1,13,-5,3,13,3
alpha 0.01,1,14,-5,-2,14,-2
alpha 0.01,1,15,-5,-7,15,-7
alpha 0.01,1,16,-5,-12,16,-12
alpha 0.01,1,17,-5,-17,17,-17
alpha 0.01,1,18,-5,-22,18,-22
alpha 0.01,1,19,-10,-32,19,-32
alpha 0.01,1,20,-10,-42,20,-42
alpha 0.01,1,21,-10,-52,21,-52
alpha 0.01,1,22,-10,-62,22,-62
alpha 0.01,1,23,-10,-72,23,-72
alpha 0.01,1,24,-10,-82,24,-82
alpha 0.01,1,25,-10,-92,25,-92
alpha 0.01,1,26,-10,-102,26,-102
alpha 0.01,1,27,-10,-112,27,-112
alpha 0.01,1,28,-10,-122,28,-122
alpha 0.01,1,29,-10,-132,29,-132
alpha 0.01,1,30,-10,-142,30,-142
alpha 0.01,1,31,-10,-152,31,-152
alpha 0.01,1,32,-10,-162,32,-162
alpha 0.01,1,33,-7,-169,33,-169
alpha 0.01,1,34,-7,-176,34,-176
alpha 0.01,1,35,-8,-184,35,-184
alpha 0.01,1,36,-10,-194,36,-194
alpha 0.01,1,37,-10,-204,37,-204
alpha 0.01,1,38,-10,-214,38,-214
alpha 0.01,1,39,-8,-222,39,-222
alpha 0.01,1,40,-7,-229,40,-229
alpha 0.01,1,41,-6,-235,41,-235
alpha 0.01,1,42,-6,-241,42,-241
alpha 0.01,1,43,-5,-246,43,-246
alpha 0.01,1,44,-5,-251,44,-251
alpha 0.01,1,45,-5,-256,45,-256
alpha 0.01,1,46,-5,-261,46,-261
alpha 0.01,1,47,-5,-266,47,-266
alpha 0.01,1,48,-5,-271,48,-271
alpha 0.01,1,49,-5,-276,49,-276
alpha 0.01,1,50,-5,-281,50,-281
alpha 0.01,1,51,-5,-286,51,-286
alpha 0.01,1,52,-5,-291,52,-291
alpha 0.01,1,53,-5,-296,53,-296
alpha 0.01,1,54,-5,-301,54,-301
alpha 0.01,1,55,-5,-306,55,-306
alpha 0.01,1,56,-5,-311,56,-311
alpha 0.01,1,57,-5,-316,57,-316
alpha 0.01,1,58,-5,-321,58,-321
alpha 0.01,1,59,-5,-326,59,-326
alpha 0.01,1,60,-5,-331,60,-331
alpha 0.01,1,61,-5,-336,61,-336
alpha 0.01,1,62,-5,-341,62,-341
alpha 0.01,1,63,-5,-346,63,-346
alpha 0.01,1,64,-5,-351,64,-351
alpha 0.01,1,65,-5,-356,65,-356
alpha 0.01,1,66,-5,-361,66,-361
alpha 0.01,1,67,-5,-366,67,-366
alpha 0.01,1,68,-5,-371,68,-371
alpha 0.01,1,69,-5,-376,69,-376
alpha 0.01,1,70,-5,-381,70,-381
alpha 0.01,1,71,-5,-386,71,-386
alpha 0.01,1,72,-5,-391,72,-391
alpha 0.01,1,73,-5,-396,73,-396
alpha 0.01,1,74,-5,-401,74,-401
alpha 0.01,1,75,-5,-406,75,-406
alpha 0.01,1,76,-5,-411,76,-411
alpha 0.01,1,77,-3,-414,77,-414
alpha 0.01,1,78,-3,-417,78,-417
alpha 0.01,1,79,-3,-420,79,-420
alpha 0.01,1,80,-3,-423,80,-423
alpha 0.01,1,81,-3,-426,81,-426
alpha 0.01,1,82,-2,-428,82,-428
alpha 0.01,1,83,-3,-431,83,-431
alpha 0.01,1,84,-4,-435,84,-435
alpha 0.01,1,85,-4,-439,85,-439
alpha 0.01,1,86,-4,-443,86,-443
alpha 0.01,1,87,-4,-447,87,-447
alpha 0.01,1,88,-4,-451,88,-451
alpha 0.01,1,89,-3,-454,89,-454
alpha 0.01,1,90,-3,-457,90,-457
alpha 0.01,1,91,-3,-460,91,-460
alpha 0.01,1,92,-3,-463,92,-463
alpha 0.01,1,93,-3,-466,93,-466
alpha 0.01,1,94,-3,-469,94,-469
alpha 0.01,1,95,-3,-472,95,-472
alpha 0.01,1,96,-2,-474,96,-474
alpha 0.01,1,97,1,-473,97,-473
alpha 0.01,1,98,1,-472,98,-472
alpha 0.01,1,99,-1,-473,99,-473
alpha 0.01,1,100,-1,-474,100,-474
alpha 0.01,1,101,1,-473,101,-473
alpha 0.01,1,102,-2,-475,102,-475
alpha 0.01,1,103,-2,-477,103,-477
alpha 0.01,1,104,1,-476,104,-476
alpha 0.01,1,105,1,-475,105,-475
alpha 0.01,1,106,1,-474,106,-474
alpha 0.01,1,107,-1,-475,107,-475
alpha 0.01,1,108,-2,-477,108,-477
alpha 0.01,1,109,-2,-479,109,-479
alpha 0.01,1,110,-2,-481,110,-481
alpha 0.01,1,111,-2,-483,111,-483
alpha 0.01,1,112,-2,-485,112,-485
alpha 0.01,1,113,-2,-487,113,-487
alpha 0.01,1,114,-2,-489,114,-489
alpha 0.01,1,115,-2,-491,115,-491
alpha 0.01,1,116,-2,-493,116,-493
alpha 0.01,1,117,-2,-495,117,-495
alpha 0.01,1,118,-2,-497,118,-497
alpha 0.01,1,119,-2,-499,119,-499
alpha 0.01,1,120,-2,-501,120,-501
alpha 0.01,1,121,-2,-503,121,-503
alpha 0.01,1,122,-2,-505,122,-505
alpha 0.01,1,123,-2,-507,123,-507
alpha 0.01,1,124,-2,-509,124,-509
alpha 0.01,1,125,-2,-511,125,-511
alpha 0.01,1,126,-2,-513,126,-513
alpha 0.01,1,127,-2,-515,127,-515
alpha 0.01,1,128,-2,-517,128,-517
alpha 0.01,1,129,-2,-519,129,-519
alpha 0.01,1,130,-3,-522,130,-522
alpha 0.01,1,131,-3,-525,131,-525
alpha 0.01,1,132,-3,-528,132,-528
alpha 0.01,1,133,-3,-531,133,-531
alpha 0.01,1,134,-3,-534,134,-534
alpha 0.01,1,135,-3,-537,135,-537
alpha 0.01,1,136,-3,-540,136,-540
alpha 0.01,1,137,-4,-544,137,-544
alpha 0.01,1,138,-4,-548,138,-548
alpha 0.01,1,139,-4,-552,139,-552
alpha 0.01,1,140,-4,-556,140,-556
alpha 0.01,1,141,-4,-560,141,-560
alpha 0.01,1,142,-4,-564,142,-564
alpha 0.01,1,143,-4,-568,143,-568
alpha 0.01,1,144,-4,-572,144,-572
alpha 0.01,1,145,-5,-577,145,-577
alpha 0.01,1,146,-5,-582,146,-582
alpha 0.01,1,147,-5,-587,147,-587
alpha 0.01,1,148,-5,-592,148,-592
alpha 0.01,1,149,-5,-597,149,-597
alpha 0.01,1,150,-4,-601,150,-601
alpha 0.01,1,151,-4,-605,151,-605
alpha 0.01,1,152,-4,-609,152,-609
alpha 0.01,1,153,-4,-613,153,-613
alpha 0.01,1,154,-4,-617,154,-617
alpha 0.01,1,155,-4,-621,155,-621
alpha 0.01,1,156,-4,-625,156,-625
alpha 0.01,1,157,-4,-629,157,-629
alpha 0.01,1,158,-4,-633,158,-633
alpha 0.01,1,159,-4,-637,159,-637
alpha 0.01,1,160,-4,-641,160,-641
alpha 0.01,1,161,-4,-645,161,-645
alpha 0.01,1,162,-4,-649,162,-649
alpha 0.01,1,163,-5,-654,163,-654
alpha 0.01,1,164,-5,-659,164,-659
alpha 0.01,1,165,-6,-665,165,-665
alpha 0.01,1,166,-6,-671,166,-671
alpha 0.01,1,167,-6,-677,167,-677
alpha 0.01,1,168,-6,-683,168,-683
alpha 0.01,1,169,-6,-689,169,-689
alpha 0.01,1,170,-6,-695,170,-695
alpha 0.01,1,171,-6,-701,171,-701
alpha 0.01,1,172,-6,-707,172,-707
alpha 0.01,1,173,-6,-713,173,-713
alpha 0.01,1,174,-6,-719,174,-719
alpha 0.01,1,175,-6,-725,175,-725
alpha 0.01,1,176,-6,-731,176,-731
alpha 0.01,1,177,-6,-737,177,-737
alpha 0.01,1,178,-6,-743,178,-743
alpha 0.01,1,179,-6,-749,179,-749
alpha 0.01,1,180,-6,-755,180,-755
alpha 0.01,1,181,-6,-761,181,-761
alpha 0.01,1,182,-6,-767,182,-767
alpha 0.01,1,183,-6,-773,183,-773
alpha 0.01,1,184,-6,-779,184,-779
alpha 0.01,1,185,-6,-785,185,-785
alpha 0.01,1,186,-6,-791,186,-791
alpha 0.01,1,187,-8,-799,187,-799
alpha 0.01,1,188,-8,-807,188,-807
alpha 0.01,1,189,-6,-813,189,-813
alpha 0.01,1,190,-8,-821,190,-821
alpha 0.01,1,191,-8,-829,191,-829
alpha 0.01,1,192,-8,-837,192,-837
alpha 0.01,1,193,-8,-845,193,-845
alpha 0.01,1,194,-8,-853,194,-853
alpha 0.01,1,195,-8,-861,195,-861
alpha 0.01,1,196,-8,-869,196,-869
alpha 0.01,1,197,-8,-877,197,-877
alpha 0.01,1,198,-8,-885,198,-885
alpha 0.01,1,199,-8,-893,199,-893
alpha 0.01,1,200,-8,-901,200,-901
alpha 0.01,1,201,-8,-909,201,-909
alpha 0.01,1,202,-8,-917,202,-917
alpha 0.01,1,203,-8,-925,203,-925
alpha 0.01,1,204,-8,-933,204,-933
alpha 0.01,1,205,-8,-941,205,-941
alpha 0.01,1,206,-8,-949,206,-949
alpha 0.01,1,207,-8,-957,207,-957
alpha 0.01,1,208,-8,-965,208,-965
alpha 0.01,1,209,-8,-973,209,-973
alpha 0.01,1,210,-8,-981,210,-981
alpha 0.01,1,211,-8,-989,211,-989
alpha 0.01,1,212,-8,-997,212,-997
alpha 0.01,1,213,-8,-1005,213,-1005
alpha 0.01,1,214,-8,-1013,214,-1013
alpha 0.01,1,215,-8,-1021,215,-1021
alpha 0.01,1,216,-8,-1029,216,-1029
alpha 0.01,1,217,-8,-1037,217,-1037
alpha 0.01,1,218,-8,-1045,218,-1045
alpha 0.01,1,219,-8,-1053,219,-1053
alpha 0.01,1,220,-8,-1061,220,-1061
alpha 0.01,1,221,-8,-1069,221,-1069
alpha 0.01,1,222,-7,-1076,222,-1076
alpha 0.01,1,223,-7,-1083,223,-1083
alpha 0.01,1,224,-7,-1090,224,-1090
alpha 0.01,1,225,-7,-1097,225,-1097
alpha 0.01,1,226,-7,-1104,226,-1104
alpha 0.01,1,227,-7,-1111,227,-1111
alpha 0.01,1,228,-7,-1118,228,-1118
alpha 0.01,1,229,-7,-1125,229,-1125
alpha 0.01,1,230,-7,-1132,230,-1132
alpha 0.01,1,231,-7,-1139,231,-1139
alpha 0.01,1,232,-7,-1146,232,-1146
alpha 0.01,1,233,-7,-1153,233,-1153
alpha 0.01,1,234,-7,-1160,234,-1160
alpha 0.01,1,235,-7,-1167,235,-1167
alpha 0.01,1,236,-7,-1174,236,-1174
alpha 0.01,1,237,-7,-1181,237,-1181
alpha 0.01,1,238,-6,-1187,238,-1187
alpha 0.01,1,239,-6,-1193,239,-1193
alpha 0.01,1,240,-6,-1199,240,-1199
alpha 0.01,1,241,-6,-1205,241,-1205
alpha 0.01,1,242,-6,-1211,242,-1211
alpha 0.01,1,243,-6,-1217,243,-1217
alpha 0.01,1,244,-6,-1223,244,-1223
alpha 0.01,1,245,-5,-1228,245,-1228
alpha 0.01,1,246,-5,-1233,246,-1233
alpha 0.01,1,247,-5,-1238,247,-1238
alpha 0.01,1,248,-5,-1243,248,-1243
alpha 0.01,1,249,-5,-1248,249,-1248
alpha 0.01,1,250,-5,-1253,250,-1253
alpha 0.01,1,251,-5,-1258,251,-1258
alpha 0.01,1,252,-5,-1263,252,-1263
alpha 0.01,1,253,-5,-1268,253,-1268
alpha 0.01,1,254,-5,-1273,254,-1273
alpha 0.01,1,255,-5,-1278,255,-1278
alpha 0.01,1,256,-5,-1283,256,-1283
alpha 0.01,1,257,-5,-1288,257,-1288
alpha 0.01,1,258,-5,-1293,258,-1293
alpha 0.01,1,259,-5,-1298,259,-1298
alpha 0.01,1,260,-5,-1303,260,-1303
alpha 0.01,1,261,-6,-1309,261,-1309
alpha 0.01,1,262,-6,-1315,262,-1315
alpha 0.01,1,263,-6,-1321,263,-1321
alpha 0.01,1,264,-6,-1327,264,-1327
alpha 0.01,1,265,-6,-1333,265,-1333
alpha 0.01,1,266,-7,-1340,266,-1340
alpha 0.01,1,267,-7,-1347,267,-1347
alpha 0.01,1,268,-7,-1354,268,-1354
alpha 0.01,1,269,-7,-1361,269,-1361
alpha 0.01,1,270,-7,-1368,270,-1368
alpha 0.01,1,271,-7,-1375,271,-1375
alpha 0.01,1,272,-7,-1382,272,-1382
alpha 0.01,1,273,-7,-1389,273,-1389
alpha 0.01,1,274,-7,-1396,274,-1396
alpha 0.01,1,275,-7,-1403,275,-1403
alpha 0.01,1,276,-7,-1410,276,-1410
alpha 0.01,1,277,-7,-1417,277,-1417
alpha 0.01,1,278,-7,-1424,278,-1424
alpha 0.01,1,279,-7,-1431,279,-1431
alpha 0.01,1,280,-7,-1438,280,-1438
alpha 0.01,1,281,-7,-1445,281,-1445
alpha 0.01,1,282,-7,-1452,282,-1452
alpha 0.01,1,283,-7,-1459,283,-1459
alpha 0.01,1,284,-7,-1466,284,-1466
alpha 0.01,1,285,-7,-1473,285,-1473
alpha 0.01,1,286,-7,-1480,286,-1480
alpha 0.01,1,287,-7,-1487,287,-1487
alpha 0.01,1,288,-7,-1494,288,-1494
alpha 0.01,1,289,-7,-1501,289,-1501
alpha 0.01,1,290,-7,-1508,290,-1508
alpha 0.01,1,291,-7,-1515,291,-1515
alpha 0.01,1,292,-7,-1522,292,-1522
alpha 0.01,1,293,-7,-1529,293,-1529
alpha 0.01,1,294,-7,-1536,294,-1536
alpha 0.01,1,295,-7,-1543,295,-1543
alpha 0.01,1,296,-7,-1550,296,-1550
alpha 0.01,1,297,-7,-1557,297,-1557
alpha 0.01,1,298,-7,-1564,298,-1564
alpha 0.01,1,299,-7,-1571,299,-1571
alpha 0.01,1,300,-7,-1578,300,-1578
alpha 0.01,1,301,-7,-1585,301,-1585
alpha 0.01,1,302,-7,-1592,302,-1592
alpha 0.01,1,303,-7,-1599,303,-1599
alpha 0.01,1,304,-7,-1606,304,-1606
alpha 0.01,1,305,-5,-1611,305,-1611
alpha 0.01,1,306,-6,-1617,306,-1617
alpha 0.01,1,307,-5,-1622,307,-1622
alpha 0.01,1,308,-5,-1627,308,-1627
alpha 0.01,1,309,-5,-1632,309,-1632
alpha 0.01,1,310,-5,-1637,310,-1637
alpha 0.01,1,311,-5,-1642,311,-1642
alpha 0.01,1,312,-5,-1647,312,-1647
alpha 0.01,1,313,-5,-1652,313,-1652
alpha 0.01,1,314,-5,-1657,314,-1657
alpha 0.01,1,315,-5,-1662,315,-1662
alpha 0.01,1,316,-5,-1667,316,-1667
alpha 0.01,1,317,-5,-1672,317,-1672
alpha 0.01,1,318,-5,-1677,318,-1677
alpha 0.01,1,319,-5,-1682,319,-1682
alpha 0.01,1,320,-5,-1687,320,-1687
alpha 0.01,1,321,-5,-1692,321,-1692
alpha 0.01,1,322,-7,-1699,322,-1699
alpha 0.01,1,323,-7,-1706,323,-1706
alpha 0.01,1,324,-7,-1713,324,-1713
alpha 0.01,1,325,-7,-1720,325,-1720
alpha 0.01,1,326,-5,-1725,326,-1725
alpha 0.01,1,327,-5,-1730,327,-1730
alpha 0.01,1,328,-5,-1735,328,-1735
alpha 0.01,1,329,-5,-1740,329,-1740
alpha 0.01,1,330,-5,-1745,330,-1745
alpha 0.01,1,331,-4,-1749,331,-1749
alpha 0.01,1,332,-4,-1753,332,-1753
alpha 0.01,1,333,-5,-1758,333,-1758
alpha 0.01,1,334,-5,-1763,334,-1763
alpha 0.01,1,335,-4,-1767,335,-1767
alpha 0.01,1,336,-4,-1771,336,-1771
alpha 0.01,1,337,-4,-1775,337,-1775
alpha 0.01,1,338,-4,-1779,338,-1779
alpha 0.01,1,339,-4,-1783,339,-1783
alpha 0.01,1,340,-4,-1787,340,-1787
alpha 0.01,1,341,-3,-1790,341,-1790
alpha 0.01,1,342,-3,-1793,342,-1793
alpha 0.01,1,343,-3,-1796,343,-1796
alpha 0.01,1,344,-3,-1799,344,-1799
alpha 0.01,1,345,-2,-1801,345,-1801
alpha 0.01,1,346,-2,-1803,346,-1803
alpha 0.01,1,347,-2,-1805,347,-1805
alpha 0.01,1,348,-2,-1807,348,-1807
alpha 0.01,1,349,-2,-1809,349,-1809
alpha 0.01,1,350,-2,-1811,350,-1811
alpha 0.01,1,351,-2,-1813,351,-1813
alpha 0.01,1,352,-2,-1815,352,-1815
alpha 0.01,1,353,-2,-1817,353,-1817
alpha 0.01,1,354,-2,-1819,354,-1819
alpha 0.01,1,355,-2,-1821,355,-1821
alpha 0.01,1,356,-2,-1823,356,-1823
alpha 0.01,1,357,-3,-1826,357,-1826
alpha 0.01,1,358,-5,-1831,358,-1831
alpha 0.01,1,359,-3,-1834,359,-1834
alpha 0.01,1,360,-3,-1837,360,-1837
alpha 0.01,1,361,-3,-1840,361,-1840
alpha 0.01,1,362,-3,-1843,362,-1843
alpha 0.01,1,363,-3,-1846,363,-1846
alpha 0.01,1,364,-3,-1849,364,-1849
alpha 0.01,1,365,-3,-1852,365,-1852
alpha 0.01,1,366,-3,-1855,366,-1855
alpha 0.01,1,367,-3,-1858,367,-1858
alpha 0.01,1,368,-3,-1861,368,-1861
alpha 0.01,1,369,-3,-1864,369,-1864
alpha 0.01,1,370,-3,-1867,370,-1867
alpha 0.01,1,371,-3,-1870,371,-1870
alpha 0.01,1,372,-3,-1873,372,-1873
alpha 0.01,1,373,-3,-1876,373,-1876
alpha 0.01,1,374,-3,-1879,374,-1879
alpha 0.01,1,375,-3,-1882,375,-1882
alpha 0.01,1,376,-3,-1885,376,-1885
alpha 0.01,1,377,-3,-1888,377,-1888
alpha 0.01,1,378,-2,-1890,378,-1890
alpha 0.01,1,379,-2,-1892,379,-1892
alpha 0.01,1,380,-2,-1894,380,-1894
alpha 0.01,1,381,-2,-1896,381,-1896
alpha 0.01,1,382,-2,-1898,382,-1898
alpha 0.01,1,383,-2,-1900,383,-1900
alpha 0.01,1,384,-2,-1902,384,-1902
alpha 0.01,1,385,-3,-1905,385,-1905
alpha 0.01,1,386,-3,-1908,386,-1908
alpha 0.01,1,387,-3,-1911,387,-1911
alpha 0.01,1,388,-3,-1914,388,-1914
alpha 0.01,1,389,-3,-1917,389,-1917
alpha 0.01,1,390,-3,-1920,390,-1920
alpha 0.01,1,391,-3,-1923,391,-1923
alpha 0.01,1,392,-3,-1926,392,-1926
alpha 0.01,1,393,-3,-1929,393,-1929
alpha 0.01,1,394,-3,-1932,394,-1932
alpha 0.01,1,395,-3,-1935,395,-1935
alpha 0.01,1,396,-4,-1939,396,-1939
alpha 0.01,1,397,-4,-1943,397,-1943
alpha 0.01,1,398,-4,-1947,398,-1947
alpha 0.01,1,399,-4,-1951,399,-1951
alpha 0.01,1,400,-4,-1955,400,-1955
alpha 0.01,1,401,-4,-1959,401,-1959
alpha 0.01,1,402,-4,-1963,402,-1963
alpha 0.01,1,403,-4,-1967,403,-1967
alpha 0.01,1,404,-4,-1971,404,-1971
alpha 0.01,1,405,-4,-1975,405,-1975
alpha 0.01,1,406,-4,-1979,406,-1979
alpha 0.01,1,407,-4,-1983,407,-1983
alpha 0.01,1,408,-4,-1987,408,-1987
alpha 0.01,1,409,-4,-1991,409,-1991
alpha 0.01,1,410,-4,-1995,410,-1995
alpha 0.01,1,411,-4,-1999,411,-1999
alpha 0.01,1,412,-4,-2003,412,-2003
alpha 0.01,1,413,-4,-2007,413,-2007
alpha 0.01,1,414,-5,-2012,414,-2012
alpha 0.01,1,415,-5,-2017,415,-2017
alpha 0.01,1,416,-5,-2022,416,-2022
alpha 0.01,1,417,-5,-2027,417,-2027
alpha 0.01,1,418,-5,-2032,418,-2032
alpha 0.01,1,419,-5,-2037,419,-2037
alpha 0.01,1,420,-5,-2042,420,-2042
alpha 0.01,1,421,-5,-2047,421,-2047
alpha 0.01,1,422,-5,-2052,422,-2052
alpha 0.01,1,423,-5,-2057,423,-2057
alpha 0.01,1,424,-5,-2062,424,-2062
alpha 0.01,1,425,-5,-2067,425,-2067
alpha 0.01,1,426,-5,-2072,426,-2072
alpha 0.01,1,427,-5,-2077,427,-2077
alpha 0.01,1,428,-5,-2082,428,-2082
alpha 0.01,1,429,-5,-2087,429,-2087
alpha 0.01,1,430,-5,-2092,430,-2092
alpha 0.01,1,431,-5,-2097,431,-2097
alpha 0.01,1,432,-5,-2102,432,-2102
alpha 0.01,1,433,-5,-2107,433,-2107
alpha 0.01,1,434,-5,-2112,434,-2112
alpha 0.01,1,435,-5,-2117,435,-2117
alpha 0.01,1,436,-5,-2122,436,-2122
alpha 0.01,1,437,-5,-2127,437,-2127
alpha 0.01,1,438,-5,-2132,438,-2132
alpha 0.01,1,439,-5,-2137,439,-2137
alpha 0.01,1,440,-6,-2143,440,-2143
alpha 0.01,1,441,-6,-2149,441,-2149
alpha 0.01,1,442,-5,-2154,442,-2154
alpha 0.01,1,443,-5,-2159,443,-2159
alpha 0.01,1,444,-5,-2164,444,-2164
alpha 0.01,1,445,-6,-2170,445,-2170
alpha 0.01,1,446,-8,-2178,446,-2178
alpha 0.01,1,447,-8,-2186,447,-2186
alpha 0.01,1,448,-8,-2194,448,-2194
alpha 0.01,1,449,-8,-2202,449,-2202
alpha 0.01,1,450,-8,-2210,450,-2210
alpha 0.01,1,451,-8,-2218,451,-2218
alpha 0.01,1,452,-8,-2226,452,-2226
alpha 0.01,1,453,-8,-2234,453,-2234
alpha 0.01,1,454,-8,-2242,454,-2242
alpha 0.01,1,455,-8,-2250,455,-2250
alpha 0.01,1,456,-7,-2257,456,-2257
alpha 0.01,1,457,-7,-2264,457,-2264
alpha 0.01,1,458,-7,-2271,458,-2271
alpha 0.01,1,459,-7,-2278,459,-2278
alpha 0.01,1,460,-7,-2285,460,-2285
alpha 0.01,1,461,-7,-2292,461,-2292
alpha 0.01,1,462,-7,-2299,462,-2299
alpha 0.01,1,463,-7,-2306,463,-2306
alpha 0.01,1,464,-7,-2313,464,-2313
alpha 0.01,1,465,-7,-2320,465,-2320
alpha 0.01,1,466,-7,-2327,466,-2327
alpha 0.01,1,467,-7,-2334,467,-2334
alpha 0.01,1,468,-7,-2341,468,-2341
alpha 0.01,1,469,-7,-2348,469,-2348
alpha 0.01,1,470,-7,-2355,470,-2355
alpha 0.01,1,471,-7,-2362,471,-2362
alpha 0.01,1,472,-7,-2369,472,-2369
alpha 0.01,1,473,-7,-2376,473,-2376
alpha 0.01,1,474,-7,-2383,474,-2383
alpha 0.01,1,475,-7,-2390,475,-2390
alpha 0.01,1,476,-7,-2397,476,-2397
alpha 0.01,1,477,-7,-2404,477,-2404
alpha 0.01,1,478,-7,-2411,478,-2411
alpha 0.01,1,479,-7,-2418,479,-2418
alpha 0.01,1,480,-7,-2425,480,-2425
alpha 0.01,1,481,-7,-2432,481,-2432
alpha 0.01,1,482,-7,-2439,482,-2439
alpha 0.01,1,483,-7,-2446,483,-2446
alpha 0.01,1,484,-7,-2453,484,-2453
alpha 0.01,1,485,-7,-2460,485,-2460
alpha 0.01,1,486,-7,-2467,486,-2467
alpha 0.01,1,487,-6,-2473,487,-2473
alpha 0.01,1,488,-6,-2479,488,-2479
alpha 0.01,1,489,-6,-2485,489,-2485
alpha 0.01,1,490,-6,-2491,490,-2491
alpha 0.01,1,491,-6,-2497,491,-2497
alpha 0.01,1,492,-6,-2503,492,-2503
alpha 0.01,1,493,-6,-2509,493,-2509
alpha 0.01,1,494,-5,-2514,494,-2514
alpha 0.01,1,495,-5,-2519,495,-2519
alpha 0.01,1,496,-5,-2524,496,-2524
alpha 0.01,1,497,-5,-2529,497,-2529
alpha 0.01,1,498,-5,-2534,498,-2534
alpha 0.01,1,499,-5,-2539,499,-2539
alpha 0.01,1,500,-5,-2544,500,-2544
alpha 0.01,1,1,4,4,1,4
alpha 0.01,1,2,4,8,2,8
alpha 0.01,1,3,4,12,3,12
alpha 0.01,1,4,2,14,4,14
alpha 0.01,1,5,2,16,5,16
alpha 0.01,1,6,1,17,6,17
alpha 0.01,1,7,1,18,7,18
alpha 0.01,1,8,-1,17,8,17
alpha 0.01,1,9,-2,15,9,15
alpha 0.01,1,10,-2,13,10,13
alpha 0.01,1,11,-2,11,11,11
alpha 0.01,1,12,-3,8,12,8
alpha 0.01,1,13,-5,3,13,3
alpha 0.01,1,14,-5,-2,14,-2
alpha 0.01,1,15,-5,-7,15,-7
alpha 0.01,1,16,-5,-12,16,-12
alpha 0.01,1,17,-5,-17,17,-17
alpha 0.01,1,18,-5,-22,18,-22
alpha 0.01,1,19,-10,-32,19,-32
alpha 0.01,1,20,-10,-42,20,-42
alpha 0.01,1,21,-10,-52,21,-52
alpha 0.01,1,22,-10,-62,22,-62
alpha 0.01,1,23,-10,-72,23,-72
alpha 0.01,1,24,-10,-82,24,-82
alpha 0.01,1,25,-10,-92,25,-92
alpha 0.01,1,26,-10,-102,26,-102
alpha 0.01,1,27,-10,-112,27,-112
alpha 0.01,1,28,-10,-122,28,-122
alpha 0.01,1,29,-10,-132,29,-132
alpha 0.01,1,30,-10,-142,30,-142
alpha 0.01,1,31,-10,-152,31,-152
alpha 0.01,1,32,-10,-162,32,-162
alpha 0.01,1,33,-7,-169,33,-169
alpha 0.01,1,34,-7,-176,34,-176
alpha 0.01,1,35,-8,-184,35,-184
alpha 0.01,1,36,-10,-194,36,-194
alpha 0.01,1,37,-10,-204,37,-204
alpha 0.01,1,38,-10,-214,38,-214
alpha 0.01,1,39,-8,-222,39,-222
alpha 0.01,1,40,-7,-229,40,-229
alpha 0.01,1,41,-6,-235,41,-235
alpha 0.01,1,42,-6,-241,42,-241
alpha 0.01,1,43,-5,-246,43,-246
alpha 0.01,1,44,-5,-251,44,-251
alpha 0.01,1,45,-5,-256,45,-256
alpha 0.01,1,46,-5,-261,46,-261
alpha 0.01,1,47,-5,-266,47,-266
alpha 0.01,1,48,-5,-271,48,-271
alpha 0.01,1,49,-5,-276,49,-276
alpha 0.01,1,50,-5,-281,50,-281
alpha 0.01,1,51,-5,-286,51,-286
alpha 0.01,1,52,-5,-291,52,-291
alpha 0.01,1,53,-5,-296,53,-296
alpha 0.01,1,54,-5,-301,54,-301
alpha 0.01,1,55,-5,-306,55,-306
alpha 0.01,1,56,-5,-311,56,-311
alpha 0.01,1,57,-5,-316,57,-316
alpha 0.01,1,58,-5,-321,58,-321
alpha 0.01,1,59,-5,-326,59,-326
alpha 0.01,1,60,-5,-331,60,-331
alpha 0.01,1,61,-5,-336,61,-336
alpha 0.01,1,62,-5,-341,62,-341
alpha 0.01,1,63,-5,-346,63,-346
alpha 0.01,1,64,-5,-351,64,-351
alpha 0.01,1,65,-5,-356,65,-356
alpha 0.01,1,66,-5,-361,66,-361
alpha 0.01,1,67,-5,-366,67,-366
alpha 0.01,1,68,-5,-371,68,-371
alpha 0.01,1,69,-5,-376,69,-376
alpha 0.01,1,70,-5,-381,70,-381
alpha 0.01,1,71,-5,-386,71,-386
alpha 0.01,1,72,-5,-391,72,-391
alpha 0.01,1,73,-5,-396,73,-396
alpha 0.01,1,74,-5,-401,74,-401
alpha 0.01,1,75,-5,-406,75,-406
alpha 0.01,1,76,-5,-411,76,-411
alpha 0.01,1,77,-3,-414,77,-414
alpha 0.01,1,78,-3,-417,78,-417
alpha 0.01,1,79,-3,-420,79,-420
alpha 0.01,1,80,-3,-423,80,-423
alpha 0.01,1,81,-3,-426,81,-426
alpha 0.01,1,82,-2,-428,82,-428
alpha 0.01,1,83,-3,-431,83,-431
alpha 0.01,1,84,-4,-435,84,-435
alpha 0.01,1,85,-4,-439,85,-439
alpha 0.01,1,86,-4,-443,86,-443
alpha 0.01,1,87,-4,-447,87,-447
alpha 0.01,1,88,-4,-451,88,-451
alpha 0.01,1,89,-3,-454,89,-454
alpha 0.01,1,90,-3,-457,90,-457
alpha 0.01,1,91,-3,-460,91,-460
alpha 0.01,1,92,-3,-463,92,-463
alpha 0.01,1,93,-3,-466,93,-466
alpha 0.01,1,94,-3,-469,94,-469
alpha 0.01,1,95,-3,-472,95,-472
alpha 0.01,1,96,-2,-474,96,-474
alpha 0.01,1,97,1,-473,97,-473
alpha 0.01,1,98,1,-472,98,-472
alpha 0.01,1,99,-1,-473,99,-473
alpha 0.01,1,100,-1,-474,100,-474
alpha 0.01,1,101,1,-473,101,-473
alpha 0.01,1,102,-2,-475,102,-475
alpha 0.01,1,103,-2,-477,103,-477
alpha 0.01,1,104,1,-476,104,-476
alpha 0.01,1,105,1,-475,105,-475
alpha 0.01,1,106,1,-474,106,-474
alpha 0.01,1,107,-1,-475,107,-475
alpha 0.01,1,108,-2,-477,108,-477
alpha 0.01,1,109,-2,-479,109,-479
alpha 0.01,1,110,-2,-481,110,-481
alpha 0.01,1,111,-2,-483,111,-483
alpha 0.01,1,112,-2,-485,112,-485
alpha 0.01,1,113,-2,-487,113,-487
alpha 0.01,1,114,-2,-489,114,-489
alpha 0.01,1,115,-2,-491,115,-491
alpha 0.01,1,116,-2,-493,116,-493
alpha 0.01,1,117,-2,-495,117,-495
alpha 0.01,1,118,-2,-497,118,-497
alpha 0.01,1,119,-2,-499,119,-499
alpha 0.01,1,120,-2,-501,120,-501
alpha 0.01,1,121,-2,-503,121,-503
alpha 0.01,1,122,-2,-505,122,-505
alpha 0.01,1,123,-2,-507,123,-507
alpha 0.01,1,124,-2,-509,124,-509
alpha 0.01,1,125,-2,-511,125,-511
alpha 0.01,1,126,-2,-513,126,-513
alpha 0.01,1,127,-2,-515,127,-515
alpha 0.01,1,128,-2,-517,128,-517
alpha 0.01,1,129,-2,-519,129,-519
alpha 0.01,1,130,-3,-522,130,-522
alpha 0.01,1,131,-3,-525,131,-525
alpha 0.01,1,132,-3,-528,132,-528
alpha 0.01,1,133,-3,-531,133,-531
alpha 0.01,1,134,-3,-534,134,-534
alpha 0.01,1,135,-3,-537,135,-537
alpha 0.01,1,136,-3,-540,136,-540
alpha 0.01,1,137,-4,-544,137,-544
alpha 0.01,1,138,-4,-548,138,-548
alpha 0.01,1,139,-4,-552,139,-552
alpha 0.01,1,140,-4,-556,140,-556
alpha 0.01,1,141,-4,-560,141,-560
alpha 0.01,1,142,-4,-564,142,-564
alpha 0.01,1,143,-4,-568,143,-568
alpha 0.01,1,144,-4,-572,144,-572
alpha 0.01,1,145,-5,-577,145,-577
alpha 0.01,1,146,-5,-582,146,-582
alpha 0.01,1,147,-5,-587,147,-587
alpha 0.01,1,148,-5,-592,148,-592
alpha 0.01,1,149,-5,-597,149,-597
alpha 0.01,1,150,-4,-601,150,-601
alpha 0.01,1,151,-4,-605,151,-605
alpha 0.01,1,152,-4,-609,152,-609
alpha 0.01,1,153,-4,-613,153,-613
alpha 0.01,1,154,-4,-617,154,-617
alpha 0.01,1,155,-4,-621,155,-621
alpha 0.01,1,156,-4,-625,156,-625
alpha 0.01,1,157,-4,-629,157,-629
alpha 0.01,1,158,-4,-633,158,-633
alpha 0.01,1,159,-4,-637,159,-637
alpha 0.01,1,160,-4,-641,160,-641
alpha 0.01,1,161,-4,-645,161,-645
alpha 0.01,1,162,-4,-649,162,-649
alpha 0.01,1,163,-5,-654,163,-654
alpha 0.01,1,164,-5,-659,164,-659
alpha 0.01,1,165,-6,-665,165,-665
alpha 0.01,1,166,-6,-671,166,-671
alpha 0.01,1,167,-6,-677,167,-677
alpha 0.01,1,168,-6,-683,168,-683
alpha 0.01,1,169,-6,-689,169,-689
alpha 0.01,1,170,-6,-695,170,-695
alpha 0.01,1,171,-6,-701,171,-701
alpha 0.01,1,172,-6,-707,172,-707
alpha 0.01,1,173,-6,-713,173,-713
alpha 0.01,1,174,-6,-719,174,-719
alpha 0.01,1,175,-6,-725,175,-725
alpha 0.01,1,176,-6,-731,176,-731
alpha 0.01,1,177,-6,-737,177,-737
alpha 0.01,1,178,-6,-743,178,-743
alpha 0.01,1,179,-6,-749,179,-749
alpha 0.01,1,180,-6,-755,180,-755
alpha 0.01,1,181,-6,-761,181,-761
alpha 0.01,1,182,-6,-767,182,-767
alpha 0.01,1,183,-6,-773,183,-773
alpha 0.01,1,184,-6,-779,184,-779
alpha 0.01,1,185,-6,-785,185,-785
alpha 0.01,1,186,-6,-791,186,-791
alpha 0.01,1,187,-8,-799,187,-799
alpha 0.01,1,188,-8,-807,188,-807
alpha 0.01,1,189,-6,-813,189,-813
alpha 0.01,1,190,-8,-821,190,-821
alpha 0.01,1,191,-8,-829,191,-829
alpha 0.01,1,192,-8,-837,192,-837
alpha 0.01,1,193,-8,-845,193,-845
alpha 0.01,1,194,-8,-853,194,-853
alpha 0.01,1,195,-8,-861,195,-861
alpha 0.01,1,196,-8,-869,196,-869
alpha 0.01,1,197,-8,-877,197,-877
alpha 0.01,1,198,-8,-885,198,-885
alpha 0.01,1,199,-8,-893,199,-893
alpha 0.01,1,200,-8,-901,200,-901
alpha 0.01,1,201,-8,-909,201,-909
alpha 0.01,1,202,-8,-917,202,-917
alpha 0.01,1,203,-8,-925,203,-925
alpha 0.01,1,204,-8,-933,204,-933
alpha 0.01,1,205,-8,-941,205,-941
alpha 0.01,1,206,-8,-949,206,-949
alpha 0.01,1,207,-8,-957,207,-957
alpha 0.01,1,208,-8,-965,208,-965
alpha 0.01,1,209,-8,-973,209,-973
alpha 0.01,1,210,-8,-981,210,-981
alpha 0.01,1,211,-8,-989,211,-989
alpha 0.01,1,212,-8,-997,212,-997
alpha 0.01,1,213,-8,-1005,213,-1005
alpha 0.01,1,214,-8,-1013,214,-1013
alpha 0.01,1,215,-8,-1021,215,-1021
alpha 0.01,1,216,-8,-1029,216,-1029
alpha 0.01,1,217,-8,-1037,217,-1037
alpha 0.01,1,218,-8,-1045,218,-1045
alpha 0.01,1,219,-8,-1053,219,-1053
alpha 0.01,1,220,-8,-1061,220,-1061
alpha 0.01,1,221,-8,-1069,221,-1069
alpha 0.01,1,222,-7,-1076,222,-1076
alpha 0.01,1,223,-7,-1083,223,-1083
alpha 0.01,1,224,-7,-1090,224,-1090
alpha 0.01,1,225,-7,-1097,225,-1097
alpha 0.01,1,226,-7,-1104,226,-1104
alpha 0.01,1,227,-7,-1111,227,-1111
alpha 0.01,1,228,-7,-1118,228,-1118
alpha 0.01,1,229,-7,-1125,229,-1125
alpha 0.01,1,230,-7,-1132,230,-1132
alpha 0.01,1,231,-7,-1139,231,-1139
alpha 0.01,1,232,-7,-1146,232,-1146
alpha 0.01,1,233,-7,-1153,233,-1153
alpha 0.01,1,234,-7,-1160,234,-1160
alpha 0.01,1,235,-7,-1167,235,-1167
alpha 0.01,1,236,-7,-1174,236,-1174
alpha 0.01,1,237,-7,-1181,237,-1181
alpha 0.01,1,238,-6,-1187,238,-1187
alpha 0.01,1,239,-6,-1193,239,-1193
alpha 0.01,1,240,-6,-1199,240,-1199
alpha 0.01,1,241,-6,-1205,241,-1205
alpha 0.01,1,242,-6,-1211,242,-1211
alpha 0.01,1,243,-6,-1217,243,-1217
alpha 0.01,1,244,-6,-1223,244,-1223
alpha 0.01,1,245,-5,-1228,245,-1228
alpha 0.01,1,246,-5,-1233,246,-1233
alpha 0.01,1,247,-5,-1238,247,-1238
alpha 0.01,1,248,-5,-1243,248,-1243
alpha 0.01,1,249,-5,-1248,249,-1248
alpha 0.01,1,250,-5,-1253,250,-1253
alpha 0.01,1,251,-5,-1258,251,-1258
alpha 0.01,1,252,-5,-1263,252,-1263
alpha 0.01,1,253,-5,-1268,253,-1268
alpha 0.01,1,254,-5,-1273,254,-1273
alpha 0.01,1,255,-5,-1278,255,-1278
alpha 0.01,1,256,-5,-1283,256,-1283
alpha 0.01,1,257,-5,-1288,257,-1288
alpha 0.01,1,258,-5,-1293,258,-1293
alpha 0.01,1,259,-5,-1298,259,-1298
alpha 0.01,1,260,-5,-1303,260,-1303
alpha 0.01,1,261,-6,-1309,261,-1309
alpha 0.01,1,262,-6,-1315,262,-1315
alpha 0.01,1,263,-6,-1321,263,-1321
alpha 0.01,1,264,-6,-1327,264,-1327
alpha 0.01,1,265,-6,-1333,265,-1333
alpha 0.01,1,266,-7,-1340,266,-1340
alpha 0.01,1,267,-7,-1347,267,-1347
alpha 0.01,1,268,-7,-1354,268,-1354
alpha 0.01,1,269,-7,-1361,269,-1361
alpha 0.01,1,270,-7,-1368,270,-1368
alpha 0.01,1,271,-7,-1375,271,-1375
alpha 0.01,1,272,-7,-1382,272,-1382
alpha 0.01,1,273,-7,-1389,273,-1389
alpha 0.01,1,274,-7,-1396,274,-1396
alpha 0.01,1,275,-7,-1403,275,-1403
alpha 0.01,1,276,-7,-1410,276,-1410
alpha 0.01,1,277,-7,-1417,277,-1417
alpha 0.01,1,278,-7,-1424,278,-1424
alpha 0.01,1,279,-7,-1431,279,-1431
alpha 0.01,1,280,-7,-1438,280,-1438
alpha 0.01,1,281,-7,-1445,281,-1445
alpha 0.01,1,282,-7,-1452,282,-1452
alpha 0.01,1,283,-7,-1459,283,-1459
alpha 0.01,1,284,-7,-1466,284,-1466
alpha 0.01,1,285,-7,-1473,285,-1473
alpha 0.01,1,286,-7,-1480,286,-1480
alpha 0.01,1,287,-7,-1487,287,-1487
alpha 0.01,1,288,-7,-1494,288,-1494
alpha 0.01,1,289,-7,-1501,289,-1501
alpha 0.01,1,290,-7,-1508,290,-1508
alpha 0.01,1,291,-7,-1515,291,-1515
alpha 0.01,1,292,-7,-1522,292,-1522
alpha 0.01,1,293,-7,-1529,293,-1529
alpha 0.01,1,294,-7,-1536,294,-1536
alpha 0.01,1,295,-7,-1543,295,-1543
alpha 0.01,1,296,-7,-1550,296,-1550
alpha 0.01,1,297,-7,-1557,297,-1557
alpha 0.01,1,298,-7,-1564,298,-1564
alpha 0.01,1,299,-7,-1571,299,-1571
alpha 0.01,1,300,-7,-1578,300,-1578
alpha 0.01,1,301,-7,-1585,301,-1585
alpha 0.01,1,302,-7,-1592,302,-1592
alpha 0.01,1,303,-7,-1599,303,-1599
alpha 0.01,1,304,-7,-1606,304,-1606
alpha 0.01,1,305,-5,-1611,305,-1611
alpha 0.01,1,306,-6,-1617,306,-1617
alpha 0.01,1,307,-5,-1622,307,-1622
alpha 0.01,1,308,-5,-1627,308,-1627
alpha 0.01,1,309,-5,-1632,309,-1632
alpha 0.01,1,310,-5,-1637,310,-1637
alpha 0.01,1,311,-5,-1642,311,-1642
alpha 0.01,1,312,-5,-1647,312,-1647
alpha 0.01,1,313,-5,-1652,313,-1652
alpha 0.01,1,314,-5,-1657,314,-1657
alpha 0.01,1,315,-5,-1662,315,-1662
alpha 0.01,1,316,-5,-1667,316,-1667
alpha 0.01,1,317,-5,-1672,317,-1672
alpha 0.01,1,318,-5,-1677,318,-1677
alpha 0.01,1,319,-5,-1682,319,-1682
alpha 0.01,1,320,-5,-1687,320,-1687
alpha 0.01,1,321,-5,-1692,321,-1692
alpha 0.01,1,322,-7,-1699,322,-1699
alpha 0.01,1,323,-7,-1706,323,-1706
alpha 0.01,1,324,-7,-1713,324,-1713
alpha 0.01,1,325,-7,-1720,325,-1720
alpha 0.01,1,326,-5,-1725,326,-1725
alpha 0.01,1,327,-5,-1730,327,-1730
alpha 0.01,1,328,-5,-1735,328,-1735
alpha 0.01,1,329,-5,-1740,329,-1740
alpha 0.01,1,330,-5,-1745,330,-1745
alpha 0.01,1,331,-4,-1749,331,-1749
alpha 0.01,1,332,-4,-1753,332,-1753
alpha 0.01,1,333,-5,-1758,333,-1758
alpha 0.01,1,334,-5,-1763,334,-1763
alpha 0.01,1,335,-4,-1767,335,-1767
alpha 0.01,1,336,-4,-1771,336,-1771
alpha 0.01,1,337,-4,-1775,337,-1775
alpha 0.01,1,338,-4,-1779,338,-1779
alpha 0.01,1,339,-4,-1783,339,-1783
alpha 0.01,1,340,-4,-1787,340,-1787
alpha 0.01,1,341,-3,-1790,341,-1790
alpha 0.01,1,342,-3,-1793,342,-1793
alpha 0.01,1,343,-3,-1796,343,-1796
alpha 0.01,1,344,-3,-1799,344,-1799
alpha 0.01,1,345,-2,-1801,345,-1801
alpha 0.01,1,346,-2,-1803,346,-1803
alpha 0.01,1,347,-2,-1805,347,-1805
alpha 0.01,1,348,-2,-1807,348,-1807
alpha 0.01,1,349,-2,-1809,349,-1809
alpha 0.01,1,350,-2,-1811,350,-1811
alpha 0.01,1,351,-2,-1813,351,-1813
alpha 0.01,1,352,-2,-1815,352,-1815
alpha 0.01,1,353,-2,-1817,353,-1817
alpha 0.01,1,354,-2,-1819,354,-1819
alpha 0.01,1,355,-2,-1821,355,-1821
alpha 0.01,1,356,-2,-1823,356,-1823
alpha 0.01,1,357,-3,-1826,357,-1826
alpha 0.01,1,358,-5,-1831,358,-1831
alpha 0.01,1,359,-3,-1834,359,-1834
alpha 0.01,1,360,-3,-1837,360,-1837
alpha 0.01,1,361,-3,-1840,361,-1840
alpha 0.01,1,362,-3,-1843,362,-1843
alpha 0.01,1,363,-3,-1846,363,-1846
alpha 0.01,1,364,-3,-1849,364,-1849
alpha 0.01,1,365,-3,-1852,365,-1852
alpha 0.01,1,366,-3,-1855,366,-1855
alpha 0.01,1,367,-3,-1858,367,-1858
alpha 0.01,1,368,-3,-1861,368,-1861
alpha 0.01,1,369,-3,-1864,369,-1864
alpha 0.01,1,370,-3,-1867,370,-1867
alpha 0.01,1,371,-3,-1870,371,-1870
alpha 0.01,1,372,-3,-1873,372,-1873
alpha 0.01,1,373,-3,-1876,373,-1876
alpha 0.01,1,374,-3,-1879,374,-1879
alpha 0.01,1,375,-3,-1882,375,-1882
alpha 0.01,1,376,-3,-1885,376,-1885
alpha 0.01,1,377,-3,-1888,377,-1888
alpha 0.01,1,378,-2,-1890,378,-1890
alpha 0.01,1,379,-2,-1892,379,-1892
alpha 0.01,1,380,-2,-1894,380,-1894
alpha 0.01,1,381,-2,-1896,381,-1896
alpha 0.01,1,382,-2,-1898,382,-1898
alpha 0.01,1,383,-2,-1900,383,-1900
alpha 0.01,1,384,-2,-1902,384,-1902
alpha 0.01,1,385,-3,-1905,385,-1905
alpha 0.01,1,386,-3,-1908,386,-1908
alpha 0.01,1,387,-3,-1911,387,-1911
alpha 0.01,1,388,-3,-1914,388,-1914
alpha 0.01,1,389,-3,-1917,389,-1917
alpha 0.01,1,390,-3,-1920,390,-1920
alpha 0.01,1,391,-3,-1923,391,-1923
alpha 0.01,1,392,-3,-1926,392,-1926
alpha 0.01,1,393,-3,-1929,393,-1929
alpha 0.01,1,394,-3,-1932,394,-1932
alpha 0.01,1,395,-3,-1935,395,-1935
alpha 0.01,1,396,-4,-1939,396,-1939
alpha 0.01,1,397,-4,-1943,397,-1943
alpha 0.01,1,398,-4,-1947,398,-1947
alpha 0.01,1,399,-4,-1951,399,-1951
alpha 0.01,1,400,-4,-1955,400,-1955
alpha 0.01,1,401,-4,-1959,401,-1959
alpha 0.01,1,402,-4,-1963,402,-1963
alpha 0.01,1,403,-4,-1967,403,-1967
alpha 0.01,1,404,-4,-1971,404,-1971
alpha 0.01,1,405,-4,-1975,405,-1975
alpha 0.01,1,406,-4,-1979,406,-1979
alpha 0.01,1,407,-4,-1983,407,-1983
alpha 0.01,1,408,-4,-1987,408,-1987
alpha 0.01,1,409,-4,-1991,409,-1991
alpha 0.01,1,410,-4,-1995,410,-1995
alpha 0.01,1,411,-4,-1999,411,-1999
alpha 0.01,1,412,-4,-2003,412,-2003
alpha 0.01,1,413,-4,-2007,413,-2007
alpha 0.01,1,414,-5,-2012,414,-2012
alpha 0.01,1,415,-5,-2017,415,-2017
alpha 0.01,1,416,-5,-2022,416,-2022
alpha 0.01,1,417,-5,-2027,417,-2027
alpha 0.01,1,418,-5,-2032,418,-2032
alpha 0.01,1,419,-5,-2037,419,-2037
alpha 0.01,1,420,-5,-2042,420,-2042
alpha 0.01,1,421,-5,-2047,421,-2047
alpha 0.01,1,422,-5,-2052,422,-2052
alpha 0.01,1,423,-5,-2057,423,-2057
alpha 0.01,1,424,-5,-2062,424,-2062
alpha 0.01,1,425,-5,-2067,425,-2067
alpha 0.01,1,426,-5,-2072,426,-2072
alpha 0.01,1,427,-5,-2077,427,-2077
alpha 0.01,1,428,-5,-2082,428,-2082
alpha 0.01,1,429,-5,-2087,429,-2087
alpha 0.01,1,430,-5,-2092,430,-2092
alpha 0.01,1,431,-5,-2097,431,-2097
alpha 0.01,1,432,-5,-2102,432,-2102
alpha 0.01,1,433,-5,-2107,433,-2107
alpha 0.01,1,434,-5,-2112,434,-2112
alpha 0.01,1,435,-5,-2117,435,-2117
alpha 0.01,1,436,-5,-2122,436,-2122
alpha 0.01,1,437,-5,-2127,437,-2127
alpha 0.01,1,438,-5,-2132,438,-2132
alpha 0.01,1,439,-5,-2137,439,-2137
alpha 0.01,1,440,-6,-2143,440,-2143
alpha 0.01,1,441,-6,-2149,441,-2149
alpha 0.01,1,442,-5,-2154,442,-2154
alpha 0.01,1,443,-5,-2159,443,-2159
alpha 0.01,1,444,-5,-2164,444,-2164
alpha 0.01,1,445,-6,-2170,445,-2170
alpha 0.01,1,446,-8,-2178,446,-2178
alpha 0.01,1,447,-8,-2186,447,-2186
alpha 0.01,1,448,-8,-2194,448,-2194
alpha 0.01,1,449,-8,-2202,449,-2202
alpha 0.01,1,450,-8,-2210,450,-2210
alpha 0.01,1,451,-8,-2218,451,-2218
alpha 0.01,1,452,-8,-2226,452,-2226
alpha 0.01,1,453,-8,-2234,453,-2234
alpha 0.01,1,454,-8,-2242,454,-2242
alpha 0.01,1,455,-8,-2250,455,-2250
alpha 0.01,1,456,-7,-2257,456,-2257
alpha 0.01,1,457,-7,-2264,457,-2264
alpha 0.01,1,458,-7,-2271,458,-2271
alpha 0.01,1,459,-7,-2278,459,-2278
alpha 0.01,1,460,-7,-2285,460,-2285
alpha 0.01,1,461,-7,-2292,461,-2292
alpha 0.01,1,462,-7,-2299,462,-2299
alpha 0.01,1,463,-7,-2306,463,-2306
alpha 0.01,1,464,-7,-2313,464,-2313
alpha 0.01,1,465,-7,-2320,465,-2320
alpha 0.01,1,466,-7,-2327,466,-2327
alpha 0.01,1,467,-7,-2334,467,-2334
alpha 0.01,1,468,-7,-2341,468,-2341
alpha 0.01,1,469,-7,-2348,469,-2348
alpha 0.01,1,470,-7,-2355,470,-2355
alpha 0.01,1,471,-7,-2362,471,-2362
alpha 0.01,1,472,-7,-2369,472,-2369
alpha 0.01,1,473,-7,-2376,473,-2376
alpha 0.01,1,474,-7,-2383,474,-2383
alpha 0.01,1,475,-7,-2390,475,-2390
alpha 0.01,1,476,-7,-2397,476,-2397
alpha 0.01,1,477,-7,-2404,477,-2404
alpha 0.01,1,478,-7,-2411,478,-2411
alpha 0.01,1,479,-7,-2418,479,-2418
alpha 0.01,1,480,-7,-2425,480,-2425
alpha 0.01,1,481,-7,-2432,481,-2432
alpha 0.01,1,482,-7,-2439,482,-2439
alpha 0.01,1,483,-7,-2446,483,-2446
alpha 0.01,1,484,-7,-2453,484,-2453
alpha 0.01,1,485,-7,-2460,485,-2460
alpha 0.01,1,486,-7,-2467,486,-2467
alpha 0.01,1,487,-6,-2473,487,-2473
alpha 0.01,1,488,-6,-2479,488,-2479
alpha 0.01,1,489,-6,-2485,489,-2485
alpha 0.01,1,490,-6,-2491,490,-2491
alpha 0.01,1,491,-6,-2497,491,-2497
alpha 0.01,1,492,-6,-2503,492,-2503
alpha 0.01,1,493,-6,-2509,493,-2509
alpha 0.01,1,494,-5,-2514,494,-2514
alpha 0.01,1,495,-5,-2519,495,-2519
alpha 0.01,1,496,-5,-2524,496,-2524
alpha 0.01,1,497,-5,-2529,497,-2529
alpha 0.01,1,498,-5,-2534,498,-2534
alpha 0.01,1,499,-5,-2539,499,-2539
alpha 0.01,1,500,-5,-2544,500,-2544
alpha 0.01,2,1,4,4,501,-2540
alpha 0.01,2,2,2,6,502,-2538
alpha 0.01,2,3,1,7,503,-2537
alpha 0.01,2,4,1,8,504,-2536
alpha 0.01,2,5,-2,6,505,-2538
alpha 0.01,2,6,-3,3,506,-2541
alpha 0.01,2,7,-3,0,507,-2544
alpha 0.01,2,8,-4,-4,508,-2548
alpha 0.01,2,9,-3,-7,509,-2551
alpha 0.01,2,10,-3,-10,510,-2554
alpha 0.01,2,11,-3,-13,511,-2557
alpha 0.01,2,12,-3,-16,512,-2560
alpha 0.01,2,13,-3,-19,513,-2563
alpha 0.01,2,14,-2,-21,514,-2565
alpha 0.01,2,15,-2,-23,515,-2567
alpha 0.01,2,16,-2,-25,516,-2569
alpha 0.01,2,17,-2,-27,517,-2571
alpha 0.01,2,18,-2,-29,518,-2573
alpha 0.01,2,19,-2,-31,519,-2575
alpha 0.01,2,20,-1,-32,520,-2576
alpha 0.01,2,21,-1,-33,521,-2577
alpha 0.01,2,22,1,-32,522,-2576
alpha 0.01,2,23,1,-31,523,-2575
alpha 0.01,2,24,1,-30,524,-2574
alpha 0.01,2,25,1,-29,525,-2573
alpha 0.01,2,26,1,-28,526,-2572
alpha 0.01,2,27,1,-27,527,-2571
alpha 0.01,2,28,-1,-28,528,-2572
alpha 0.01,2,29,-2,-30,529,-2574
alpha 0.01,2,30,-2,-32,530,-2576
alpha 0.01,2,31,-2,-34,531,-2578
alpha 0.01,2,32,-2,-36,532,-2580
alpha 0.01,2,33,-2,-38,533,-2582
alpha 0.01,2,34,-2,-40,534,-2584
alpha 0.01,2,35,-2,-42,535,-2586
alpha 0.01,2,36,-2,-44,536,-2588
alpha 0.01,2,37,-2,-46,537,-2590
alpha 0.01,2,38,-2,-48,538,-2592
alpha 0.01,2,39,-2,-50,539,-2594
alpha 0.01,2,40,-2,-52,540,-2596
alpha 0.01,2,41,-2,-54,541,-2598
alpha 0.01,2,42,-2,-56,542,-2600
alpha 0.01,2,43,-2,-58,543,-2602
alpha 0.01,2,44,-2,-60,544,-2604
alpha 0.01,2,45,-2,-62,545,-2606
alpha 0.01,2,46,-2,-64,546,-2608
alpha 0.01,2,47,-2,-66,547,-2610
alpha 0.01,2,48,-2,-68,548,-2612
alpha 0.01,2,49,-2,-70,549,-2614
alpha 0.01,2,50,-2,-72,550,-2616
alpha 0.01,2,51,-2,-74,551,-2618
alpha 0.01,2,52,-2,-76,552,-2620
alpha 0.01,2,53,-2,-78,553,-2622
alpha 0.01,2,54,-2,-80,554,-2624
alpha 0.01,2,55,-2,-82,555,-2626
alpha 0.01,2,56,-2,-84,556,-2628
alpha 0.01,2,57,-2,-86,557,-2630
alpha 0.01,2,58,-2,-88,558,-2632
alpha 0.01,2,59,-2,-90,559,-2634
alpha 0.01,2,60,-2,-92,560,-2636
alpha 0.01,2,61,-2,-94,561,-2638
alpha 0.01,2,62,-2,-96,562,-2640
alpha 0.01,2,63,-2,-98,563,-2642
alpha 0.01,2,64,-2,-100,564,-2644
alpha 0.01,2,65,-2,-102,565,-2646
alpha 0.01,2,66,-2,-104,566,-2648
alpha 0.01,2,67,-2,-106,567,-2650
alpha 0.01,2,68,-2,-108,568,-2652
alpha 0.01,2,69,-2,-110,569,-2654
alpha 0.01,2,70,-2,-112,570,-2656
alpha 0.01,2,71,-2,-114,571,-2658
alpha 0.01,2,72,-2,-116,572,-2660
alpha 0.01,2,73,-2,-118,573,-2662
alpha 0.01,2,74,-2,-120,574,-2664
alpha 0.01,2,75,-2,-122,575,-2666
alpha 0.01,2,76,-2,-124,576,-2668
alpha 0.01,2,77,-2,-126,577,-2670
alpha 0.01,2,78,-2,-128,578,-2672
alpha 0.01,2,79,-2,-130,579,-2674
alpha 0.01,2,80,-2,-132,580,-2676
alpha 0.01,2,81,-2,-134,581,-2678
alpha 0.01,2,82,-2,-136,582,-2680
alpha 0.01,2,83,-2,-138,583,-2682
alpha 0.01,2,84,-2,-140,584,-2684
alpha 0.01,2,85,-2,-142,585,-2686
alpha 0.01,2,86,-2,-144,586,-2688
alpha 0.01,2,87,-2,-146,587,-2690
alpha 0.01,2,88,-2,-148,588,-2692
alpha 0.01,2,89,-2,-150,589,-2694
alpha 0.01,2,90,-2,-152,590,-2696
alpha 0.01,2,91,-2,-154,591,-2698
alpha 0.01,2,92,-2,-156,592,-2700
alpha 0.01,2,93,-2,-158,593,-2702
alpha 0.01,2,94,-2,-160,594,-2704
alpha 0.01,2,95,-2,-162,595,-2706
alpha 0.01,2,96,-2,-164,596,-2708
alpha 0.01,2,97,-2,-166,597,-2710
alpha 0.01,2,98,-2,-168,598,-2712
alpha 0.01,2,99,-2,-170,599,-2714
alpha 0.01,2,100,-2,-172,600,-2716
alpha 0.01,2,101,-2,-174,601,-2718
alpha 0.01,2,102,-2,-176,602,-2720
alpha 0.01,2,103,-2,-178,603,-2722
alpha 0.01,2,104,-2,-180,604,-2724
alpha 0.01,2,105,-2,-182,605,-2726
alpha 0.01,2,106,-2,-184,606,-2728
alpha 0.01,2,107,-2,-186,607,-2730
alpha 0.01,2,108,-2,-188,608,-2732
alpha 0.01,2,109,-1,-189,609,-2733
alpha 0.01,2,110,1,-188,610,-2732
alpha 0.01,2,111,1,-187,611,-2731
alpha 0.01,2,112,1,-186,612,-2730
alpha 0.01,2,113,-3,-189,613,-2733
alpha 0.01,2,114,-3,-192,614,-2736
alpha 0.01,2,115,-3,-195,615,-2739
alpha 0.01,2,116,-3,-198,616,-2742
alpha 0.01,2,117,-3,-201,617,-2745
alpha 0.01,2,118,-3,-204,618,-2748
alpha 0.01,2,119,-2,-206,619,-2750
alpha 0.01,2,120,-2,-208,620,-2752
alpha 0.01,2,121,-3,-211,621,-2755
alpha 0.01,2,122,-3,-214,622,-2758
alpha 0.01,2,123,-3,-217,623,-2761
alpha 0.01,2,124,-3,-220,624,-2764
alpha 0.01,2,125,-3,-223,625,-2767
alpha 0.01,2,126,-3,-226,626,-2770
alpha 0.01,2,127,-3,-229,627,-2773
alpha 0.01,2,128,-3,-232,628,-2776
alpha 0.01,2,129,-3,-235,629,-2779
alpha 0.01,2,130,-3,-238,630,-2782
alpha 0.01,2,131,-3,-241,631,-2785
alpha 0.01,2,132,-3,-244,632,-2788
alpha 0.01,2,133,-3,-247,633,-2791
alpha 0.01,2,134,-3,-250,634,-2794
alpha 0.01,2,135,-3,-253,635,-2797
alpha 0.01,2,136,-3,-256,636,-2800
alpha 0.01,2,137,-3,-259,637,-2803
alpha 0.01,2,138,-3,-262,638,-2806
alpha 0.01,2,139,-3,-265,639,-2809
alpha 0.01,2,140,-3,-268,640,-2812
alpha 0.01,2,141,-3,-271,641,-2815
alpha 0.01,2,142,-3,-274,642,-2818
alpha 0.01,2,143,-3,-277,643,-2821
alpha 0.01,2,144,-3,-280,644,-2824
alpha 0.01,2,145,-3,-283,645,-2827
alpha 0.01,2,146,-3,-286,646,-2830
alpha 0.01,2,147,-3,-289,647,-2833
alpha 0.01,2,148,-3,-292,648,-2836
alpha 0.01,2,149,-3,-295,649,-2839
alpha 0.01,2,150,-3,-298,650,-2842
alpha 0.01,2,151,-3,-301,651,-2845
alpha 0.01,2,152,-3,-304,652,-2848
alpha 0.01,2,153,-3,-307,653,-2851
alpha 0.01,2,154,-3,-310,654,-2854
alpha 0.01,2,155,-3,-313,655,-2857
alpha 0.01,2,156,-3,-316,656,-2860
alpha 0.01,2,157,-4,-320,657,-2864
alpha 0.01,2,158,-4,-324,658,-2868
alpha 0.01,2,159,-4,-328,659,-2872
alpha 0.01,2,160,-4,-332,660,-2876
alpha 0.01,2,161,-4,-336,661,-2880
alpha 0.01,2,162,-4,-340,662,-2884
alpha 0.01,2,163,-4,-344,663,-2888
alpha 0.01,2,164,-4,-348,664,-2892
alpha 0.01,2,165,-4,-352,665,-2896
alpha 0.01,2,166,-4,-356,666,-2900
alpha 0.01,2,167,-4,-360,667,-2904
alpha 0.01,2,168,-4,-364,668,-2908
alpha 0.01,2,169,-4,-368,669,-2912
alpha 0.01,2,170,-4,-372,670,-2916
alpha 0.01,2,171,-4,-376,671,-2920
alpha 0.01,2,172,-4,-380,672,-2924
alpha 0.01,2,173,-4,-384,673,-2928
alpha 0.01,2,174,-4,-388,674,-2932
alpha 0.01,2,175,-4,-392,675,-2936
alpha 0.01,2,176,-4,-396,676,-2940
alpha 0.01,2,177,-4,-400,677,-2944
alpha 0.01,2,178,-4,-404,678,-2948
alpha 0.01,2,179,-4,-408,679,-2952
alpha 0.01,2,180,-4,-412,680,-2956
alpha 0.01,2,181,-4,-416,681,-2960
alpha 0.01,2,182,-2,-418,682,-2962
alpha 0.01,2,183,-2,-420,683,-2964
alpha 0.01,2,184,-3,-423,684,-2967
alpha 0.01,2,185,-3,-426,685,-2970
alpha 0.01,2,186,-3,-429,686,-2973
alpha 0.01,2,187,-3,-432,687,-2976
alpha 0.01,2,188,-3,-435,688,-2979
alpha 0.01,2,189,-3,-438,689,-2982
alpha 0.01,2,190,-3,-441,690,-2985
alpha 0.01,2,191,-3,-444,691,-2988
alpha 0.01,2,192,-3,-447,692,-2991
alpha 0.01,2,193,-3,-450,693,-2994
alpha 0.01,2,194,-3,-453,694,-2997
alpha 0.01,2,195,-3,-456,695,-3000
alpha 0.01,2,196,-3,-459,696,-3003
alpha 0.01,2,197,-3,-462,697,-3006
alpha 0.01,2,198,-3,-465,698,-3009
alpha 0.01,2,199,-3,-468,699,-3012
alpha 0.01,2,200,-3,-471,700,-3015
alpha 0.01,2,201,-3,-474,701,-3018
alpha 0.01,2,202,-3,-477,702,-3021
alpha 0.01,2,203,-3,-480,703,-3024
alpha 0.01,2,204,-3,-483,704,-3027
alpha 0.01,2,205,-3,-486,705,-3030
alpha 0.01,2,206,-3,-489,706,-3033
alpha 0.01,2,207,-3,-492,707,-3036
alpha 0.01,2,208,-3,-495,708,-3039
alpha 0.01,2,209,-3,-498,709,-3042
alpha 0.01,2,210,-3,-501,710,-3045
alpha 0.01,2,211,-3,-504,711,-3048
alpha 0.01,2,212,-2,-506,712,-3050
alpha 0.01,2,213,-3,-509,713,-3053
alpha 0.01,2,214,-3,-512,714,-3056
alpha 0.01,2,215,-3,-515,715,-3059
alpha 0.01,2,216,-3,-518,716,-3062
alpha 0.01,2,217,-3,-521,717,-3065
alpha 0.01,2,218,-3,-524,718,-3068
alpha 0.01,2,219,-3,-527,719,-3071
alpha 0.01,2,220,-2,-529,720,-3073
alpha 0.01,2,221,-2,-531,721,-3075
alpha 0.01,2,222,-2,-533,722,-3077
alpha 0.01,2,223,-2,-535,723,-3079
alpha 0.01,2,224,-2,-537,724,-3081
alpha 0.01,2,225,-2,-539,725,-3083
alpha 0.01,2,226,-2,-541,726,-3085
alpha 0.01,2,227,-2,-543,727,-3087
alpha 0.01,2,228,-2,-545,728,-3089
alpha 0.01,2,229,-2,-547,729,-3091
alpha 0.01,2,230,-2,-549,730,-3093
alpha 0.01,2,231,-2,-551,731,-3095
alpha 0.01,2,232,-2,-553,732,-3097
alpha 0.01,2,233,-2,-555,733,-3099
alpha 0.01,2,234,-2,-557,734,-3101
alpha 0.01,2,235,-2,-559,735,-3103
alpha 0.01,2,236,-2,-561,736,-3105
alpha 0.01,2,237,-2,-563,737,-3107
alpha 0.01,2,238,-2,-565,738,-3109
alpha 0.01,2,239,-2,-567,739,-3111
alpha 0.01,2,240,-2,-569,740,-3113
alpha 0.01,2,241,-2,-571,741,-3115
alpha 0.01,2,242,-2,-573,742,-3117
alpha 0.01,2,243,-2,-575,743,-3119
alpha 0.01,2,244,-2,-577,744,-3121
alpha 0.01,2,245,-2,-579,745,-3123
alpha 0.01,2,246,-2,-581,746,-3125
alpha 0.01,2,247,-1,-582,747,-3126
alpha 0.01,2,248,1,-581,748,-3125
alpha 0.01,2,249,1,-580,749,-3124
alpha 0.01,2,250,1,-579,750,-3123
alpha 0.01,2,251,1,-578,751,-3122
alpha 0.01,2,252,2,-576,752,-3120
alpha 0.01,2,253,2,-574,753,-3118
alpha 0.01,2,254,2,-572,754,-3116
alpha 0.01,2,255,2,-570,755,-3114
alpha 0.01,2,256,1,-569,756,-3113
alpha 0.01,2,257,1,-568,757,-3112
alpha 0.01,2,258,-2,-570,758,-3114
alpha 0.01,2,259,-2,-572,759,-3116
alpha 0.01,2,260,-2,-574,760,-3118
alpha 0.01,2,261,-2,-576,761,-3120
alpha 0.01,2,262,-2,-578,762,-3122
alpha 0.01,2,263,-3,-581,763,-3125
alpha 0.01,2,264,-3,-584,764,-3128
alpha 0.01,2,265,-3,-587,765,-3131
alpha 0.01,2,266,1,-586,766,-3130
alpha 0.01,2,267,1,-585,767,-3129
alpha 0.01,2,268,1,-584,768,-3128
alpha 0.01,2,269,1,-583,769,-3127
alpha 0.01,2,270,1,-582,770,-3126
alpha 0.01,2,271,1,-581,771,-3125
alpha 0.01,2,272,1,-580,772,-3124
alpha 0.01,2,273,1,-579,773,-3123
alpha 0.01,2,274,1,-578,774,-3122
alpha 0.01,2,275,1,-577,775,-3121
alpha 0.01,2,276,1,-576,776,-3120
alpha 0.01,2,277,1,-575,777,-3119
alpha 0.01,2,278,1,-574,778,-3118
alpha 0.01,2,279,1,-573,779,-3117
alpha 0.01,2,280,1,-572,780,-3116
alpha 0.01,2,281,1,-571,781,-3115
alpha 0.01,2,282,1,-570,782,-3114
alpha 0.01,2,283,1,-569,783,-3113
alpha 0.01,2,284,1,-568,784,-3112
alpha 0.01,2,285,1,-567,785,-3111
alpha 0.01,2,286,1,-566,786,-3110
alpha 0.01,2,287,1,-565,787,-3109
alpha 0.01,2,288,1,-564,788,-3108
alpha 0.01,2,289,1,-563,789,-3107
alpha 0.01,2,290,1,-562,790,-3106
alpha 0.01,2,291,1,-561,791,-3105
alpha 0.01,2,292,1,-560,792,-3104
alpha 0.01,2,293,-1,-561,793,-3105
alpha 0.01,2,294,-1,-562,794,-3106
alpha 0.01,2,295,-1,-563,795,-3107
alpha 0.01,2,296,-1,-564,796,-3108
alpha 0.01,2,297,-1,-565,797,-3109
alpha 0.01,2,298,1,-564,798,-3108
alpha 0.01,2,299,1,-563,799,-3107
alpha 0.01,2,300,1,-562,800,-3106
alpha 0.01,2,301,2,-560,801,-3104
alpha 0.01,2,302,2,-558,802,-3102
alpha 0.01,2,303,2,-556,803,-3100
alpha 0.01,2,304,2,-554,804,-3098
alpha 0.01,2,305,-1,-555,805,-3099
alpha 0.01,2,306,-2,-557,806,-3101
alpha 0.01,2,307,-2,-559,807,-3103
alpha 0.01,2,308,-2,-561,808,-3105
alpha 0.01,2,309,-2,-563,809,-3107
alpha 0.01,2,310,-2,-565,810,-3109
alpha 0.01,2,311,-2,-567,811,-3111
alpha 0.01,2,312,-2,-569,812,-3113
alpha 0.01,2,313,1,-568,813,-3112
alpha 0.01,2,314,-1,-569,814,-3113
alpha 0.01,2,315,-2,-571,815,-3115
alpha 0.01,2,316,-2,-573,816,-3117
alpha 0.01,2,317,-2,-575,817,-3119
alpha 0.01,2,318,-2,-577,818,-3121
alpha 0.01,2,319,-2,-579,819,-3123
alpha 0.01,2,320,-2,-581,820,-3125
alpha 0.01,2,321,-2,-583,821,-3127
alpha 0.01,2,322,-2,-585,822,-3129
alpha 0.01,2,323,-2,-587,823,-3131
alpha 0.01,2,324,-2,-589,824,-3133
alpha 0.01,2,325,-2,-591,825,-3135
alpha 0.01,2,326,-2,-593,826,-3137
alpha 0.01,2,327,-2,-595,827,-3139
alpha 0.01,2,328,-1,-596,828,-3140
alpha 0.01,2,329,-1,-597,829,-3141
alpha 0.01,2,330,1,-596,830,-3140
alpha 0.01,2,331,1,-595,831,-3139
alpha 0.01,2,332,1,-594,832,-3138
alpha 0.01,2,333,1,-593,833,-3137
alpha 0.01,2,334,1,-592,834,-3136
alpha 0.01,2,335,1,-591,835,-3135
alpha 0.01,2,336,1,-590,836,-3134
alpha 0.01,2,337,1,-589,837,-3133
alpha 0.01,2,338,1,-588,838,-3132
alpha 0.01,2,339,1,-587,839,-3131
alpha 0.01,2,340,1,-586,840,-3130
alpha 0.01,2,341,1,-585,841,-3129
alpha 0.01,2,342,1,-584,842,-3128
alpha 0.01,2,343,1,-583,843,-3127
alpha 0.01,2,344,1,-582,844,-3126
alpha 0.01,2,345,2,-580,845,-3124
alpha 0.01,2,346,2,-578,846,-3122
alpha 0.01,2,347,1,-577,847,-3121
alpha 0.01,2,348,-3,-580,848,-3124
alpha 0.01,2,349,-4,-584,849,-3128
alpha 0.01,2,350,-4,-588,850,-3132
alpha 0.01,2,351,-3,-591,851,-3135
alpha 0.01,2,352,-3,-594,852,-3138
alpha 0.01,2,353,-2,-596,853,-3140
alpha 0.01,2,354,-2,-598,854,-3142
alpha 0.01,2,355,-2,-600,855,-3144
alpha 0.01,2,356,-2,-602,856,-3146
alpha 0.01,2,357,-2,-604,857,-3148
alpha 0.01,2,358,-2,-606,858,-3150
alpha 0.01,2,359,-2,-608,859,-3152
alpha 0.01,2,360,-2,-610,860,-3154
alpha 0.01,2,361,-2,-612,861,-3156
alpha 0.01,2,362,-2,-614,862,-3158
alpha 0.01,2,363,-2,-616,863,-3160
alpha 0.01,2,364,-2,-618,864,-3162
alpha 0.01,2,365,-2,-620,865,-3164
alpha 0.01,2,366,-2,-622,866,-3166
alpha 0.01,2,367,-2,-624,867,-3168
alpha 0.01,2,368,-2,-626,868,-3170
alpha 0.01,2,369,-2,-628,869,-3172
alpha 0.01,2,370,-2,-630,870,-3174
alpha 0.01,2,371,-2,-632,871,-3176
alpha 0.01,2,372,-2,-634,872,-3178
alpha 0.01,2,373,-2,-636,873,-3180
alpha 0.01,2,374,-2,-638,874,-3182
alpha 0.01,2,375,-2,-640,875,-3184
alpha 0.01,2,376,-2,-642,876,-3186
alpha 0.01,2,377,-2,-644,877,-3188
alpha 0.01,2,378,-2,-646,878,-3190
alpha 0.01,2,379,-2,-648,879,-3192
alpha 0.01,2,380,-2,-650,880,-3194
alpha 0.01,2,381,-2,-652,881,-3196
alpha 0.01,2,382,-2,-654,882,-3198
alpha 0.01,2,383,-2,-656,883,-3200
alpha 0.01,2,384,-2,-658,884,-3202
alpha 0.01,2,385,-2,-660,885,-3204
alpha 0.01,2,386,-2,-662,886,-3206
alpha 0.01,2,387,-2,-664,887,-3208
alpha 0.01,2,388,-2,-666,888,-3210
alpha 0.01,2,389,-2,-668,889,-3212
alpha 0.01,2,390,-2,-670,890,-3214
alpha 0.01,2,391,-2,-672,891,-3216
alpha 0.01,2,392,-2,-674,892,-3218
alpha 0.01,2,393,-2,-676,893,-3220
alpha 0.01,2,394,-2,-678,894,-3222
alpha 0.01,2,395,-2,-680,895,-3224
alpha 0.01,2,396,-2,-682,896,-3226
alpha 0.01,2,397,-2,-684,897,-3228
alpha 0.01,2,398,-2,-686,898,-3230
alpha 0.01,2,399,-2,-688,899,-3232
alpha 0.01,2,400,-2,-690,900,-3234
alpha 0.01,2,401,-2,-692,901,-3236
alpha 0.01,2,402,-2,-694,902,-3238
alpha 0.01,2,403,-2,-696,903,-3240
alpha 0.01,2,404,-2,-698,904,-3242
alpha 0.01,2,405,-2,-700,905,-3244
alpha 0.01,2,406,-2,-702,906,-3246
alpha 0.01,2,407,-2,-704,907,-3248
alpha 0.01,2,408,-2,-706,908,-3250
alpha 0.01,2,409,-2,-708,909,-3252
alpha 0.01,2,410,-2,-710,910,-3254
alpha 0.01,2,411,-2,-712,911,-3256
alpha 0.01,2,412,-2,-714,912,-3258
alpha 0.01,2,413,-2,-716,913,-3260
alpha 0.01,2,414,-3,-719,914,-3263
alpha 0.01,2,415,-3,-722,915,-3266
alpha 0.01,2,416,-2,-724,916,-3268
alpha 0.01,2,417,-2,-726,917,-3270
alpha 0.01,2,418,-2,-728,918,-3272
alpha 0.01,2,419,-2,-730,919,-3274
alpha 0.01,2,420,-2,-732,920,-3276
alpha 0.01,2,421,-2,-734,921,-3278
alpha 0.01,2,422,-2,-736,922,-3280
alpha 0.01,2,423,-2,-738,923,-3282
alpha 0.01,2,424,-2,-740,924,-3284
alpha 0.01,2,425,-2,-742,925,-3286
alpha 0.01,2,426,-2,-744,926,-3288
alpha 0.01,2,427,-2,-746,927,-3290
alpha 0.01,2,428,-2,-748,928,-3292
alpha 0.01,2,429,-2,-750,929,-3294
alpha 0.01,2,430,-2,-752,930,-3296
alpha 0.01,2,431,-2,-754,931,-3298
alpha 0.01,2,432,-2,-756,932,-3300
alpha 0.01,2,433,-2,-758,933,-3302
alpha 0.01,2,434,-2,-760,934,-3304
alpha 0.01,2,435,-2,-762,935,-3306
alpha 0.01,2,436,-2,-764,936,-3308
alpha 0.01,2,437,-2,-766,937,-3310
alpha 0.01,2,438,-2,-768,938,-3312
alpha 0.01,2,439,-2,-770,939,-3314
alpha 0.01,2,440,-2,-772,940,-3316
alpha 0.01,2,441,-2,-774,941,-3318
alpha 0.01,2,442,-2,-776,942,-3320
alpha 0.01,2,443,-2,-778,943,-3322
alpha 0.01,2,444,-2,-780,944,-3324
alpha 0.01,2,445,-2,-782,945,-3326
alpha 0.01,2,446,-2,-784,946,-3328
alpha 0.01,2,447,-2,-786,947,-3330
alpha 0.01,2,448,-2,-788,948,-3332
alpha 0.01,2,449,-2,-790,949,-3334
alpha 0.01,2,450,-2,-792,950,-3336
alpha 0.01,2,451,-3,-795,951,-3339
alpha 0.01,2,452,-2,-797,952,-3341
alpha 0.01,2,453,-2,-799,953,-3343
alpha 0.01,2,454,-2,-801,954,-3345
alpha 0.01,2,455,-2,-803,955,-3347
alpha 0.01,2,456,-2,-805,956,-3349
alpha 0.01,2,457,-2,-807,957,-3351
alpha 0.01,2,458,-2,-809,958,-3353
alpha 0.01,2,459,-2,-811,959,-3355
alpha 0.01,2,460,-2,-813,960,-3357
alpha 0.01,2,461,-2,-815,961,-3359
alpha 0.01,2,462,-2,-817,962,-3361
alpha 0.01,2,463,-3,-820,963,-3364
alpha 0.01,2,464,-3,-823,964,-3367
alpha 0.01,2,465,-3,-826,965,-3370
alpha 0.01,2,466,-3,-829,966,-3373
alpha 0.01,2,467,-3,-832,967,-3376
alpha 0.01,2,468,-3,-835,968,-3379
alpha 0.01,2,469,-3,-838,969,-3382
alpha 0.01,2,470,-3,-841,970,-3385
alpha 0.01,2,471,-3,-844,971,-3388
alpha 0.01,2,472,-3,-847,972,-3391
alpha 0.01,2,473,-3,-850,973,-3394
alpha 0.01,2,474,-3,-853,974,-3397
alpha 0.01,2,475,-3,-856,975,-3400
alpha 0.01,2,476,-3,-859,976,-3403
alpha 0.01,2,477,-3,-862,977,-3406
alpha 0.01,2,478,-3,-865,978,-3409
alpha 0.01,2,479,-3,-868,979,-3412
alpha 0.01,2,480,-3,-871,980,-3415
alpha 0.01,2,481,-3,-874,981,-3418
alpha 0.01,2,482,-3,-877,982,-3421
alpha 0.01,2,483,-3,-880,983,-3424
alpha 0.01,2,484,-3,-883,984,-3427
alpha 0.01,2,485,-3,-886,985,-3430
alpha 0.01,2,486,-3,-889,986,-3433
alpha 0.01,2,487,-3,-892,987,-3436
alpha 0.01,2,488,-3,-895,988,-3439
alpha 0.01,2,489,-4,-899,989,-3443
alpha 0.01,2,490,-4,-903,990,-3447
alpha 0.01,2,491,-4,-907,991,-3451
alpha 0.01,2,492,-4,-911,992,-3455
alpha 0.01,2,493,-4,-915,993,-3459
alpha 0.01,2,494,-4,-919,994,-3463
alpha 0.01,2,495,-4,-923,995,-3467
alpha 0.01,2,496,-4,-927,996,-3471
alpha 0.01,2,497,-4,-931,997,-3475
alpha 0.01,2,498,-4,-935,998,-3479
alpha 0.01,2,499,-4,-939,999,-3483
alpha 0.01,2,500,-4,-943,1000,-3487
alpha 0.01,1,1,4,4,1,4
alpha 0.01,1,2,4,8,2,8
alpha 0.01,1,3,4,12,3,12
alpha 0.01,1,4,2,14,4,14
alpha 0.01,1,5,2,16,5,16
alpha 0.01,1,6,1,17,6,17
alpha 0.01,1,7,1,18,7,18
alpha 0.01,1,8,-1,17,8,17
alpha 0.01,1,9,-2,15,9,15
alpha 0.01,1,10,-2,13,10,13
alpha 0.01,1,11,-2,11,11,11
alpha 0.01,1,12,-3,8,12,8
alpha 0.01,1,13,-5,3,13,3
alpha 0.01,1,14,-5,-2,14,-2
alpha 0.01,1,15,-5,-7,15,-7
alpha 0.01,1,16,-5,-12,16,-12
alpha 0.01,1,17,-5,-17,17,-17
alpha 0.01,1,18,-5,-22,18,-22
alpha 0.01,1,19,-10,-32,19,-32
alpha 0.01,1,20,-10,-42,20,-42
alpha 0.01,1,21,-10,-52,21,-52
alpha 0.01,1,22,-10,-62,22,-62
alpha 0.01,1,23,-10,-72,23,-72
alpha 0.01,1,24,-10,-82,24,-82
alpha 0.01,1,25,-10,-92,25,-92
alpha 0.01,1,26,-10,-102,26,-102
alpha 0.01,1,27,-10,-112,27,-112
alpha 0.01,1,28,-10,-122,28,-122
alpha 0.01,1,29,-10,-132,29,-132
alpha 0.01,1,30,-10,-142,30,-142
alpha 0.01,1,31,-10,-152,31,-152
alpha 0.01,1,32,-10,-162,32,-162
alpha 0.01,1,33,-7,-169,33,-169
alpha 0.01,1,34,-7,-176,34,-176
alpha 0.01,1,35,-8,-184,35,-184
alpha 0.01,1,36,-10,-194,36,-194
alpha 0.01,1,37,-10,-204,37,-204
alpha 0.01,1,38,-10,-214,38,-214
alpha 0.01,1,39,-8,-222,39,-222
alpha 0.01,1,40,-7,-229,40,-229
alpha 0.01,1,41,-6,-235,41,-235
alpha 0.01,1,42,-6,-241,42,-241
alpha 0.01,1,43,-5,-246,43,-246
alpha 0.01,1,44,-5,-251,44,-251
alpha 0.01,1,45,-5,-256,45,-256
alpha 0.01,1,46,-5,-261,46,-261
alpha 0.01,1,47,-5,-266,47,-266
alpha 0.01,1,48,-5,-271,48,-271
alpha 0.01,1,49,-5,-276,49,-276
alpha 0.01,1,50,-5,-281,50,-281
alpha 0.01,1,51,-5,-286,51,-286
alpha 0.01,1,52,-5,-291,52,-291
alpha 0.01,1,53,-5,-296,53,-296
alpha 0.01,1,54,-5,-301,54,-301
alpha 0.01,1,55,-5,-306,55,-306
alpha 0.01,1,56,-5,-311,56,-311
alpha 0.01,1,57,-5,-316,57,-316
alpha 0.01,1,58,-5,-321,58,-321
alpha 0.01,1,59,-5,-326,59,-326
alpha 0.01,1,60,-5,-331,60,-331
alpha 0.01,1,61,-5,-336,61,-336
alpha 0.01,1,62,-5,-341,62,-341
alpha 0.01,1,63,-5,-346,63,-346
alpha 0.01,1,64,-5,-351,64,-351
alpha 0.01,1,65,-5,-356,65,-356
alpha 0.01,1,66,-5,-361,66,-361
alpha 0.01,1,67,-5,-366,67,-366
alpha 0.01,1,68,-5,-371,68,-371
alpha 0.01,1,69,-5,-376,69,-376
alpha 0.01,1,70,-5,-381,70,-381
alpha 0.01,1,71,-5,-386,71,-386
alpha 0.01,1,72,-5,-391,72,-391
alpha 0.01,1,73,-5,-396,73,-396
alpha 0.01,1,74,-5,-401,74,-401
alpha 0.01,1,75,-5,-406,75,-406
alpha 0.01,1,76,-5,-411,76,-411
alpha 0.01,1,77,-3,-414,77,-414
alpha 0.01,1,78,-3,-417,78,-417
alpha 0.01,1,79,-3,-420,79,-420
alpha 0.01,1,80,-3,-423,80,-423
alpha 0.01,1,81,-3,-426,81,-426
alpha 0.01,1,82,-2,-428,82,-428
alpha 0.01,1,83,-3,-431,83,-431
alpha 0.01,1,84,-4,-435,84,-435
alpha 0.01,1,85,-4,-439,85,-439
alpha 0.01,1,86,-4,-443,86,-443
alpha 0.01,1,87,-4,-447,87,-447
alpha 0.01,1,88,-4,-451,88,-451
alpha 0.01,1,89,-3,-454,89,-454
alpha 0.01,1,90,-3,-457,90,-457
alpha 0.01,1,91,-3,-460,91,-460
alpha 0.01,1,92,-3,-463,92,-463
alpha 0.01,1,93,-3,-466,93,-466
alpha 0.01,1,94,-3,-469,94,-469
alpha 0.01,1,95,-3,-472,95,-472
alpha 0.01,1,96,-2,-474,96,-474
alpha 0.01,1,97,1,-473,97,-473
alpha 0.01,1,98,1,-472,98,-472
alpha 0.01,1,99,-1,-473,99,-473
alpha 0.01,1,100,-1,-474,100,-474
alpha 0.01,1,101,1,-473,101,-473
alpha 0.01,1,102,-2,-475,102,-475
alpha 0.01,1,103,-2,-477,103,-477
alpha 0.01,1,104,1,-476,104,-476
alpha 0.01,1,105,1,-475,105,-475
alpha 0.01,1,106,1,-474,106,-474
alpha 0.01,1,107,-1,-475,107,-475
alpha 0.01,1,108,-2,-477,108,-477
alpha 0.01,1,109,-2,-479,109,-479
alpha 0.01,1,110,-2,-481,110,-481
alpha 0.01,1,111,-2,-483,111,-483
alpha 0.01,1,112,-2,-485,112,-485
alpha 0.01,1,113,-2,-487,113,-487
alpha 0.01,1,114,-2,-489,114,-489
alpha 0.01,1,115,-2,-491,115,-491
alpha 0.01,1,116,-2,-493,116,-493
alpha 0.01,1,117,-2,-495,117,-495
alpha 0.01,1,118,-2,-497,118,-497
alpha 0.01,1,119,-2,-499,119,-499
alpha 0.01,1,120,-2,-501,120,-501
alpha 0.01,1,121,-2,-503,121,-503
alpha 0.01,1,122,-2,-505,122,-505
alpha 0.01,1,123,-2,-507,123,-507
alpha 0.01,1,124,-2,-509,124,-509
alpha 0.01,1,125,-2,-511,125,-511
alpha 0.01,1,126,-2,-513,126,-513
alpha 0.01,1,127,-2,-515,127,-515
alpha 0.01,1,128,-2,-517,128,-517
alpha 0.01,1,129,-2,-519,129,-519
alpha 0.01,1,130,-3,-522,130,-522
alpha 0.01,1,131,-3,-525,131,-525
alpha 0.01,1,132,-3,-528,132,-528
alpha 0.01,1,133,-3,-531,133,-531
alpha 0.01,1,134,-3,-534,134,-534
alpha 0.01,1,135,-3,-537,135,-537
alpha 0.01,1,136,-3,-540,136,-540
alpha 0.01,1,137,-4,-544,137,-544
alpha 0.01,1,138,-4,-548,138,-548
alpha 0.01,1,139,-4,-552,139,-552
alpha 0.01,1,140,-4,-556,140,-556
alpha 0.01,1,141,-4,-560,141,-560
alpha 0.01,1,142,-4,-564,142,-564
alpha 0.01,1,143,-4,-568,143,-568
alpha 0.01,1,144,-4,-572,144,-572
alpha 0.01,1,145,-5,-577,145,-577
alpha 0.01,1,146,-5,-582,146,-582
alpha 0.01,1,147,-5,-587,147,-587
alpha 0.01,1,148,-5,-592,148,-592
alpha 0.01,1,149,-5,-597,149,-597
alpha 0.01,1,150,-4,-601,150,-601
alpha 0.01,1,151,-4,-605,151,-605
alpha 0.01,1,152,-4,-609,152,-609
alpha 0.01,1,153,-4,-613,153,-613
alpha 0.01,1,154,-4,-617,154,-617
alpha 0.01,1,155,-4,-621,155,-621
alpha 0.01,1,156,-4,-625,156,-625
alpha 0.01,1,157,-4,-629,157,-629
alpha 0.01,1,158,-4,-633,158,-633
alpha 0.01,1,159,-4,-637,159,-637
alpha 0.01,1,160,-4,-641,160,-641
alpha 0.01,1,161,-4,-645,161,-645
alpha 0.01,1,162,-4,-649,162,-649
alpha 0.01,1,163,-5,-654,163,-654
alpha 0.01,1,164,-5,-659,164,-659
alpha 0.01,1,165,-6,-665,165,-665
alpha 0.01,1,166,-6,-671,166,-671
alpha 0.01,1,167,-6,-677,167,-677
alpha 0.01,1,168,-6,-683,168,-683
alpha 0.01,1,169,-6,-689,169,-689
alpha 0.01,1,170,-6,-695,170,-695
alpha 0.01,1,171,-6,-701,171,-701
alpha 0.01,1,172,-6,-707,172,-707
alpha 0.01,1,173,-6,-713,173,-713
alpha 0.01,1,174,-6,-719,174,-719
alpha 0.01,1,175,-6,-725,175,-725
alpha 0.01,1,176,-6,-731,176,-731
alpha 0.01,1,177,-6,-737,177,-737
alpha 0.01,1,178,-6,-743,178,-743
alpha 0.01,1,179,-6,-749,179,-749
alpha 0.01,1,180,-6,-755,180,-755
alpha 0.01,1,181,-6,-761,181,-761
alpha 0.01,1,182,-6,-767,182,-767
alpha 0.01,1,183,-6,-773,183,-773
alpha 0.01,1,184,-6,-779,184,-779
alpha 0.01,1,185,-6,-785,185,-785
alpha 0.01,1,186,-6,-791,186,-791
alpha 0.01,1,187,-8,-799,187,-799
alpha 0.01,1,188,-8,-807,188,-807
alpha 0.01,1,189,-6,-813,189,-813
alpha 0.01,1,190,-8,-821,190,-821
alpha 0.01,1,191,-8,-829,191,-829
alpha 0.01,1,192,-8,-837,192,-837
alpha 0.01,1,193,-8,-845,193,-845
alpha 0.01,1,194,-8,-853,194,-853
alpha 0.01,1,195,-8,-861,195,-861
alpha 0.01,1,196,-8,-869,196,-869
alpha 0.01,1,197,-8,-877,197,-877
alpha 0.01,1,198,-8,-885,198,-885
alpha 0.01,1,199,-8,-893,199,-893
alpha 0.01,1,200,-8,-901,200,-901
alpha 0.01,1,201,-8,-909,201,-909
alpha 0.01,1,202,-8,-917,202,-917
alpha 0.01,1,203,-8,-925,203,-925
alpha 0.01,1,204,-8,-933,204,-933
alpha 0.01,1,205,-8,-941,205,-941
alpha 0.01,1,206,-8,-949,206,-949
alpha 0.01,1,207,-8,-957,207,-957
alpha 0.01,1,208,-8,-965,208,-965
alpha 0.01,1,209,-8,-973,209,-973
alpha 0.01,1,210,-8,-981,210,-981
alpha 0.01,1,211,-8,-989,211,-989
alpha 0.01,1,212,-8,-997,212,-997
alpha 0.01,1,213,-8,-1005,213,-1005
alpha 0.01,1,214,-8,-1013,214,-1013
alpha 0.01,1,215,-8,-1021,215,-1021
alpha 0.01,1,216,-8,-1029,216,-1029
alpha 0.01,1,217,-8,-1037,217,-1037
alpha 0.01,1,218,-8,-1045,218,-1045
alpha 0.01,1,219,-8,-1053,219,-1053
alpha 0.01,1,220,-8,-1061,220,-1061
alpha 0.01,1,221,-8,-1069,221,-1069
alpha 0.01,1,222,-7,-1076,222,-1076
alpha 0.01,1,223,-7,-1083,223,-1083
alpha 0.01,1,224,-7,-1090,224,-1090
alpha 0.01,1,225,-7,-1097,225,-1097
alpha 0.01,1,226,-7,-1104,226,-1104
alpha 0.01,1,227,-7,-1111,227,-1111
alpha 0.01,1,228,-7,-1118,228,-1118
alpha 0.01,1,229,-7,-1125,229,-1125
alpha 0.01,1,230,-7,-1132,230,-1132
alpha 0.01,1,231,-7,-1139,231,-1139
alpha 0.01,1,232,-7,-1146,232,-1146
alpha 0.01,1,233,-7,-1153,233,-1153
alpha 0.01,1,234,-7,-1160,234,-1160
alpha 0.01,1,235,-7,-1167,235,-1167
alpha 0.01,1,236,-7,-1174,236,-1174
alpha 0.01,1,237,-7,-1181,237,-1181
alpha 0.01,1,238,-6,-1187,238,-1187
alpha 0.01,1,239,-6,-1193,239,-1193
alpha 0.01,1,240,-6,-1199,240,-1199
alpha 0.01,1,241,-6,-1205,241,-1205
alpha 0.01,1,242,-6,-1211,242,-1211
alpha 0.01,1,243,-6,-1217,243,-1217
alpha 0.01,1,244,-6,-1223,244,-1223
alpha 0.01,1,245,-5,-1228,245,-1228
alpha 0.01,1,246,-5,-1233,246,-1233
alpha 0.01,1,247,-5,-1238,247,-1238
alpha 0.01,1,248,-5,-1243,248,-1243
alpha 0.01,1,249,-5,-1248,249,-1248
alpha 0.01,1,250,-5,-1253,250,-1253
alpha 0.01,1,251,-5,-1258,251,-1258
alpha 0.01,1,252,-5,-1263,252,-1263
alpha 0.01,1,253,-5,-1268,253,-1268
alpha 0.01,1,254,-5,-1273,254,-1273
alpha 0.01,1,255,-5,-1278,255,-1278
alpha 0.01,1,256,-5,-1283,256,-1283
alpha 0.01,1,257,-5,-1288,257,-1288
alpha 0.01,1,258,-5,-1293,258,-1293
alpha 0.01,1,259,-5,-1298,259,-1298
alpha 0.01,1,260,-5,-1303,260,-1303
alpha 0.01,1,261,-6,-1309,261,-1309
alpha 0.01,1,262,-6,-1315,262,-1315
alpha 0.01,1,263,-6,-1321,263,-1321
alpha 0.01,1,264,-6,-1327,264,-1327
alpha 0.01,1,265,-6,-1333,265,-1333
alpha 0.01,1,266,-7,-1340,266,-1340
alpha 0.01,1,267,-7,-1347,267,-1347
alpha 0.01,1,268,-7,-1354,268,-1354
alpha 0.01,1,269,-7,-1361,269,-1361
alpha 0.01,1,270,-7,-1368,270,-1368
alpha 0.01,1,271,-7,-1375,271,-1375
alpha 0.01,1,272,-7,-1382,272,-1382
alpha 0.01,1,273,-7,-1389,273,-1389
alpha 0.01,1,274,-7,-1396,274,-1396
alpha 0.01,1,275,-7,-1403,275,-1403
alpha 0.01,1,276,-7,-1410,276,-1410
alpha 0.01,1,277,-7,-1417,277,-1417
alpha 0.01,1,278,-7,-1424,278,-1424
alpha 0.01,1,279,-7,-1431,279,-1431
alpha 0.01,1,280,-7,-1438,280,-1438
alpha 0.01,1,281,-7,-1445,281,-1445
alpha 0.01,1,282,-7,-1452,282,-1452
alpha 0.01,1,283,-7,-1459,283,-1459
alpha 0.01,1,284,-7,-1466,284,-1466
alpha 0.01,1,285,-7,-1473,285,-1473
alpha 0.01,1,286,-7,-1480,286,-1480
alpha 0.01,1,287,-7,-1487,287,-1487
alpha 0.01,1,288,-7,-1494,288,-1494
alpha 0.01,1,289,-7,-1501,289,-1501
alpha 0.01,1,290,-7,-1508,290,-1508
alpha 0.01,1,291,-7,-1515,291,-1515
alpha 0.01,1,292,-7,-1522,292,-1522
alpha 0.01,1,293,-7,-1529,293,-1529
alpha 0.01,1,294,-7,-1536,294,-1536
alpha 0.01,1,295,-7,-1543,295,-1543
alpha 0.01,1,296,-7,-1550,296,-1550
alpha 0.01,1,297,-7,-1557,297,-1557
alpha 0.01,1,298,-7,-1564,298,-1564
alpha 0.01,1,299,-7,-1571,299,-1571
alpha 0.01,1,300,-7,-1578,300,-1578
alpha 0.01,1,301,-7,-1585,301,-1585
alpha 0.01,1,302,-7,-1592,302,-1592
alpha 0.01,1,303,-7,-1599,303,-1599
alpha 0.01,1,304,-7,-1606,304,-1606
alpha 0.01,1,305,-5,-1611,305,-1611
alpha 0.01,1,306,-6,-1617,306,-1617
alpha 0.01,1,307,-5,-1622,307,-1622
alpha 0.01,1,308,-5,-1627,308,-1627
alpha 0.01,1,309,-5,-1632,309,-1632
alpha 0.01,1,310,-5,-1637,310,-1637
alpha 0.01,1,311,-5,-1642,311,-1642
alpha 0.01,1,312,-5,-1647,312,-1647
alpha 0.01,1,313,-5,-1652,313,-1652
alpha 0.01,1,314,-5,-1657,314,-1657
alpha 0.01,1,315,-5,-1662,315,-1662
alpha 0.01,1,316,-5,-1667,316,-1667
alpha 0.01,1,317,-5,-1672,317,-1672
alpha 0.01,1,318,-5,-1677,318,-1677
alpha 0.01,1,319,-5,-1682,319,-1682
alpha 0.01,1,320,-5,-1687,320,-1687
alpha 0.01,1,321,-5,-1692,321,-1692
alpha 0.01,1,322,-7,-1699,322,-1699
alpha 0.01,1,323,-7,-1706,323,-1706
alpha 0.01,1,324,-7,-1713,324,-1713
alpha 0.01,1,325,-7,-1720,325,-1720
alpha 0.01,1,326,-5,-1725,326,-1725
alpha 0.01,1,327,-5,-1730,327,-1730
alpha 0.01,1,328,-5,-1735,328,-1735
alpha 0.01,1,329,-5,-1740,329,-1740
alpha 0.01,1,330,-5,-1745,330,-1745
alpha 0.01,1,331,-4,-1749,331,-1749
alpha 0.01,1,332,-4,-1753,332,-1753
alpha 0.01,1,333,-5,-1758,333,-1758
alpha 0.01,1,334,-5,-1763,334,-1763
alpha 0.01,1,335,-4,-1767,335,-1767
alpha 0.01,1,336,-4,-1771,336,-1771
alpha 0.01,1,337,-4,-1775,337,-1775
alpha 0.01,1,338,-4,-1779,338,-1779
alpha 0.01,1,339,-4,-1783,339,-1783
alpha 0.01,1,340,-4,-1787,340,-1787
alpha 0.01,1,341,-3,-1790,341,-1790
alpha 0.01,1,342,-3,-1793,342,-1793
alpha 0.01,1,343,-3,-1796,343,-1796
alpha 0.01,1,344,-3,-1799,344,-1799
alpha 0.01,1,345,-2,-1801,345,-1801
alpha 0.01,1,346,-2,-1803,346,-1803
alpha 0.01,1,347,-2,-1805,347,-1805
alpha 0.01,1,348,-2,-1807,348,-1807
alpha 0.01,1,349,-2,-1809,349,-1809
alpha 0.01,1,350,-2,-1811,350,-1811
alpha 0.01,1,351,-2,-1813,351,-1813
alpha 0.01,1,352,-2,-1815,352,-1815
alpha 0.01,1,353,-2,-1817,353,-1817
alpha 0.01,1,354,-2,-1819,354,-1819
alpha 0.01,1,355,-2,-1821,355,-1821
alpha 0.01,1,356,-2,-1823,356,-1823
alpha 0.01,1,357,-3,-1826,357,-1826
alpha 0.01,1,358,-5,-1831,358,-1831
alpha 0.01,1,359,-3,-1834,359,-1834
alpha 0.01,1,360,-3,-1837,360,-1837
alpha 0.01,1,361,-3,-1840,361,-1840
alpha 0.01,1,362,-3,-1843,362,-1843
alpha 0.01,1,363,-3,-1846,363,-1846
alpha 0.01,1,364,-3,-1849,364,-1849
alpha 0.01,1,365,-3,-1852,365,-1852
alpha 0.01,1,366,-3,-1855,366,-1855
alpha 0.01,1,367,-3,-1858,367,-1858
alpha 0.01,1,368,-3,-1861,368,-1861
alpha 0.01,1,369,-3,-1864,369,-1864
alpha 0.01,1,370,-3,-1867,370,-1867
alpha 0.01,1,371,-3,-1870,371,-1870
alpha 0.01,1,372,-3,-1873,372,-1873
alpha 0.01,1,373,-3,-1876,373,-1876
alpha 0.01,1,374,-3,-1879,374,-1879
alpha 0.01,1,375,-3,-1882,375,-1882
alpha 0.01,1,376,-3,-1885,376,-1885
alpha 0.01,1,377,-3,-1888,377,-1888
alpha 0.01,1,378,-2,-1890,378,-1890
alpha 0.01,1,379,-2,-1892,379,-1892
alpha 0.01,1,380,-2,-1894,380,-1894
alpha 0.01,1,381,-2,-1896,381,-1896
alpha 0.01,1,382,-2,-1898,382,-1898
alpha 0.01,1,383,-2,-1900,383,-1900
alpha 0.01,1,384,-2,-1902,384,-1902
alpha 0.01,1,385,-3,-1905,385,-1905
alpha 0.01,1,386,-3,-1908,386,-1908
alpha 0.01,1,387,-3,-1911,387,-1911
alpha 0.01,1,388,-3,-1914,388,-1914
alpha 0.01,1,389,-3,-1917,389,-1917
alpha 0.01,1,390,-3,-1920,390,-1920
alpha 0.01,1,391,-3,-1923,391,-1923
alpha 0.01,1,392,-3,-1926,392,-1926
alpha 0.01,1,393,-3,-1929,393,-1929
alpha 0.01,1,394,-3,-1932,394,-1932
alpha 0.01,1,395,-3,-1935,395,-1935
alpha 0.01,1,396,-4,-1939,396,-1939
alpha 0.01,1,397,-4,-1943,397,-1943
alpha 0.01,1,398,-4,-1947,398,-1947
alpha 0.01,1,399,-4,-1951,399,-1951
alpha 0.01,1,400,-4,-1955,400,-1955
alpha 0.01,1,401,-4,-1959,401,-1959
alpha 0.01,1,402,-4,-1963,402,-1963
alpha 0.01,1,403,-4,-1967,403,-1967
alpha 0.01,1,404,-4,-1971,404,-1971
alpha 0.01,1,405,-4,-1975,405,-1975
alpha 0.01,1,406,-4,-1979,406,-1979
alpha 0.01,1,407,-4,-1983,407,-1983
alpha 0.01,1,408,-4,-1987,408,-1987
alpha 0.01,1,409,-4,-1991,409,-1991
alpha 0.01,1,410,-4,-1995,410,-1995
alpha 0.01,1,411,-4,-1999,411,-1999
alpha 0.01,1,412,-4,-2003,412,-2003
alpha 0.01,1,413,-4,-2007,413,-2007
alpha 0.01,1,414,-5,-2012,414,-2012
alpha 0.01,1,415,-5,-2017,415,-2017
alpha 0.01,1,416,-5,-2022,416,-2022
alpha 0.01,1,417,-5,-2027,417,-2027
alpha 0.01,1,418,-5,-2032,418,-2032
alpha 0.01,1,419,-5,-2037,419,-2037
alpha 0.01,1,420,-5,-2042,420,-2042
alpha 0.01,1,421,-5,-2047,421,-2047
alpha 0.01,1,422,-5,-2052,422,-2052
alpha 0.01,1,423,-5,-2057,423,-2057
alpha 0.01,1,424,-5,-2062,424,-2062
alpha 0.01,1,425,-5,-2067,425,-2067
alpha 0.01,1,426,-5,-2072,426,-2072
alpha 0.01,1,427,-5,-2077,427,-2077
alpha 0.01,1,428,-5,-2082,428,-2082
alpha 0.01,1,429,-5,-2087,429,-2087
alpha 0.01,1,430,-5,-2092,430,-2092
alpha 0.01,1,431,-5,-2097,431,-2097
alpha 0.01,1,432,-5,-2102,432,-2102
alpha 0.01,1,433,-5,-2107,433,-2107
alpha 0.01,1,434,-5,-2112,434,-2112
alpha 0.01,1,435,-5,-2117,435,-2117
alpha 0.01,1,436,-5,-2122,436,-2122
alpha 0.01,1,437,-5,-2127,437,-2127
alpha 0.01,1,438,-5,-2132,438,-2132
alpha 0.01,1,439,-5,-2137,439,-2137
alpha 0.01,1,440,-6,-2143,440,-2143
alpha 0.01,1,441,-6,-2149,441,-2149
alpha 0.01,1,442,-5,-2154,442,-2154
alpha 0.01,1,443,-5,-2159,443,-2159
alpha 0.01,1,444,-5,-2164,444,-2164
alpha 0.01,1,445,-6,-2170,445,-2170
alpha 0.01,1,446,-8,-2178,446,-2178
alpha 0.01,1,447,-8,-2186,447,-2186
alpha 0.01,1,448,-8,-2194,448,-2194
alpha 0.01,1,449,-8,-2202,449,-2202
alpha 0.01,1,450,-8,-2210,450,-2210
alpha 0.01,1,451,-8,-2218,451,-2218
alpha 0.01,1,452,-8,-2226,452,-2226
alpha 0.01,1,453,-8,-2234,453,-2234
alpha 0.01,1,454,-8,-2242,454,-2242
alpha 0.01,1,455,-8,-2250,455,-2250
alpha 0.01,1,456,-7,-2257,456,-2257
alpha 0.01,1,457,-7,-2264,457,-2264
alpha 0.01,1,458,-7,-2271,458,-2271
alpha 0.01,1,459,-7,-2278,459,-2278
alpha 0.01,1,460,-7,-2285,460,-2285
alpha 0.01,1,461,-7,-2292,461,-2292
alpha 0.01,1,462,-7,-2299,462,-2299
alpha 0.01,1,463,-7,-2306,463,-2306
alpha 0.01,1,464,-7,-2313,464,-2313
alpha 0.01,1,465,-7,-2320,465,-2320
alpha 0.01,1,466,-7,-2327,466,-2327
alpha 0.01,1,467,-7,-2334,467,-2334
alpha 0.01,1,468,-7,-2341,468,-2341
alpha 0.01,1,469,-7,-2348,469,-2348
alpha 0.01,1,470,-7,-2355,470,-2355
alpha 0.01,1,471,-7,-2362,471,-2362
alpha 0.01,1,472,-7,-2369,472,-2369
alpha 0.01,1,473,-7,-2376,473,-2376
alpha 0.01,1,474,-7,-2383,474,-2383
alpha 0.01,1,475,-7,-2390,475,-2390
alpha 0.01,1,476,-7,-2397,476,-2397
alpha 0.01,1,477,-7,-2404,477,-2404
alpha 0.01,1,478,-7,-2411,478,-2411
alpha 0.01,1,479,-7,-2418,479,-2418
alpha 0.01,1,480,-7,-2425,480,-2425
alpha 0.01,1,481,-7,-2432,481,-2432
alpha 0.01,1,482,-7,-2439,482,-2439
alpha 0.01,1,483,-7,-2446,483,-2446
alpha 0.01,1,484,-7,-2453,484,-2453
alpha 0.01,1,485,-7,-2460,485,-2460
alpha 0.01,1,486,-7,-2467,486,-2467
alpha 0.01,1,487,-6,-2473,487,-2473
alpha 0.01,1,488,-6,-2479,488,-2479
alpha 0.01,1,489,-6,-2485,489,-2485
alpha 0.01,1,490,-6,-2491,490,-2491
alpha 0.01,1,491,-6,-2497,491,-2497
alpha 0.01,1,492,-6,-2503,492,-2503
alpha 0.01,1,493,-6,-2509,493,-2509
alpha 0.01,1,494,-5,-2514,494,-2514
alpha 0.01,1,495,-5,-2519,495,-2519
alpha 0.01,1,496,-5,-2524,496,-2524
alpha 0.01,1,497,-5,-2529,497,-2529
alpha 0.01,1,498,-5,-2534,498,-2534
alpha 0.01,1,499,-5,-2539,499,-2539
alpha 0.01,1,500,-5,-2544,500,-2544
alpha 0.01,2,1,4,4,501,-2540
alpha 0.01,2,2,2,6,502,-2538
alpha 0.01,2,3,1,7,503,-2537
alpha 0.01,2,4,1,8,504,-2536
alpha 0.01,2,5,-2,6,505,-2538
alpha 0.01,2,6,-3,3,506,-2541
alpha 0.01,2,7,-3,0,507,-2544
alpha 0.01,2,8,-4,-4,508,-2548
alpha 0.01,2,9,-3,-7,509,-2551
alpha 0.01,2,10,-3,-10,510,-2554
alpha 0.01,2,11,-3,-13,511,-2557
alpha 0.01,2,12,-3,-16,512,-2560
alpha 0.01,2,13,-3,-19,513,-2563
alpha 0.01,2,14,-2,-21,514,-2565
alpha 0.01,2,15,-2,-23,515,-2567
alpha 0.01,2,16,-2,-25,516,-2569
alpha 0.01,2,17,-2,-27,517,-2571
alpha 0.01,2,18,-2,-29,518,-2573
alpha 0.01,2,19,-2,-31,519,-2575
alpha 0.01,2,20,-1,-32,520,-2576
alpha 0.01,2,21,-1,-33,521,-2577
alpha 0.01,2,22,1,-32,522,-2576
alpha 0.01,2,23,1,-31,523,-2575
alpha 0.01,2,24,1,-30,524,-2574
alpha 0.01,2,25,1,-29,525,-2573
alpha 0.01,2,26,1,-28,526,-2572
alpha 0.01,2,27,1,-27,527,-2571
alpha 0.01,2,28,-1,-28,528,-2572
alpha 0.01,2,29,-2,-30,529,-2574
alpha 0.01,2,30,-2,-32,530,-2576
alpha 0.01,2,31,-2,-34,531,-2578
alpha 0.01,2,32,-2,-36,532,-2580
alpha 0.01,2,33,-2,-38,533,-2582
alpha 0.01,2,34,-2,-40,534,-2584
alpha 0.01,2,35,-2,-42,535,-2586
alpha 0.01,2,36,-2,-44,536,-2588
alpha 0.01,2,37,-2,-46,537,-2590
alpha 0.01,2,38,-2,-48,538,-2592
alpha 0.01,2,39,-2,-50,539,-2594
alpha 0.01,2,40,-2,-52,540,-2596
alpha 0.01,2,41,-2,-54,541,-2598
alpha 0.01,2,42,-2,-56,542,-2600
alpha 0.01,2,43,-2,-58,543,-2602
alpha 0.01,2,44,-2,-60,544,-2604
alpha 0.01,2,45,-2,-62,545,-2606
alpha 0.01,2,46,-2,-64,546,-2608
alpha 0.01,2,47,-2,-66,547,-2610
alpha 0.01,2,48,-2,-68,548,-2612
alpha 0.01,2,49,-2,-70,549,-2614
alpha 0.01,2,50,-2,-72,550,-2616
alpha 0.01,2,51,-2,-74,551,-2618
alpha 0.01,2,52,-2,-76,552,-2620
alpha 0.01,2,53,-2,-78,553,-2622
alpha 0.01,2,54,-2,-80,554,-2624
alpha 0.01,2,55,-2,-82,555,-2626
alpha 0.01,2,56,-2,-84,556,-2628
alpha 0.01,2,57,-2,-86,557,-2630
alpha 0.01,2,58,-2,-88,558,-2632
alpha 0.01,2,59,-2,-90,559,-2634
alpha 0.01,2,60,-2,-92,560,-2636
alpha 0.01,2,61,-2,-94,561,-2638
alpha 0.01,2,62,-2,-96,562,-2640
alpha 0.01,2,63,-2,-98,563,-2642
alpha 0.01,2,64,-2,-100,564,-2644
alpha 0.01,2,65,-2,-102,565,-2646
alpha 0.01,2,66,-2,-104,566,-2648
alpha 0.01,2,67,-2,-106,567,-2650
alpha 0.01,2,68,-2,-108,568,-2652
alpha 0.01,2,69,-2,-110,569,-2654
alpha 0.01,2,70,-2,-112,570,-2656
alpha 0.01,2,71,-2,-114,571,-2658
alpha 0.01,2,72,-2,-116,572,-2660
alpha 0.01,2,73,-2,-118,573,-2662
alpha 0.01,2,74,-2,-120,574,-2664
alpha 0.01,2,75,-2,-122,575,-2666
alpha 0.01,2,76,-2,-124,576,-2668
alpha 0.01,2,77,-2,-126,577,-2670
alpha 0.01,2,78,-2,-128,578,-2672
alpha 0.01,2,79,-2,-130,579,-2674
alpha 0.01,2,80,-2,-132,580,-2676
alpha 0.01,2,81,-2,-134,581,-2678
alpha 0.01,2,82,-2,-136,582,-2680
alpha 0.01,2,83,-2,-138,583,-2682
alpha 0.01,2,84,-2,-140,584,-2684
alpha 0.01,2,85,-2,-142,585,-2686
alpha 0.01,2,86,-2,-144,586,-2688
alpha 0.01,2,87,-2,-146,587,-2690
alpha 0.01,2,88,-2,-148,588,-2692
alpha 0.01,2,89,-2,-150,589,-2694
alpha 0.01,2,90,-2,-152,590,-2696
alpha 0.01,2,91,-2,-154,591,-2698
alpha 0.01,2,92,-2,-156,592,-2700
alpha 0.01,2,93,-2,-158,593,-2702
alpha 0.01,2,94,-2,-160,594,-2704
alpha 0.01,2,95,-2,-162,595,-2706
alpha 0.01,2,96,-2,-164,596,-2708
alpha 0.01,2,97,-2,-166,597,-2710
alpha 0.01,2,98,-2,-168,598,-2712
alpha 0.01,2,99,-2,-170,599,-2714
alpha 0.01,2,100,-2,-172,600,-2716
alpha 0.01,2,101,-2,-174,601,-2718
alpha 0.01,2,102,-2,-176,602,-2720
alpha 0.01,2,103,-2,-178,603,-2722
alpha 0.01,2,104,-2,-180,604,-2724
alpha 0.01,2,105,-2,-182,605,-2726
alpha 0.01,2,106,-2,-184,606,-2728
alpha 0.01,2,107,-2,-186,607,-2730
alpha 0.01,2,108,-2,-188,608,-2732
alpha 0.01,2,109,-1,-189,609,-2733
alpha 0.01,2,110,1,-188,610,-2732
alpha 0.01,2,111,1,-187,611,-2731
alpha 0.01,2,112,1,-186,612,-2730
alpha 0.01,2,113,-3,-189,613,-2733
alpha 0.01,2,114,-3,-192,614,-2736
alpha 0.01,2,115,-3,-195,615,-2739
alpha 0.01,2,116,-3,-198,616,-2742
alpha 0.01,2,117,-3,-201,617,-2745
alpha 0.01,2,118,-3,-204,618,-2748
alpha 0.01,2,119,-2,-206,619,-2750
alpha 0.01,2,120,-2,-208,620,-2752
alpha 0.01,2,121,-3,-211,621,-2755
alpha 0.01,2,122,-3,-214,622,-2758
alpha 0.01,2,123,-3,-217,623,-2761
alpha 0.01,2,124,-3,-220,624,-2764
alpha 0.01,2,125,-3,-223,625,-2767
alpha 0.01,2,126,-3,-226,626,-2770
alpha 0.01,2,127,-3,-229,627,-2773
alpha 0.01,2,128,-3,-232,628,-2776
alpha 0.01,2,129,-3,-235,629,-2779
alpha 0.01,2,130,-3,-238,630,-2782
alpha 0.01,2,131,-3,-241,631,-2785
alpha 0.01,2,132,-3,-244,632,-2788
alpha 0.01,2,133,-3,-247,633,-2791
alpha 0.01,2,134,-3,-250,634,-2794
alpha 0.01,2,135,-3,-253,635,-2797
alpha 0.01,2,136,-3,-256,636,-2800
alpha 0.01,2,137,-3,-259,637,-2803
alpha 0.01,2,138,-3,-262,638,-2806
alpha 0.01,2,139,-3,-265,639,-2809
alpha 0.01,2,140,-3,-268,640,-2812
alpha 0.01,2,141,-3,-271,641,-2815
alpha 0.01,2,142,-3,-274,642,-2818
alpha 0.01,2,143,-3,-277,643,-2821
alpha 0.01,2,144,-3,-280,644,-2824
alpha 0.01,2,145,-3,-283,645,-2827
alpha 0.01,2,146,-3,-286,646,-2830
alpha 0.01,2,147,-3,-289,647,-2833
alpha 0.01,2,148,-3,-292,648,-2836
alpha 0.01,2,149,-3,-295,649,-2839
alpha 0.01,2,150,-3,-298,650,-2842
alpha 0.01,2,151,-3,-301,651,-2845
alpha 0.01,2,152,-3,-304,652,-2848
alpha 0.01,2,153,-3,-307,653,-2851
alpha 0.01,2,154,-3,-310,654,-2854
alpha 0.01,2,155,-3,-313,655,-2857
alpha 0.01,2,156,-3,-316,656,-2860
alpha 0.01,2,157,-4,-320,657,-2864
alpha 0.01,2,158,-4,-324,658,-2868
alpha 0.01,2,159,-4,-328,659,-2872
alpha 0.01,2,160,-4,-332,660,-2876
alpha 0.01,2,161,-4,-336,661,-2880
alpha 0.01,2,162,-4,-340,662,-2884
alpha 0.01,2,163,-4,-344,663,-2888
alpha 0.01,2,164,-4,-348,664,-2892
alpha 0.01,2,165,-4,-352,665,-2896
alpha 0.01,2,166,-4,-356,666,-2900
alpha 0.01,2,167,-4,-360,667,-2904
alpha 0.01,2,168,-4,-364,668,-2908
alpha 0.01,2,169,-4,-368,669,-2912
alpha 0.01,2,170,-4,-372,670,-2916
alpha 0.01,2,171,-4,-376,671,-2920
alpha 0.01,2,172,-4,-380,672,-2924
alpha 0.01,2,173,-4,-384,673,-2928
alpha 0.01,2,174,-4,-388,674,-2932
alpha 0.01,2,175,-4,-392,675,-2936
alpha 0.01,2,176,-4,-396,676,-2940
alpha 0.01,2,177,-4,-400,677,-2944
alpha 0.01,2,178,-4,-404,678,-2948
alpha 0.01,2,179,-4,-408,679,-2952
alpha 0.01,2,180,-4,-412,680,-2956
alpha 0.01,2,181,-4,-416,681,-2960
alpha 0.01,2,182,-2,-418,682,-2962
alpha 0.01,2,183,-2,-420,683,-2964
alpha 0.01,2,184,-3,-423,684,-2967
alpha 0.01,2,185,-3,-426,685,-2970
alpha 0.01,2,186,-3,-429,686,-2973
alpha 0.01,2,187,-3,-432,687,-2976
alpha 0.01,2,188,-3,-435,688,-2979
alpha 0.01,2,189,-3,-438,689,-2982
alpha 0.01,2,190,-3,-441,690,-2985
alpha 0.01,2,191,-3,-444,691,-2988
alpha 0.01,2,192,-3,-447,692,-2991
alpha 0.01,2,193,-3,-450,693,-2994
alpha 0.01,2,194,-3,-453,694,-2997
alpha 0.01,2,195,-3,-456,695,-3000
alpha 0.01,2,196,-3,-459,696,-3003
alpha 0.01,2,197,-3,-462,697,-3006
alpha 0.01,2,198,-3,-465,698,-3009
alpha 0.01,2,199,-3,-468,699,-3012
alpha 0.01,2,200,-3,-471,700,-3015
alpha 0.01,2,201,-3,-474,701,-3018
alpha 0.01,2,202,-3,-477,702,-3021
alpha 0.01,2,203,-3,-480,703,-3024
alpha 0.01,2,204,-3,-483,704,-3027
alpha 0.01,2,205,-3,-486,705,-3030
alpha 0.01,2,206,-3,-489,706,-3033
alpha 0.01,2,207,-3,-492,707,-3036
alpha 0.01,2,208,-3,-495,708,-3039
alpha 0.01,2,209,-3,-498,709,-3042
alpha 0.01,2,210,-3,-501,710,-3045
alpha 0.01,2,211,-3,-504,711,-3048
alpha 0.01,2,212,-2,-506,712,-3050
alpha 0.01,2,213,-3,-509,713,-3053
alpha 0.01,2,214,-3,-512,714,-3056
alpha 0.01,2,215,-3,-515,715,-3059
alpha 0.01,2,216,-3,-518,716,-3062
alpha 0.01,2,217,-3,-521,717,-3065
alpha 0.01,2,218,-3,-524,718,-3068
alpha 0.01,2,219,-3,-527,719,-3071
alpha 0.01,2,220,-2,-529,720,-3073
alpha 0.01,2,221,-2,-531,721,-3075
alpha 0.01,2,222,-2,-533,722,-3077
alpha 0.01,2,223,-2,-535,723,-3079
alpha 0.01,2,224,-2,-537,724,-3081
alpha 0.01,2,225,-2,-539,725,-3083
alpha 0.01,2,226,-2,-541,726,-3085
alpha 0.01,2,227,-2,-543,727,-3087
alpha 0.01,2,228,-2,-545,728,-3089
alpha 0.01,2,229,-2,-547,729,-3091
alpha 0.01,2,230,-2,-549,730,-3093
alpha 0.01,2,231,-2,-551,731,-3095
alpha 0.01,2,232,-2,-553,732,-3097
alpha 0.01,2,233,-2,-555,733,-3099
alpha 0.01,2,234,-2,-557,734,-3101
alpha 0.01,2,235,-2,-559,735,-3103
alpha 0.01,2,236,-2,-561,736,-3105
alpha 0.01,2,237,-2,-563,737,-3107
alpha 0.01,2,238,-2,-565,738,-3109
alpha 0.01,2,239,-2,-567,739,-3111
alpha 0.01,2,240,-2,-569,740,-3113
alpha 0.01,2,241,-2,-571,741,-3115
alpha 0.01,2,242,-2,-573,742,-3117
alpha 0.01,2,243,-2,-575,743,-3119
alpha 0.01,2,244,-2,-577,744,-3121
alpha 0.01,2,245,-2,-579,745,-3123
alpha 0.01,2,246,-2,-581,746,-3125
alpha 0.01,2,247,-1,-582,747,-3126
alpha 0.01,2,248,1,-581,748,-3125
alpha 0.01,2,249,1,-580,749,-3124
alpha 0.01,2,250,1,-579,750,-3123
alpha 0.01,2,251,1,-578,751,-3122
alpha 0.01,2,252,2,-576,752,-3120
alpha 0.01,2,253,2,-574,753,-3118
alpha 0.01,2,254,2,-572,754,-3116
alpha 0.01,2,255,2,-570,755,-3114
alpha 0.01,2,256,1,-569,756,-3113
alpha 0.01,2,257,1,-568,757,-3112
alpha 0.01,2,258,-2,-570,758,-3114
alpha 0.01,2,259,-2,-572,759,-3116
alpha 0.01,2,260,-2,-574,760,-3118
alpha 0.01,2,261,-2,-576,761,-3120
alpha 0.01,2,262,-2,-578,762,-3122
alpha 0.01,2,263,-3,-581,763,-3125
alpha 0.01,2,264,-3,-584,764,-3128
alpha 0.01,2,265,-3,-587,765,-3131
alpha 0.01,2,266,1,-586,766,-3130
alpha 0.01,2,267,1,-585,767,-3129
alpha 0.01,2,268,1,-584,768,-3128
alpha 0.01,2,269,1,-583,769,-3127
alpha 0.01,2,270,1,-582,770,-3126
alpha 0.01,2,271,1,-581,771,-3125
alpha 0.01,2,272,1,-580,772,-3124
alpha 0.01,2,273,1,-579,773,-3123
alpha 0.01,2,274,1,-578,774,-3122
alpha 0.01,2,275,1,-577,775,-3121
alpha 0.01,2,276,1,-576,776,-3120
alpha 0.01,2,277,1,-575,777,-3119
alpha 0.01,2,278,1,-574,778,-3118
alpha 0.01,2,279,1,-573,779,-3117
alpha 0.01,2,280,1,-572,780,-3116
alpha 0.01,2,281,1,-571,781,-3115
alpha 0.01,2,282,1,-570,782,-3114
alpha 0.01,2,283,1,-569,783,-3113
alpha 0.01,2,284,1,-568,784,-3112
alpha 0.01,2,285,1,-567,785,-3111
alpha 0.01,2,286,1,-566,786,-3110
alpha 0.01,2,287,1,-565,787,-3109
alpha 0.01,2,288,1,-564,788,-3108
alpha 0.01,2,289,1,-563,789,-3107
alpha 0.01,2,290,1,-562,790,-3106
alpha 0.01,2,291,1,-561,791,-3105
alpha 0.01,2,292,1,-560,792,-3104
alpha 0.01,2,293,-1,-561,793,-3105
alpha 0.01,2,294,-1,-562,794,-3106
alpha 0.01,2,295,-1,-563,795,-3107
alpha 0.01,2,296,-1,-564,796,-3108
alpha 0.01,2,297,-1,-565,797,-3109
alpha 0.01,2,298,1,-564,798,-3108
alpha 0.01,2,299,1,-563,799,-3107
alpha 0.01,2,300,1,-562,800,-3106
alpha 0.01,2,301,2,-560,801,-3104
alpha 0.01,2,302,2,-558,802,-3102
alpha 0.01,2,303,2,-556,803,-3100
alpha 0.01,2,304,2,-554,804,-3098
alpha 0.01,2,305,-1,-555,805,-3099
alpha 0.01,2,306,-2,-557,806,-3101
alpha 0.01,2,307,-2,-559,807,-3103
alpha 0.01,2,308,-2,-561,808,-3105
alpha 0.01,2,309,-2,-563,809,-3107
alpha 0.01,2,310,-2,-565,810,-3109
alpha 0.01,2,311,-2,-567,811,-3111
alpha 0.01,2,312,-2,-569,812,-3113
alpha 0.01,2,313,1,-568,813,-3112
alpha 0.01,2,314,-1,-569,814,-3113
alpha 0.01,2,315,-2,-571,815,-3115
alpha 0.01,2,316,-2,-573,816,-3117
alpha 0.01,2,317,-2,-575,817,-3119
alpha 0.01,2,318,-2,-577,818,-3121
alpha 0.01,2,319,-2,-579,819,-3123
alpha 0.01,2,320,-2,-581,820,-3125
alpha 0.01,2,321,-2,-583,821,-3127
alpha 0.01,2,322,-2,-585,822,-3129
alpha 0.01,2,323,-2,-587,823,-3131
alpha 0.01,2,324,-2,-589,824,-3133
alpha 0.01,2,325,-2,-591,825,-3135
alpha 0.01,2,326,-2,-593,826,-3137
alpha 0.01,2,327,-2,-595,827,-3139
alpha 0.01,2,328,-1,-596,828,-3140
alpha 0.01,2,329,-1,-597,829,-3141
alpha 0.01,2,330,1,-596,830,-3140
alpha 0.01,2,331,1,-595,831,-3139
alpha 0.01,2,332,1,-594,832,-3138
alpha 0.01,2,333,1,-593,833,-3137
alpha 0.01,2,334,1,-592,834,-3136
alpha 0.01,2,335,1,-591,835,-3135
alpha 0.01,2,336,1,-590,836,-3134
alpha 0.01,2,337,1,-589,837,-3133
alpha 0.01,2,338,1,-588,838,-3132
alpha 0.01,2,339,1,-587,839,-3131
alpha 0.01,2,340,1,-586,840,-3130
alpha 0.01,2,341,1,-585,841,-3129
alpha 0.01,2,342,1,-584,842,-3128
alpha 0.01,2,343,1,-583,843,-3127
alpha 0.01,2,344,1,-582,844,-3126
alpha 0.01,2,345,2,-580,845,-3124
alpha 0.01,2,346,2,-578,846,-3122
alpha 0.01,2,347,1,-577,847,-3121
alpha 0.01,2,348,-3,-580,848,-3124
alpha 0.01,2,349,-4,-584,849,-3128
alpha 0.01,2,350,-4,-588,850,-3132
alpha 0.01,2,351,-3,-591,851,-3135
alpha 0.01,2,352,-3,-594,852,-3138
alpha 0.01,2,353,-2,-596,853,-3140
alpha 0.01,2,354,-2,-598,854,-3142
alpha 0.01,2,355,-2,-600,855,-3144
alpha 0.01,2,356,-2,-602,856,-3146
alpha 0.01,2,357,-2,-604,857,-3148
alpha 0.01,2,358,-2,-606,858,-3150
alpha 0.01,2,359,-2,-608,859,-3152
alpha 0.01,2,360,-2,-610,860,-3154
alpha 0.01,2,361,-2,-612,861,-3156
alpha 0.01,2,362,-2,-614,862,-3158
alpha 0.01,2,363,-2,-616,863,-3160
alpha 0.01,2,364,-2,-618,864,-3162
alpha 0.01,2,365,-2,-620,865,-3164
alpha 0.01,2,366,-2,-622,866,-3166
alpha 0.01,2,367,-2,-624,867,-3168
alpha 0.01,2,368,-2,-626,868,-3170
alpha 0.01,2,369,-2,-628,869,-3172
alpha 0.01,2,370,-2,-630,870,-3174
alpha 0.01,2,371,-2,-632,871,-3176
alpha 0.01,2,372,-2,-634,872,-3178
alpha 0.01,2,373,-2,-636,873,-3180
alpha 0.01,2,374,-2,-638,874,-3182
alpha 0.01,2,375,-2,-640,875,-3184
alpha 0.01,2,376,-2,-642,876,-3186
alpha 0.01,2,377,-2,-644,877,-3188
alpha 0.01,2,378,-2,-646,878,-3190
alpha 0.01,2,379,-2,-648,879,-3192
alpha 0.01,2,380,-2,-650,880,-3194
alpha 0.01,2,381,-2,-652,881,-3196
alpha 0.01,2,382,-2,-654,882,-3198
alpha 0.01,2,383,-2,-656,883,-3200
alpha 0.01,2,384,-2,-658,884,-3202
alpha 0.01,2,385,-2,-660,885,-3204
alpha 0.01,2,386,-2,-662,886,-3206
alpha 0.01,2,387,-2,-664,887,-3208
alpha 0.01,2,388,-2,-666,888,-3210
alpha 0.01,2,389,-2,-668,889,-3212
alpha 0.01,2,390,-2,-670,890,-3214
alpha 0.01,2,391,-2,-672,891,-3216
alpha 0.01,2,392,-2,-674,892,-3218
alpha 0.01,2,393,-2,-676,893,-3220
alpha 0.01,2,394,-2,-678,894,-3222
alpha 0.01,2,395,-2,-680,895,-3224
alpha 0.01,2,396,-2,-682,896,-3226
alpha 0.01,2,397,-2,-684,897,-3228
alpha 0.01,2,398,-2,-686,898,-3230
alpha 0.01,2,399,-2,-688,899,-3232
alpha 0.01,2,400,-2,-690,900,-3234
alpha 0.01,2,401,-2,-692,901,-3236
alpha 0.01,2,402,-2,-694,902,-3238
alpha 0.01,2,403,-2,-696,903,-3240
alpha 0.01,2,404,-2,-698,904,-3242
alpha 0.01,2,405,-2,-700,905,-3244
alpha 0.01,2,406,-2,-702,906,-3246
alpha 0.01,2,407,-2,-704,907,-3248
alpha 0.01,2,408,-2,-706,908,-3250
alpha 0.01,2,409,-2,-708,909,-3252
alpha 0.01,2,410,-2,-710,910,-3254
alpha 0.01,2,411,-2,-712,911,-3256
alpha 0.01,2,412,-2,-714,912,-3258
alpha 0.01,2,413,-2,-716,913,-3260
alpha 0.01,2,414,-3,-719,914,-3263
alpha 0.01,2,415,-3,-722,915,-3266
alpha 0.01,2,416,-2,-724,916,-3268
alpha 0.01,2,417,-2,-726,917,-3270
alpha 0.01,2,418,-2,-728,918,-3272
alpha 0.01,2,419,-2,-730,919,-3274
alpha 0.01,2,420,-2,-732,920,-3276
alpha 0.01,2,421,-2,-734,921,-3278
alpha 0.01,2,422,-2,-736,922,-3280
alpha 0.01,2,423,-2,-738,923,-3282
alpha 0.01,2,424,-2,-740,924,-3284
alpha 0.01,2,425,-2,-742,925,-3286
alpha 0.01,2,426,-2,-744,926,-3288
alpha 0.01,2,427,-2,-746,927,-3290
alpha 0.01,2,428,-2,-748,928,-3292
alpha 0.01,2,429,-2,-750,929,-3294
alpha 0.01,2,430,-2,-752,930,-3296
alpha 0.01,2,431,-2,-754,931,-3298
alpha 0.01,2,432,-2,-756,932,-3300
alpha 0.01,2,433,-2,-758,933,-3302
alpha 0.01,2,434,-2,-760,934,-3304
alpha 0.01,2,435,-2,-762,935,-3306
alpha 0.01,2,436,-2,-764,936,-3308
alpha 0.01,2,437,-2,-766,937,-3310
alpha 0.01,2,438,-2,-768,938,-3312
alpha 0.01,2,439,-2,-770,939,-3314
alpha 0.01,2,440,-2,-772,940,-3316
alpha 0.01,2,441,-2,-774,941,-3318
alpha 0.01,2,442,-2,-776,942,-3320
alpha 0.01,2,443,-2,-778,943,-3322
alpha 0.01,2,444,-2,-780,944,-3324
alpha 0.01,2,445,-2,-782,945,-3326
alpha 0.01,2,446,-2,-784,946,-3328
alpha 0.01,2,447,-2,-786,947,-3330
alpha 0.01,2,448,-2,-788,948,-3332
alpha 0.01,2,449,-2,-790,949,-3334
alpha 0.01,2,450,-2,-792,950,-3336
alpha 0.01,2,451,-3,-795,951,-3339
alpha 0.01,2,452,-2,-797,952,-3341
alpha 0.01,2,453,-2,-799,953,-3343
alpha 0.01,2,454,-2,-801,954,-3345
alpha 0.01,2,455,-2,-803,955,-3347
alpha 0.01,2,456,-2,-805,956,-3349
alpha 0.01,2,457,-2,-807,957,-3351
alpha 0.01,2,458,-2,-809,958,-3353
alpha 0.01,2,459,-2,-811,959,-3355
alpha 0.01,2,460,-2,-813,960,-3357
alpha 0.01,2,461,-2,-815,961,-3359
alpha 0.01,2,462,-2,-817,962,-3361
alpha 0.01,2,463,-3,-820,963,-3364
alpha 0.01,2,464,-3,-823,964,-3367
alpha 0.01,2,465,-3,-826,965,-3370
alpha 0.01,2,466,-3,-829,966,-3373
alpha 0.01,2,467,-3,-832,967,-3376
alpha 0.01,2,468,-3,-835,968,-3379
alpha 0.01,2,469,-3,-838,969,-3382
alpha 0.01,2,470,-3,-841,970,-3385
alpha 0.01,2,471,-3,-844,971,-3388
alpha 0.01,2,472,-3,-847,972,-3391
alpha 0.01,2,473,-3,-850,973,-3394
alpha 0.01,2,474,-3,-853,974,-3397
alpha 0.01,2,475,-3,-856,975,-3400
alpha 0.01,2,476,-3,-859,976,-3403
alpha 0.01,2,477,-3,-862,977,-3406
alpha 0.01,2,478,-3,-865,978,-3409
alpha 0.01,2,479,-3,-868,979,-3412
alpha 0.01,2,480,-3,-871,980,-3415
alpha 0.01,2,481,-3,-874,981,-3418
alpha 0.01,2,482,-3,-877,982,-3421
alpha 0.01,2,483,-3,-880,983,-3424
alpha 0.01,2,484,-3,-883,984,-3427
alpha 0.01,2,485,-3,-886,985,-3430
alpha 0.01,2,486,-3,-889,986,-3433
alpha 0.01,2,487,-3,-892,987,-3436
alpha 0.01,2,488,-3,-895,988,-3439
alpha 0.01,2,489,-4,-899,989,-3443
alpha 0.01,2,490,-4,-903,990,-3447
alpha 0.01,2,491,-4,-907,991,-3451
alpha 0.01,2,492,-4,-911,992,-3455
alpha 0.01,2,493,-4,-915,993,-3459
alpha 0.01,2,494,-4,-919,994,-3463
alpha 0.01,2,495,-4,-923,995,-3467
alpha 0.01,2,496,-4,-927,996,-3471
alpha 0.01,2,497,-4,-931,997,-3475
alpha 0.01,2,498,-4,-935,998,-3479
alpha 0.01,2,499,-4,-939,999,-3483
alpha 0.01,2,500,-4,-943,1000,-3487
alpha 0.01,3,1,4,4,1001,-3483
alpha 0.01,3,2,2,6,1002,-3481
alpha 0.01,3,3,1,7,1003,-3480
alpha 0.01,3,4,-1,6,1004,-3481
alpha 0.01,3,5,-1,5,1005,-3482
alpha 0.01,3,6,-1,4,1006,-3483
alpha 0.01,3,7,-1,3,1007,-3484
alpha 0.01,3,8,-1,2,1008,-3485
alpha 0.01,3,9,-2,0,1009,-3487
alpha 0.01,3,10,-2,-2,1010,-3489
alpha 0.01,3,11,-2,-4,1011,-3491
alpha 0.01,3,12,-1,-5,1012,-3492
alpha 0.01,3,13,-1,-6,1013,-3493
alpha 0.01,3,14,-2,-8,1014,-3495
alpha 0.01,3,15,-2,-10,1015,-3497
alpha 0.01,3,16,-2,-12,1016,-3499
alpha 0.01,3,17,-2,-14,1017,-3501
alpha 0.01,3,18,-3,-17,1018,-3504
alpha 0.01,3,19,-3,-20,1019,-3507
alpha 0.01,3,20,-3,-23,1020,-3510
alpha 0.01,3,21,-3,-26,1021,-3513
alpha 0.01,3,22,-4,-30,1022,-3517
alpha 0.01,3,23,-4,-34,1023,-3521
alpha 0.01,3,24,-4,-38,1024,-3525
alpha 0.01,3,25,-4,-42,1025,-3529
alpha 0.01,3,26,-4,-46,1026,-3533
alpha 0.01,3,27,-4,-50,1027,-3537
alpha 0.01,3,28,-4,-54,1028,-3541
alpha 0.01,3,29,-4,-58,1029,-3545
alpha 0.01,3,30,-4,-62,1030,-3549
alpha 0.01,3,31,-4,-66,1031,-3553
alpha 0.01,3,32,-4,-70,1032,-3557
alpha 0.01,3,33,-3,-73,1033,-3560
alpha 0.01,3,34,-3,-76,1034,-3563
alpha 0.01,3,35,-3,-79,1035,-3566
alpha 0.01,3,36,-3,-82,1036,-3569
alpha 0.01,3,37,-3,-85,1037,-3572
alpha 0.01,3,38,-3,-88,1038,-3575
alpha 0.01,3,39,-3,-91,1039,-3578
alpha 0.01,3,40,-3,-94,1040,-3581
alpha 0.01,3,41,-3,-97,1041,-3584
alpha 0.01,3,42,-3,-100,1042,-3587
alpha 0.01,3,43,-4,-104,1043,-3591
alpha 0.01,3,44,-4,-108,1044,-3595
alpha 0.01,3,45,-4,-112,1045,-3599
alpha 0.01,3,46,-4,-116,1046,-3603
alpha 0.01,3,47,-4,-120,1047,-3607
alpha 0.01,3,48,-4,-124,1048,-3611
alpha 0.01,3,49,-4,-128,1049,-3615
alpha 0.01,3,50,-4,-132,1050,-3619
alpha 0.01,3,51,-4,-136,1051,-3623
alpha 0.01,3,52,-4,-140,1052,-3627
alpha 0.01,3,53,-4,-144,1053,-3631
alpha 0.01,3,54,-4,-148,1054,-3635
alpha 0.01,3,55,-3,-151,1055,-3638
alpha 0.01,3,56,-4,-155,1056,-3642
alpha 0.01,3,57,-4,-159,1057,-3646
alpha 0.01,3,58,-4,-163,1058,-3650
alpha 0.01,3,59,-4,-167,1059,-3654
alpha 0.01,3,60,-4,-171,1060,-3658
alpha 0.01,3,61,-3,-174,1061,-3661
alpha 0.01,3,62,-3,-177,1062,-3664
alpha 0.01,3,63,-3,-180,1063,-3667
alpha 0.01,3,64,-3,-183,1064,-3670
alpha 0.01,3,65,-3,-186,1065,-3673
alpha 0.01,3,66,-3,-189,1066,-3676
alpha 0.01,3,67,-3,-192,1067,-3679
alpha 0.01,3,68,-3,-195,1068,-3682
alpha 0.01,3,69,-3,-198,1069,-3685
alpha 0.01,3,70,-3,-201,1070,-3688
alpha 0.01,3,71,-3,-204,1071,-3691
alpha 0.01,3,72,-3,-207,1072,-3694
alpha 0.01,3,73,-3,-210,1073,-3697
alpha 0.01,3,74,-2,-212,1074,-3699
alpha 0.01,3,75,-2,-214,1075,-3701
alpha 0.01,3,76,-2,-216,1076,-3703
alpha 0.01,3,77,-2,-218,1077,-3705
alpha 0.01,3,78,-2,-220,1078,-3707
alpha 0.01,3,79,-2,-222,1079,-3709
alpha 0.01,3,80,-2,-224,1080,-3711
alpha 0.01,3,81,-2,-226,1081,-3713
alpha 0.01,3,82,-2,-228,1082,-3715
alpha 0.01,3,83,-2,-230,1083,-3717
alpha 0.01,3,84,-2,-232,1084,-3719
alpha 0.01,3,85,-2,-234,1085,-3721
alpha 0.01,3,86,-2,-236,1086,-3723
alpha 0.01,3,87,-2,-238,1087,-3725
alpha 0.01,3,88,-2,-240,1088,-3727
alpha 0.01,3,89,-2,-242,1089,-3729
alpha 0.01,3,90,-2,-244,1090,-3731
alpha 0.01,3,91,-2,-246,1091,-3733
alpha 0.01,3,92,-2,-248,1092,-3735
alpha 0.01,3,93,-2,-250,1093,-3737
alpha 0.01,3,94,-2,-252,1094,-3739
alpha 0.01,3,95,-2,-254,1095,-3741
alpha 0.01,3,96,-2,-256,1096,-3743
alpha 0.01,3,97,-2,-258,1097,-3745
alpha 0.01,3,98,-2,-260,1098,-3747
alpha 0.01,3,99,-2,-262,1099,-3749
alpha 0.01,3,100,-2,-264,1100,-3751
alpha 0.01,3,101,-2,-266,1101,-3753
alpha 0.01,3,102,-2,-268,1102,-3755
alpha 0.01,3,103,-2,-270,1103,-3757
alpha 0.01,3,104,-2,-272,1104,-3759
alpha 0.01,3,105,-2,-274,1105,-3761
alpha 0.01,3,106,-2,-276,1106,-3763
alpha 0.01,3,107,-2,-278,1107,-3765
alpha 0.01,3,108,-2,-280,1108,-3767
alpha 0.01,3,109,-2,-282,1109,-3769
alpha 0.01,3,110,-2,-284,1110,-3771
alpha 0.01,3,111,-2,-286,1111,-3773
alpha 0.01,3,112,-2,-288,1112,-3775
alpha 0.01,3,113,-2,-290,1113,-3777
alpha 0.01,3,114,-2,-292,1114,-3779
alpha 0.01,3,115,-2,-294,1115,-3781
alpha 0.01,3,116,-2,-296,1116,-3783
alpha 0.01,3,117,-2,-298,1117,-3785
alpha 0.01,3,118,-2,-300,1118,-3787
alpha 0.01,3,119,-2,-302,1119,-3789
alpha 0.01,3,120,-2,-304,1120,-3791
alpha 0.01,3,121,-2,-306,1121,-3793
alpha 0.01,3,122,-2,-308,1122,-3795
alpha 0.01,3,123,-2,-310,1123,-3797
alpha 0.01,3,124,-2,-312,1124,-3799
alpha 0.01,3,125,-2,-314,1125,-3801
alpha 0.01,3,126,-2,-316,1126,-3803
alpha 0.01,3,127,-2,-318,1127,-3805
alpha 0.01,3,128,-2,-320,1128,-3807
alpha 0.01,3,129,-2,-322,1129,-3809
alpha 0.01,3,130,-2,-324,1130,-3811
alpha 0.01,3,131,-2,-326,1131,-3813
alpha 0.01,3,132,-2,-328,1132,-3815
alpha 0.01,3,133,-2,-330,1133,-3817
alpha 0.01,3,134,-2,-332,1134,-3819
alpha 0.01,3,135,-2,-334,1135,-3821
alpha 0.01,3,136,-2,-336,1136,-3823
alpha 0.01,3,137,-2,-338,1137,-3825
alpha 0.01,3,138,-2,-340,1138,-3827
alpha 0.01,3,139,-2,-342,1139,-3829
alpha 0.01,3,140,-2,-344,1140,-3831
alpha 0.01,3,141,-2,-346,1141,-3833
alpha 0.01,3,142,-2,-348,1142,-3835
alpha 0.01,3,143,-2,-350,1143,-3837
alpha 0.01,3,144,-2,-352,1144,-3839
alpha 0.01,3,145,-2,-354,1145,-3841
alpha 0.01,3,146,-2,-356,1146,-3843
alpha 0.01,3,147,-2,-358,1147,-3845
alpha 0.01,3,148,-2,-360,1148,-3847
alpha 0.01,3,149,-2,-362,1149,-3849
alpha 0.01,3,150,-2,-364,1150,-3851
alpha 0.01,3,151,-2,-366,1151,-3853
alpha 0.01,3,152,-2,-368,1152,-3855
alpha 0.01,3,153,-2,-370,1153,-3857
alpha 0.01,3,154,-2,-372,1154,-3859
alpha 0.01,3,155,-2,-374,1155,-3861
alpha 0.01,3,156,-2,-376,1156,-3863
alpha 0.01,3,157,-2,-378,1157,-3865
alpha 0.01,3,158,-2,-380,1158,-3867
alpha 0.01,3,159,-2,-382,1159,-3869
alpha 0.01,3,160,-2,-384,1160,-3871
alpha 0.01,3,161,-2,-386,1161,-3873
alpha 0.01,3,162,-2,-388,1162,-3875
alpha 0.01,3,163,-2,-390,1163,-3877
alpha 0.01,3,164,-2,-392,1164,-3879
alpha 0.01,3,165,-2,-394,1165,-3881
alpha 0.01,3,166,-2,-396,1166,-3883
alpha 0.01,3,167,-2,-398,1167,-3885
alpha 0.01,3,168,-2,-400,1168,-3887
alpha 0.01,3,169,-2,-402,1169,-3889
alpha 0.01,3,170,-2,-404,1170,-3891
alpha 0.01,3,171,-2,-406,1171,-3893
alpha 0.01,3,172,-2,-408,1172,-3895
alpha 0.01,3,173,-2,-410,1173,-3897
alpha 0.01,3,174,-2,-412,1174,-3899
alpha 0.01,3,175,-2,-414,1175,-3901
alpha 0.01,3,176,-2,-416,1176,-3903
alpha 0.01,3,177,-2,-418,1177,-3905
alpha 0.01,3,178,-2,-420,1178,-3907
alpha 0.01,3,179,-2,-422,1179,-3909
alpha 0.01,3,180,-2,-424,1180,-3911
alpha 0.01,3,181,-2,-426,1181,-3913
alpha 0.01,3,182,-2,-428,1182,-3915
alpha 0.01,3,183,-2,-430,1183,-3917
alpha 0.01,3,184,-2,-432,1184,-3919
alpha 0.01,3,185,-2,-434,1185,-3921
alpha 0.01,3,186,-2,-436,1186,-3923
alpha 0.01,3,187,-2,-438,1187,-3925
alpha 0.01,3,188,-2,-440,1188,-3927
alpha 0.01,3,189,-2,-442,1189,-3929
alpha 0.01,3,190,-2,-444,1190,-3931
alpha 0.01,3,191,-2,-446,1191,-3933
alpha 0.01,3,192,-2,-448,1192,-3935
alpha 0.01,3,193,-2,-450,1193,-3937
alpha 0.01,3,194,-2,-452,1194,-3939
alpha 0.01,3,195,-2,-454,1195,-3941
alpha 0.01,3,196,-2,-456,1196,-3943
alpha 0.01,3,197,-2,-458,1197,-3945
alpha 0.01,3,198,-2,-460,1198,-3947
alpha 0.01,3,199,-2,-462,1199,-3949
alpha 0.01,3,200,-2,-464,1200,-3951
alpha 0.01,3,201,-2,-466,1201,-3953
alpha 0.01,3,202,-2,-468,1202,-3955
alpha 0.01,3,203,-2,-470,1203,-3957
alpha 0.01,3,204,-2,-472,1204,-3959
alpha 0.01,3,205,-2,-474,1205,-3961
alpha 0.01,3,206,-2,-476,1206,-3963
alpha 0.01,3,207,-2,-478,1207,-3965
alpha 0.01,3,208,-2,-480,1208,-3967
alpha 0.01,3,209,-2,-482,1209,-3969
alpha 0.01,3,210,-2,-484,1210,-3971
alpha 0.01,3,211,-3,-487,1211,-3974
alpha 0.01,3,212,-3,-490,1212,-3977
alpha 0.01,3,213,-3,-493,1213,-3980
alpha 0.01,3,214,-2,-495,1214,-3982
alpha 0.01,3,215,-2,-497,1215,-3984
alpha 0.01,3,216,-2,-499,1216,-3986
alpha 0.01,3,217,-2,-501,1217,-3988
alpha 0.01,3,218,-2,-503,1218,-3990
alpha 0.01,3,219,-3,-506,1219,-3993
alpha 0.01,3,220,-3,-509,1220,-3996
alpha 0.01,3,221,-3,-512,1221,-3999
alpha 0.01,3,222,-2,-514,1222,-4001
alpha 0.01,3,223,-1,-515,1223,-4002
alpha 0.01,3,224,-1,-516,1224,-4003
alpha 0.01,3,225,-2,-518,1225,-4005
alpha 0.01,3,226,-2,-520,1226,-4007
alpha 0.01,3,227,-3,-523,1227,-4010
alpha 0.01,3,228,-3,-526,1228,-4013
alpha 0.01,3,229,-3,-529,1229,-4016
alpha 0.01,3,230,-3,-532,1230,-4019
alpha 0.01,3,231,-2,-534,1231,-4021
alpha 0.01,3,232,-2,-536,1232,-4023
alpha 0.01,3,233,-2,-538,1233,-4025
alpha 0.01,3,234,-2,-540,1234,-4027
alpha 0.01,3,235,-2,-542,1235,-4029
alpha 0.01,3,236,-2,-544,1236,-4031
alpha 0.01,3,237,-3,-547,1237,-4034
alpha 0.01,3,238,-3,-550,1238,-4037
alpha 0.01,3,239,-3,-553,1239,-4040
alpha 0.01,3,240,-3,-556,1240,-4043
alpha 0.01,3,241,-3,-559,1241,-4046
alpha 0.01,3,242,-3,-562,1242,-4049
alpha 0.01,3,243,-3,-565,1243,-4052
alpha 0.01,3,244,-3,-568,1244,-4055
alpha 0.01,3,245,-4,-572,1245,-4059
alpha 0.01,3,246,-4,-576,1246,-4063
alpha 0.01,3,247,-4,-580,1247,-4067
alpha 0.01,3,248,-4,-584,1248,-4071
alpha 0.01,3,249,-4,-588,1249,-4075
alpha 0.01,3,250,-4,-592,1250,-4079
alpha 0.01,3,251,-4,-596,1251,-4083
alpha 0.01,3,252,-4,-600,1252,-4087
alpha 0.01,3,253,-4,-604,1253,-4091
alpha 0.01,3,254,-4,-608,1254,-4095
alpha 0.01,3,255,-4,-612,1255,-4099
alpha 0.01,3,256,-4,-616,1256,-4103
alpha 0.01,3,257,-4,-620,1257,-4107
alpha 0.01,3,258,-4,-624,1258,-4111
alpha 0.01,3,259,-4,-628,1259,-4115
alpha 0.01,3,260,-4,-632,1260,-4119
alpha 0.01,3,261,-5,-637,1261,-4124
alpha 0.01,3,262,-5,-642,1262,-4129
alpha 0.01,3,263,-5,-647,1263,-4134
alpha 0.01,3,264,-5,-652,1264,-4139
alpha 0.01,3,265,-5,-657,1265,-4144
alpha 0.01,3,266,-5,-662,1266,-4149
alpha 0.01,3,267,-5,-667,1267,-4154
alpha 0.01,3,268,-5,-672,1268,-4159
alpha 0.01,3,269,-5,-677,1269,-4164
alpha 0.01,3,270,-5,-682,1270,-4169
alpha 0.01,3,271,-5,-687,1271,-4174
alpha 0.01,3,272,-5,-692,1272,-4179
alpha 0.01,3,273,-5,-697,1273,-4184
alpha 0.01,3,274,-5,-702,1274,-4189
alpha 0.01,3,275,-5,-707,1275,-4194
alpha 0.01,3,276,-5,-712,1276,-4199
alpha 0.01,3,277,-5,-717,1277,-4204
alpha 0.01,3,278,-4,-721,1278,-4208
alpha 0.01,3,279,-4,-725,1279,-4212
alpha 0.01,3,280,-4,-729,1280,-4216
alpha 0.01,3,281,-4,-733,1281,-4220
alpha 0.01,3,282,-4,-737,1282,-4224
alpha 0.01,3,283,-4,-741,1283,-4228
alpha 0.01,3,284,-4,-745,1284,-4232
alpha 0.01,3,285,-4,-749,1285,-4236
alpha 0.01,3,286,-4,-753,1286,-4240
alpha 0.01,3,287,-5,-758,1287,-4245
alpha 0.01,3,288,-5,-763,1288,-4250
alpha 0.01,3,289,-6,-769,1289,-4256
alpha 0.01,3,290,-6,-775,1290,-4262
alpha 0.01,3,291,-6,-781,1291,-4268
alpha 0.01,3,292,-4,-785,1292,-4272
alpha 0.01,3,293,-5,-790,1293,-4277
alpha 0.01,3,294,-5,-795,1294,-4282
alpha 0.01,3,295,-5,-800,1295,-4287
alpha 0.01,3,296,-5,-805,1296,-4292
alpha 0.01,3,297,-5,-810,1297,-4297
alpha 0.01,3,298,-5,-815,1298,-4302
alpha 0.01,3,299,-4,-819,1299,-4306
alpha 0.01,3,300,-4,-823,1300,-4310
alpha 0.01,3,301,-4,-827,1301,-4314
alpha 0.01,3,302,-4,-831,1302,-4318
alpha 0.01,3,303,-4,-835,1303,-4322
alpha 0.01,3,304,-4,-839,1304,-4326
alpha 0.01,3,305,-4,-843,1305,-4330
alpha 0.01,3,306,-4,-847,1306,-4334
alpha 0.01,3,307,-4,-851,1307,-4338
alpha 0.01,3,308,-4,-855,1308,-4342
alpha 0.01,3,309,-4,-859,1309,-4346
alpha 0.01,3,310,-3,-862,1310,-4349
alpha 0.01,3,311,-3,-865,1311,-4352
alpha 0.01,3,312,-3,-868,1312,-4355
alpha 0.01,3,313,-3,-871,1313,-4358
alpha 0.01,3,314,-3,-874,1314,-4361
alpha 0.01,3,315,-3,-877,1315,-4364
alpha 0.01,3,316,-3,-880,1316,-4367
alpha 0.01,3,317,-3,-883,1317,-4370
alpha 0.01,3,318,-3,-886,1318,-4373
alpha 0.01,3,319,-3,-889,1319,-4376
alpha 0.01,3,320,-3,-892,1320,-4379
alpha 0.01,3,321,-3,-895,1321,-4382
alpha 0.01,3,322,-3,-898,1322,-4385
alpha 0.01,3,323,-3,-901,1323,-4388
alpha 0.01,3,324,-3,-904,1324,-4391
alpha 0.01,3,325,-3,-907,1325,-4394
alpha 0.01,3,326,-3,-910,1326,-4397
alpha 0.01,3,327,-3,-913,1327,-4400
alpha 0.01,3,328,-3,-916,1328,-4403
alpha 0.01,3,329,-3,-919,1329,-4406
alpha 0.01,3,330,-3,-922,1330,-4409
alpha 0.01,3,331,-3,-925,1331,-4412
alpha 0.01,3,332,-3,-928,1332,-4415
alpha 0.01,3,333,-3,-931,1333,-4418
alpha 0.01,3,334,-3,-934,1334,-4421
alpha 0.01,3,335,-3,-937,1335,-4424
alpha 0.01,3,336,-2,-939,1336,-4426
alpha 0.01,3,337,-2,-941,1337,-4428
alpha 0.01,3,338,-3,-944,1338,-4431
alpha 0.01,3,339,-3,-947,1339,-4434
alpha 0.01,3,340,-5,-952,1340,-4439
alpha 0.01,3,341,-5,-957,1341,-4444
alpha 0.01,3,342,-5,-962,1342,-4449
alpha 0.01,3,343,-5,-967,1343,-4454
alpha 0.01,3,344,-5,-972,1344,-4459
alpha 0.01,3,345,-3,-975,1345,-4462
alpha 0.01,3,346,-3,-978,1346,-4465
alpha 0.01,3,347,-3,-981,1347,-4468
alpha 0.01,3,348,-3,-984,1348,-4471
alpha 0.01,3,349,-3,-987,1349,-4474
alpha 0.01,3,350,-3,-990,1350,-4477
alpha 0.01,3,351,-3,-993,1351,-4480
alpha 0.01,3,352,-3,-996,1352,-4483
alpha 0.01,3,353,-3,-999,1353,-4486
alpha 0.01,3,354,-3,-1002,1354,-4489
alpha 0.01,3,355,-4,-1006,1355,-4493
alpha 0.01,3,356,-4,-1010,1356,-4497
alpha 0.01,3,357,-3,-1013,1357,-4500
alpha 0.01,3,358,-3,-1016,1358,-4503
alpha 0.01,3,359,-3,-1019,1359,-4506
alpha 0.01,3,360,-3,-1022,1360,-4509
alpha 0.01,3,361,-4,-1026,1361,-4513
alpha 0.01,3,362,-4,-1030,1362,-4517
alpha 0.01,3,363,-4,-1034,1363,-4521
alpha 0.01,3,364,-4,-1038,1364,-4525
alpha 0.01,3,365,-4,-1042,1365,-4529
alpha 0.01,3,366,-4,-1046,1366,-4533
alpha 0.01,3,367,-4,-1050,1367,-4537
alpha 0.01,3,368,-4,-1054,1368,-4541
alpha 0.01,3,369,-4,-1058,1369,-4545
alpha 0.01,3,370,-5,-1063,1370,-4550
alpha 0.01,3,371,-5,-1068,1371,-4555
alpha 0.01,3,372,-7,-1075,1372,-4562
alpha 0.01,3,373,-7,-1082,1373,-4569
alpha 0.01,3,374,-7,-1089,1374,-4576
alpha 0.01,3,375,-7,-1096,1375,-4583
alpha 0.01,3,376,-7,-1103,1376,-4590
alpha 0.01,3,377,-5,-1108,1377,-4595
alpha 0.01,3,378,-5,-1113,1378,-4600
alpha 0.01,3,379,-5,-1118,1379,-4605
alpha 0.01,3,380,-5,-1123,1380,-4610
alpha 0.01,3,381,-5,-1128,1381,-4615
alpha 0.01,3,382,-5,-1133,1382,-4620
alpha 0.01,3,383,-5,-1138,1383,-4625
alpha 0.01,3,384,-5,-1143,1384,-4630
alpha 0.01,3,385,-5,-1148,1385,-4635
alpha 0.01,3,386,-5,-1153,1386,-4640
alpha 0.01,3,387,-5,-1158,1387,-4645
alpha 0.01,3,388,-5,-1163,1388,-4650
alpha 0.01,3,389,-5,-1168,1389,-4655
alpha 0.01,3,390,-5,-1173,1390,-4660
alpha 0.01,3,391,-5,-1178,1391,-4665
alpha 0.01,3,392,-5,-1183,1392,-4670
alpha 0.01,3,393,-5,-1188,1393,-4675
alpha 0.01,3,394,-4,-1192,1394,-4679
alpha 0.01,3,395,-4,-1196,1395,-4683
alpha 0.01,3,396,-4,-1200,1396,-4687
alpha 0.01,3,397,-4,-1204,1397,-4691
alpha 0.01,3,398,-4,-1208,1398,-4695
alpha 0.01,3,399,-4,-1212,1399,-4699
alpha 0.01,3,400,-4,-1216,1400,-4703
alpha 0.01,3,401,-4,-1220,1401,-4707
alpha 0.01,3,402,-4,-1224,1402,-4711
alpha 0.01,3,403,-4,-1228,1403,-4715
alpha 0.01,3,404,-5,-1233,1404,-4720
alpha 0.01,3,405,-5,-1238,1405,-4725
alpha 0.01,3,406,-4,-1242,1406,-4729
alpha 0.01,3,407,-4,-1246,1407,-4733
alpha 0.01,3,408,-4,-1250,1408,-4737
alpha 0.01,3,409,-4,-1254,1409,-4741
alpha 0.01,3,410,-4,-1258,1410,-4745
alpha 0.01,3,411,-3,-1261,1411,-4748
alpha 0.01,3,412,-3,-1264,1412,-4751
alpha 0.01,3,413,-3,-1267,1413,-4754
alpha 0.01,3,414,-3,-1270,1414,-4757
alpha 0.01,3,415,-5,-1275,1415,-4762
alpha 0.01,3,416,-5,-1280,1416,-4767
alpha 0.01,3,417,-5,-1285,1417,-4772
alpha 0.01,3,418,-3,-1288,1418,-4775
alpha 0.01,3,419,-3,-1291,1419,-4778
alpha 0.01,3,420,-3,-1294,1420,-4781
alpha 0.01,3,421,-3,-1297,1421,-4784
alpha 0.01,3,422,-3,-1300,1422,-4787
alpha 0.01,3,423,-3,-1303,1423,-4790
alpha 0.01,3,424,-3,-1306,1424,-4793
alpha 0.01,3,425,-3,-1309,1425,-4796
alpha 0.01,3,426,-3,-1312,1426,-4799
alpha 0.01,3,427,-3,-1315,1427,-4802
alpha 0.01,3,428,-3,-1318,1428,-4805
alpha 0.01,3,429,-3,-1321,1429,-4808
alpha 0.01,3,430,-3,-1324,1430,-4811
alpha 0.01,3,431,-3,-1327,1431,-4814
alpha 0.01,3,432,-3,-1330,1432,-4817
alpha 0.01,3,433,-2,-1332,1433,-4819
alpha 0.01,3,434,-2,-1334,1434,-4821
alpha 0.01,3,435,-3,-1337,1435,-4824
alpha 0.01,3,436,-3,-1340,1436,-4827
alpha 0.01,3,437,-3,-1343,1437,-4830
alpha 0.01,3,438,-3,-1346,1438,-4833
alpha 0.01,3,439,-3,-1349,1439,-4836
alpha 0.01,3,440,-2,-1351,1440,-4838
alpha 0.01,3,441,-3,-1354,1441,-4841
alpha 0.01,3,442,-3,-1357,1442,-4844
alpha 0.01,3,443,-5,-1362,1443,-4849
alpha 0.01,3,444,-5,-1367,1444,-4854
alpha 0.01,3,445,-5,-1372,1445,-4859
alpha 0.01,3,446,-3,-1375,1446,-4862
alpha 0.01,3,447,-3,-1378,1447,-4865
alpha 0.01,3,448,-3,-1381,1448,-4868
alpha 0.01,3,449,-3,-1384,1449,-4871
alpha 0.01,3,450,-3,-1387,1450,-4874
alpha 0.01,3,451,-3,-1390,1451,-4877
alpha 0.01,3,452,-3,-1393,1452,-4880
alpha 0.01,3,453,-3,-1396,1453,-4883
alpha 0.01,3,454,-3,-1399,1454,-4886
alpha 0.01,3,455,-6,-1405,1455,-4892
alpha 0.01,3,456,-6,-1411,1456,-4898
alpha 0.01,3,457,-5,-1416,1457,-4903
alpha 0.01,3,458,-5,-1421,1458,-4908
alpha 0.01,3,459,-3,-1424,1459,-4911
alpha 0.01,3,460,-3,-1427,1460,-4914
alpha 0.01,3,461,-4,-1431,1461,-4918
alpha 0.01,3,462,-6,-1437,1462,-4924
alpha 0.01,3,463,-6,-1443,1463,-4930
alpha 0.01,3,464,-6,-1449,1464,-4936
alpha 0.01,3,465,-5,-1454,1465,-4941
alpha 0.01,3,466,-5,-1459,1466,-4946
alpha 0.01,3,467,-6,-1465,1467,-4952
alpha 0.01,3,468,-6,-1471,1468,-4958
alpha 0.01,3,469,-6,-1477,1469,-4964
alpha 0.01,3,470,-6,-1483,1470,-4970
alpha 0.01,3,471,-6,-1489,1471,-4976
alpha 0.01,3,472,-6,-1495,1472,-4982
alpha 0.01,3,473,-6,-1501,1473,-4988
alpha 0.01,3,474,-6,-1507,1474,-4994
alpha 0.01,3,475,-6,-1513,1475,-5000
alpha 0.01,3,476,-6,-1519,1476,-5006
alpha 0.01,3,477,-6,-1525,1477,-5012
alpha 0.01,3,478,-4,-1529,1478,-5016
alpha 0.01,3,479,-4,-1533,1479,-5020
alpha 0.01,3,480,-4,-1537,1480,-5024
alpha 0.01,3,481,-4,-1541,1481,-5028
alpha 0.01,3,482,-4,-1545,1482,-5032
alpha 0.01,3,483,-4,-1549,1483,-5036
alpha 0.01,3,484,-6,-1555,1484,-5042
alpha 0.01,3,485,-6,-1561,1485,-5048
alpha 0.01,3,486,-6,-1567,1486,-5054
alpha 0.01,3,487,-6,-1573,1487,-5060
alpha 0.01,3,488,-6,-1579,1488,-5066
alpha 0.01,3,489,-6,-1585,1489,-5072
alpha 0.01,3,490,-7,-1592,1490,-5079
alpha 0.01,3,491,-7,-1599,1491,-5086
alpha 0.01,3,492,-7,-1606,1492,-5093
alpha 0.01,3,493,-7,-1613,1493,-5100
alpha 0.01,3,494,-7,-1620,1494,-5107
alpha 0.01,3,495,-6,-1626,1495,-5113
alpha 0.01,3,496,-6,-1632,1496,-5119
alpha 0.01,3,497,-6,-1638,1497,-5125
alpha 0.01,3,498,-6,-1644,1498,-5131
alpha 0.01,3,499,-6,-1650,1499,-5137
alpha 0.01,3,500,-6,-1656,1500,-5143
alpha 0.01,1,1,4,4,1,4
alpha 0.01,1,2,4,8,2,8
alpha 0.01,1,3,4,12,3,12
alpha 0.01,1,4,2,14,4,14
alpha 0.01,1,5,2,16,5,16
alpha 0.01,1,6,1,17,6,17
alpha 0.01,1,7,1,18,7,18
alpha 0.01,1,8,-1,17,8,17
alpha 0.01,1,9,-2,15,9,15
alpha 0.01,1,10,-2,13,10,13
alpha 0.01,1,11,-2,11,11,11
alpha 0.01,1,12,-3,8,12,8
alpha 0.01,1,13,-5,3,13,3
alpha 0.01,1,14,-5,-2,14,-2
alpha 0.01,1,15,-5,-7,15,-7
alpha 0.01,1,16,-5,-12,16,-12
alpha 0.01,1,17,-5,-17,17,-17
alpha 0.01,1,18,-5,-22,18,-22
alpha 0.01,1,19,-10,-32,19,-32
alpha 0.01,1,20,-10,-42,20,-42
alpha 0.01,1,21,-10,-52,21,-52
alpha 0.01,1,22,-10,-62,22,-62
alpha 0.01,1,23,-10,-72,23,-72
alpha 0.01,1,24,-10,-82,24,-82
alpha 0.01,1,25,-10,-92,25,-92
alpha 0.01,1,26,-10,-102,26,-102
alpha 0.01,1,27,-10,-112,27,-112
alpha 0.01,1,28,-10,-122,28,-122
alpha 0.01,1,29,-10,-132,29,-132
alpha 0.01,1,30,-10,-142,30,-142
alpha 0.01,1,31,-10,-152,31,-152
alpha 0.01,1,32,-10,-162,32,-162
alpha 0.01,1,33,-7,-169,33,-169
alpha 0.01,1,34,-7,-176,34,-176
alpha 0.01,1,35,-8,-184,35,-184
alpha 0.01,1,36,-10,-194,36,-194
alpha 0.01,1,37,-10,-204,37,-204
alpha 0.01,1,38,-10,-214,38,-214
alpha 0.01,1,39,-8,-222,39,-222
alpha 0.01,1,40,-7,-229,40,-229
alpha 0.01,1,41,-6,-235,41,-235
alpha 0.01,1,42,-6,-241,42,-241
alpha 0.01,1,43,-5,-246,43,-246
alpha 0.01,1,44,-5,-251,44,-251
alpha 0.01,1,45,-5,-256,45,-256
alpha 0.01,1,46,-5,-261,46,-261
alpha 0.01,1,47,-5,-266,47,-266
alpha 0.01,1,48,-5,-271,48,-271
alpha 0.01,1,49,-5,-276,49,-276
alpha 0.01,1,50,-5,-281,50,-281
alpha 0.01,1,51,-5,-286,51,-286
alpha 0.01,1,52,-5,-291,52,-291
alpha 0.01,1,53,-5,-296,53,-296
alpha 0.01,1,54,-5,-301,54,-301
alpha 0.01,1,55,-5,-306,55,-306
alpha 0.01,1,56,-5,-311,56,-311
alpha 0.01,1,57,-5,-316,57,-316
alpha 0.01,1,58,-5,-321,58,-321
alpha 0.01,1,59,-5,-326,59,-326
alpha 0.01,1,60,-5,-331,60,-331
alpha 0.01,1,61,-5,-336,61,-336
alpha 0.01,1,62,-5,-341,62,-341
alpha 0.01,1,63,-5,-346,63,-346
alpha 0.01,1,64,-5,-351,64,-351
alpha 0.01,1,65,-5,-356,65,-356
alpha 0.01,1,66,-5,-361,66,-361
alpha 0.01,1,67,-5,-366,67,-366
alpha 0.01,1,68,-5,-371,68,-371
alpha 0.01,1,69,-5,-376,69,-376
alpha 0.01,1,70,-5,-381,70,-381
alpha 0.01,1,71,-5,-386,71,-386
alpha 0.01,1,72,-5,-391,72,-391
alpha 0.01,1,73,-5,-396,73,-396
alpha 0.01,1,74,-5,-401,74,-401
alpha 0.01,1,75,-5,-406,75,-406
alpha 0.01,1,76,-5,-411,76,-411
alpha 0.01,1,77,-3,-414,77,-414
alpha 0.01,1,78,-3,-417,78,-417
alpha 0.01,1,79,-3,-420,79,-420
alpha 0.01,1,80,-3,-423,80,-423
alpha 0.01,1,81,-3,-426,81,-426
alpha 0.01,1,82,-2,-428,82,-428
alpha 0.01,1,83,-3,-431,83,-431
alpha 0.01,1,84,-4,-435,84,-435
alpha 0.01,1,85,-4,-439,85,-439
alpha 0.01,1,86,-4,-443,86,-443
alpha 0.01,1,87,-4,-447,87,-447
alpha 0.01,1,88,-4,-451,88,-451
alpha 0.01,1,89,-3,-454,89,-454
alpha 0.01,1,90,-3,-457,90,-457
alpha 0.01,1,91,-3,-460,91,-460
alpha 0.01,1,92,-3,-463,92,-463
alpha 0.01,1,93,-3,-466,93,-466
alpha 0.01,1,94,-3,-469,94,-469
alpha 0.01,1,95,-3,-472,95,-472
alpha 0.01,1,96,-2,-474,96,-474
alpha 0.01,1,97,1,-473,97,-473
alpha 0.01,1,98,1,-472,98,-472
alpha 0.01,1,99,-1,-473,99,-473
alpha 0.01,1,100,-1,-474,100,-474
alpha 0.01,1,101,1,-473,101,-473
alpha 0.01,1,102,-2,-475,102,-475
alpha 0.01,1,103,-2,-477,103,-477
alpha 0.01,1,104,1,-476,104,-476
alpha 0.01,1,105,1,-475,105,-475
alpha 0.01,1,106,1,-474,106,-474
alpha 0.01,1,107,-1,-475,107,-475
alpha 0.01,1,108,-2,-477,108,-477
alpha 0.01,1,109,-2,-479,109,-479
alpha 0.01,1,110,-2,-481,110,-481
alpha 0.01,1,111,-2,-483,111,-483
alpha 0.01,1,112,-2,-485,112,-485
alpha 0.01,1,113,-2,-487,113,-487
alpha 0.01,1,114,-2,-489,114,-489
alpha 0.01,1,115,-2,-491,115,-491
alpha 0.01,1,116,-2,-493,116,-493
alpha 0.01,1,117,-2,-495,117,-495
alpha 0.01,1,118,-2,-497,118,-497
alpha 0.01,1,119,-2,-499,119,-499
alpha 0.01,1,120,-2,-501,120,-501
alpha 0.01,1,121,-2,-503,121,-503
alpha 0.01,1,122,-2,-505,122,-505
alpha 0.01,1,123,-2,-507,123,-507
alpha 0.01,1,124,-2,-509,124,-509
alpha 0.01,1,125,-2,-511,125,-511
alpha 0.01,1,126,-2,-513,126,-513
alpha 0.01,1,127,-2,-515,127,-515
alpha 0.01,1,128,-2,-517,128,-517
alpha 0.01,1,129,-2,-519,129,-519
alpha 0.01,1,130,-3,-522,130,-522
alpha 0.01,1,131,-3,-525,131,-525
alpha 0.01,1,132,-3,-528,132,-528
alpha 0.01,1,133,-3,-531,133,-531
alpha 0.01,1,134,-3,-534,134,-534
alpha 0.01,1,135,-3,-537,135,-537
alpha 0.01,1,136,-3,-540,136,-540
alpha 0.01,1,137,-4,-544,137,-544
alpha 0.01,1,138,-4,-548,138,-548
alpha 0.01,1,139,-4,-552,139,-552
alpha 0.01,1,140,-4,-556,140,-556
alpha 0.01,1,141,-4,-560,141,-560
alpha 0.01,1,142,-4,-564,142,-564
alpha 0.01,1,143,-4,-568,143,-568
alpha 0.01,1,144,-4,-572,144,-572
alpha 0.01,1,145,-5,-577,145,-577
alpha 0.01,1,146,-5,-582,146,-582
alpha 0.01,1,147,-5,-587,147,-587
alpha 0.01,1,148,-5,-592,148,-592
alpha 0.01,1,149,-5,-597,149,-597
alpha 0.01,1,150,-4,-601,150,-601
alpha 0.01,1,151,-4,-605,151,-605
alpha 0.01,1,152,-4,-609,152,-609
alpha 0.01,1,153,-4,-613,153,-613
alpha 0.01,1,154,-4,-617,154,-617
alpha 0.01,1,155,-4,-621,155,-621
alpha 0.01,1,156,-4,-625,156,-625
alpha 0.01,1,157,-4,-629,157,-629
alpha 0.01,1,158,-4,-633,158,-633
alpha 0.01,1,159,-4,-637,159,-637
alpha 0.01,1,160,-4,-641,160,-641
alpha 0.01,1,161,-4,-645,161,-645
alpha 0.01,1,162,-4,-649,162,-649
alpha 0.01,1,163,-5,-654,163,-654
alpha 0.01,1,164,-5,-659,164,-659
alpha 0.01,1,165,-6,-665,165,-665
alpha 0.01,1,166,-6,-671,166,-671
alpha 0.01,1,167,-6,-677,167,-677
alpha 0.01,1,168,-6,-683,168,-683
alpha 0.01,1,169,-6,-689,169,-689
alpha 0.01,1,170,-6,-695,170,-695
alpha 0.01,1,171,-6,-701,171,-701
alpha 0.01,1,172,-6,-707,172,-707
alpha 0.01,1,173,-6,-713,173,-713
alpha 0.01,1,174,-6,-719,174,-719
alpha 0.01,1,175,-6,-725,175,-725
alpha 0.01,1,176,-6,-731,176,-731
alpha 0.01,1,177,-6,-737,177,-737
alpha 0.01,1,178,-6,-743,178,-743
alpha 0.01,1,179,-6,-749,179,-749
alpha 0.01,1,180,-6,-755,180,-755
alpha 0.01,1,181,-6,-761,181,-761
alpha 0.01,1,182,-6,-767,182,-767
alpha 0.01,1,183,-6,-773,183,-773
alpha 0.01,1,184,-6,-779,184,-779
alpha 0.01,1,185,-6,-785,185,-785
alpha 0.01,1,186,-6,-791,186,-791
alpha 0.01,1,187,-8,-799,187,-799
alpha 0.01,1,188,-8,-807,188,-807
alpha 0.01,1,189,-6,-813,189,-813
alpha 0.01,1,190,-8,-821,190,-821
alpha 0.01,1,191,-8,-829,191,-829
alpha 0.01,1,192,-8,-837,192,-837
alpha 0.01,1,193,-8,-845,193,-845
alpha 0.01,1,194,-8,-853,194,-853
alpha 0.01,1,195,-8,-861,195,-861
alpha 0.01,1,196,-8,-869,196,-869
alpha 0.01,1,197,-8,-877,197,-877
alpha 0.01,1,198,-8,-885,198,-885
alpha 0.01,1,199,-8,-893,199,-893
alpha 0.01,1,200,-8,-901,200,-901
alpha 0.01,1,201,-8,-909,201,-909
alpha 0.01,1,202,-8,-917,202,-917
alpha 0.01,1,203,-8,-925,203,-925
alpha 0.01,1,204,-8,-933,204,-933
alpha 0.01,1,205,-8,-941,205,-941
alpha 0.01,1,206,-8,-949,206,-949
alpha 0.01,1,207,-8,-957,207,-957
alpha 0.01,1,208,-8,-965,208,-965
alpha 0.01,1,209,-8,-973,209,-973
alpha 0.01,1,210,-8,-981,210,-981
alpha 0.01,1,211,-8,-989,211,-989
alpha 0.01,1,212,-8,-997,212,-997
alpha 0.01,1,213,-8,-1005,213,-1005
alpha 0.01,1,214,-8,-1013,214,-1013
alpha 0.01,1,215,-8,-1021,215,-1021
alpha 0.01,1,216,-8,-1029,216,-1029
alpha 0.01,1,217,-8,-1037,217,-1037
alpha 0.01,1,218,-8,-1045,218,-1045
alpha 0.01,1,219,-8,-1053,219,-1053
alpha 0.01,1,220,-8,-1061,220,-1061
alpha 0.01,1,221,-8,-1069,221,-1069
alpha 0.01,1,222,-7,-1076,222,-1076
alpha 0.01,1,223,-7,-1083,223,-1083
alpha 0.01,1,224,-7,-1090,224,-1090
alpha 0.01,1,225,-7,-1097,225,-1097
alpha 0.01,1,226,-7,-1104,226,-1104
alpha 0.01,1,227,-7,-1111,227,-1111
alpha 0.01,1,228,-7,-1118,228,-1118
alpha 0.01,1,229,-7,-1125,229,-1125
alpha 0.01,1,230,-7,-1132,230,-1132
alpha 0.01,1,231,-7,-1139,231,-1139
alpha 0.01,1,232,-7,-1146,232,-1146
alpha 0.01,1,233,-7,-1153,233,-1153
alpha 0.01,1,234,-7,-1160,234,-1160
alpha 0.01,1,235,-7,-1167,235,-1167
alpha 0.01,1,236,-7,-1174,236,-1174
alpha 0.01,1,237,-7,-1181,237,-1181
alpha 0.01,1,238,-6,-1187,238,-1187
alpha 0.01,1,239,-6,-1193,239,-1193
alpha 0.01,1,240,-6,-1199,240,-1199
alpha 0.01,1,241,-6,-1205,241,-1205
alpha 0.01,1,242,-6,-1211,242,-1211
alpha 0.01,1,243,-6,-1217,243,-1217
alpha 0.01,1,244,-6,-1223,244,-1223
alpha 0.01,1,245,-5,-1228,245,-1228
alpha 0.01,1,246,-5,-1233,246,-1233
alpha 0.01,1,247,-5,-1238,247,-1238
alpha 0.01,1,248,-5,-1243,248,-1243
alpha 0.01,1,249,-5,-1248,249,-1248
alpha 0.01,1,250,-5,-1253,250,-1253
alpha 0.01,1,251,-5,-1258,251,-1258
alpha 0.01,1,252,-5,-1263,252,-1263
alpha 0.01,1,253,-5,-1268,253,-1268
alpha 0.01,1,254,-5,-1273,254,-1273
alpha 0.01,1,255,-5,-1278,255,-1278
alpha 0.01,1,256,-5,-1283,256,-1283
alpha 0.01,1,257,-5,-1288,257,-1288
alpha 0.01,1,258,-5,-1293,258,-1293
alpha 0.01,1,259,-5,-1298,259,-1298
alpha 0.01,1,260,-5,-1303,260,-1303
alpha 0.01,1,261,-6,-1309,261,-1309
alpha 0.01,1,262,-6,-1315,262,-1315
alpha 0.01,1,263,-6,-1321,263,-1321
alpha 0.01,1,264,-6,-1327,264,-1327
alpha 0.01,1,265,-6,-1333,265,-1333
alpha 0.01,1,266,-7,-1340,266,-1340
alpha 0.01,1,267,-7,-1347,267,-1347
alpha 0.01,1,268,-7,-1354,268,-1354
alpha 0.01,1,269,-7,-1361,269,-1361
alpha 0.01,1,270,-7,-1368,270,-1368
alpha 0.01,1,271,-7,-1375,271,-1375
alpha 0.01,1,272,-7,-1382,272,-1382
alpha 0.01,1,273,-7,-1389,273,-1389
alpha 0.01,1,274,-7,-1396,274,-1396
alpha 0.01,1,275,-7,-1403,275,-1403
alpha 0.01,1,276,-7,-1410,276,-1410
alpha 0.01,1,277,-7,-1417,277,-1417
alpha 0.01,1,278,-7,-1424,278,-1424
alpha 0.01,1,279,-7,-1431,279,-1431
alpha 0.01,1,280,-7,-1438,280,-1438
alpha 0.01,1,281,-7,-1445,281,-1445
alpha 0.01,1,282,-7,-1452,282,-1452
alpha 0.01,1,283,-7,-1459,283,-1459
alpha 0.01,1,284,-7,-1466,284,-1466
alpha 0.01,1,285,-7,-1473,285,-1473
alpha 0.01,1,286,-7,-1480,286,-1480
alpha 0.01,1,287,-7,-1487,287,-1487
alpha 0.01,1,288,-7,-1494,288,-1494
alpha 0.01,1,289,-7,-1501,289,-1501
alpha 0.01,1,290,-7,-1508,290,-1508
alpha 0.01,1,291,-7,-1515,291,-1515
alpha 0.01,1,292,-7,-1522,292,-1522
alpha 0.01,1,293,-7,-1529,293,-1529
alpha 0.01,1,294,-7,-1536,294,-1536
alpha 0.01,1,295,-7,-1543,295,-1543
alpha 0.01,1,296,-7,-1550,296,-1550
alpha 0.01,1,297,-7,-1557,297,-1557
alpha 0.01,1,298,-7,-1564,298,-1564
alpha 0.01,1,299,-7,-1571,299,-1571
alpha 0.01,1,300,-7,-1578,300,-1578
alpha 0.01,1,301,-7,-1585,301,-1585
alpha 0.01,1,302,-7,-1592,302,-1592
alpha 0.01,1,303,-7,-1599,303,-1599
alpha 0.01,1,304,-7,-1606,304,-1606
alpha 0.01,1,305,-5,-1611,305,-1611
alpha 0.01,1,306,-6,-1617,306,-1617
alpha 0.01,1,307,-5,-1622,307,-1622
alpha 0.01,1,308,-5,-1627,308,-1627
alpha 0.01,1,309,-5,-1632,309,-1632
alpha 0.01,1,310,-5,-1637,310,-1637
alpha 0.01,1,311,-5,-1642,311,-1642
alpha 0.01,1,312,-5,-1647,312,-1647
alpha 0.01,1,313,-5,-1652,313,-1652
alpha 0.01,1,314,-5,-1657,314,-1657
alpha 0.01,1,315,-5,-1662,315,-1662
alpha 0.01,1,316,-5,-1667,316,-1667
alpha 0.01,1,317,-5,-1672,317,-1672
alpha 0.01,1,318,-5,-1677,318,-1677
alpha 0.01,1,319,-5,-1682,319,-1682
alpha 0.01,1,320,-5,-1687,320,-1687
alpha 0.01,1,321,-5,-1692,321,-1692
alpha 0.01,1,322,-7,-1699,322,-1699
alpha 0.01,1,323,-7,-1706,323,-1706
alpha 0.01,1,324,-7,-1713,324,-1713
alpha 0.01,1,325,-7,-1720,325,-1720
alpha 0.01,1,326,-5,-1725,326,-1725
alpha 0.01,1,327,-5,-1730,327,-1730
alpha 0.01,1,328,-5,-1735,328,-1735
alpha 0.01,1,329,-5,-1740,329,-1740
alpha 0.01,1,330,-5,-1745,330,-1745
alpha 0.01,1,331,-4,-1749,331,-1749
alpha 0.01,1,332,-4,-1753,332,-1753
alpha 0.01,1,333,-5,-1758,333,-1758
alpha 0.01,1,334,-5,-1763,334,-1763
alpha 0.01,1,335,-4,-1767,335,-1767
alpha 0.01,1,336,-4,-1771,336,-1771
alpha 0.01,1,337,-4,-1775,337,-1775
alpha 0.01,1,338,-4,-1779,338,-1779
alpha 0.01,1,339,-4,-1783,339,-1783
alpha 0.01,1,340,-4,-1787,340,-1787
alpha 0.01,1,341,-3,-1790,341,-1790
alpha 0.01,1,342,-3,-1793,342,-1793
alpha 0.01,1,343,-3,-1796,343,-1796
alpha 0.01,1,344,-3,-1799,344,-1799
alpha 0.01,1,345,-2,-1801,345,-1801
alpha 0.01,1,346,-2,-1803,346,-1803
alpha 0.01,1,347,-2,-1805,347,-1805
alpha 0.01,1,348,-2,-1807,348,-1807
alpha 0.01,1,349,-2,-1809,349,-1809
alpha 0.01,1,350,-2,-1811,350,-1811
alpha 0.01,1,351,-2,-1813,351,-1813
alpha 0.01,1,352,-2,-1815,352,-1815
alpha 0.01,1,353,-2,-1817,353,-1817
alpha 0.01,1,354,-2,-1819,354,-1819
alpha 0.01,1,355,-2,-1821,355,-1821
alpha 0.01,1,356,-2,-1823,356,-1823
alpha 0.01,1,357,-3,-1826,357,-1826
alpha 0.01,1,358,-5,-1831,358,-1831
alpha 0.01,1,359,-3,-1834,359,-1834
alpha 0.01,1,360,-3,-1837,360,-1837
alpha 0.01,1,361,-3,-1840,361,-1840
alpha 0.01,1,362,-3,-1843,362,-1843
alpha 0.01,1,363,-3,-1846,363,-1846
alpha 0.01,1,364,-3,-1849,364,-1849
alpha 0.01,1,365,-3,-1852,365,-1852
alpha 0.01,1,366,-3,-1855,366,-1855
alpha 0.01,1,367,-3,-1858,367,-1858
alpha 0.01,1,368,-3,-1861,368,-1861
alpha 0.01,1,369,-3,-1864,369,-1864
alpha 0.01,1,370,-3,-1867,370,-1867
alpha 0.01,1,371,-3,-1870,371,-1870
alpha 0.01,1,372,-3,-1873,372,-1873
alpha 0.01,1,373,-3,-1876,373,-1876
alpha 0.01,1,374,-3,-1879,374,-1879
alpha 0.01,1,375,-3,-1882,375,-1882
alpha 0.01,1,376,-3,-1885,376,-1885
alpha 0.01,1,377,-3,-1888,377,-1888
alpha 0.01,1,378,-2,-1890,378,-1890
alpha 0.01,1,379,-2,-1892,379,-1892
alpha 0.01,1,380,-2,-1894,380,-1894
alpha 0.01,1,381,-2,-1896,381,-1896
alpha 0.01,1,382,-2,-1898,382,-1898
alpha 0.01,1,383,-2,-1900,383,-1900
alpha 0.01,1,384,-2,-1902,384,-1902
alpha 0.01,1,385,-3,-1905,385,-1905
alpha 0.01,1,386,-3,-1908,386,-1908
alpha 0.01,1,387,-3,-1911,387,-1911
alpha 0.01,1,388,-3,-1914,388,-1914
alpha 0.01,1,389,-3,-1917,389,-1917
alpha 0.01,1,390,-3,-1920,390,-1920
alpha 0.01,1,391,-3,-1923,391,-1923
alpha 0.01,1,392,-3,-1926,392,-1926
alpha 0.01,1,393,-3,-1929,393,-1929
alpha 0.01,1,394,-3,-1932,394,-1932
alpha 0.01,1,395,-3,-1935,395,-1935
alpha 0.01,1,396,-4,-1939,396,-1939
alpha 0.01,1,397,-4,-1943,397,-1943
alpha 0.01,1,398,-4,-1947,398,-1947
alpha 0.01,1,399,-4,-1951,399,-1951
alpha 0.01,1,400,-4,-1955,400,-1955
alpha 0.01,1,401,-4,-1959,401,-1959
alpha 0.01,1,402,-4,-1963,402,-1963
alpha 0.01,1,403,-4,-1967,403,-1967
alpha 0.01,1,404,-4,-1971,404,-1971
alpha 0.01,1,405,-4,-1975,405,-1975
alpha 0.01,1,406,-4,-1979,406,-1979
alpha 0.01,1,407,-4,-1983,407,-1983
alpha 0.01,1,408,-4,-1987,408,-1987
alpha 0.01,1,409,-4,-1991,409,-1991
alpha 0.01,1,410,-4,-1995,410,-1995
alpha 0.01,1,411,-4,-1999,411,-1999
alpha 0.01,1,412,-4,-2003,412,-2003
alpha 0.01,1,413,-4,-2007,413,-2007
alpha 0.01,1,414,-5,-2012,414,-2012
alpha 0.01,1,415,-5,-2017,415,-2017
alpha 0.01,1,416,-5,-2022,416,-2022
alpha 0.01,1,417,-5,-2027,417,-2027
alpha 0.01,1,418,-5,-2032,418,-2032
alpha 0.01,1,419,-5,-2037,419,-2037
alpha 0.01,1,420,-5,-2042,420,-2042
alpha 0.01,1,421,-5,-2047,421,-2047
alpha 0.01,1,422,-5,-2052,422,-2052
alpha 0.01,1,423,-5,-2057,423,-2057
alpha 0.01,1,424,-5,-2062,424,-2062
alpha 0.01,1,425,-5,-2067,425,-2067
alpha 0.01,1,426,-5,-2072,426,-2072
alpha 0.01,1,427,-5,-2077,427,-2077
alpha 0.01,1,428,-5,-2082,428,-2082
alpha 0.01,1,429,-5,-2087,429,-2087
alpha 0.01,1,430,-5,-2092,430,-2092
alpha 0.01,1,431,-5,-2097,431,-2097
alpha 0.01,1,432,-5,-2102,432,-2102
alpha 0.01,1,433,-5,-2107,433,-2107
alpha 0.01,1,434,-5,-2112,434,-2112
alpha 0.01,1,435,-5,-2117,435,-2117
alpha 0.01,1,436,-5,-2122,436,-2122
alpha 0.01,1,437,-5,-2127,437,-2127
alpha 0.01,1,438,-5,-2132,438,-2132
alpha 0.01,1,439,-5,-2137,439,-2137
alpha 0.01,1,440,-6,-2143,440,-2143
alpha 0.01,1,441,-6,-2149,441,-2149
alpha 0.01,1,442,-5,-2154,442,-2154
alpha 0.01,1,443,-5,-2159,443,-2159
alpha 0.01,1,444,-5,-2164,444,-2164
alpha 0.01,1,445,-6,-2170,445,-2170
alpha 0.01,1,446,-8,-2178,446,-2178
alpha 0.01,1,447,-8,-2186,447,-2186
alpha 0.01,1,448,-8,-2194,448,-2194
alpha 0.01,1,449,-8,-2202,449,-2202
alpha 0.01,1,450,-8,-2210,450,-2210
alpha 0.01,1,451,-8,-2218,451,-2218
alpha 0.01,1,452,-8,-2226,452,-2226
alpha 0.01,1,453,-8,-2234,453,-2234
alpha 0.01,1,454,-8,-2242,454,-2242
alpha 0.01,1,455,-8,-2250,455,-2250
alpha 0.01,1,456,-7,-2257,456,-2257
alpha 0.01,1,457,-7,-2264,457,-2264
alpha 0.01,1,458,-7,-2271,458,-2271
alpha 0.01,1,459,-7,-2278,459,-2278
alpha 0.01,1,460,-7,-2285,460,-2285
alpha 0.01,1,461,-7,-2292,461,-2292
alpha 0.01,1,462,-7,-2299,462,-2299
alpha 0.01,1,463,-7,-2306,463,-2306
alpha 0.01,1,464,-7,-2313,464,-2313
alpha 0.01,1,465,-7,-2320,465,-2320
alpha 0.01,1,466,-7,-2327,466,-2327
alpha 0.01,1,467,-7,-2334,467,-2334
alpha 0.01,1,468,-7,-2341,468,-2341
alpha 0.01,1,469,-7,-2348,469,-2348
alpha 0.01,1,470,-7,-2355,470,-2355
alpha 0.01,1,471,-7,-2362,471,-2362
alpha 0.01,1,472,-7,-2369,472,-2369
alpha 0.01,1,473,-7,-2376,473,-2376
alpha 0.01,1,474,-7,-2383,474,-2383
alpha 0.01,1,475,-7,-2390,475,-2390
alpha 0.01,1,476,-7,-2397,476,-2397
alpha 0.01,1,477,-7,-2404,477,-2404
alpha 0.01,1,478,-7,-2411,478,-2411
alpha 0.01,1,479,-7,-2418,479,-2418
alpha 0.01,1,480,-7,-2425,480,-2425
alpha 0.01,1,481,-7,-2432,481,-2432
alpha 0.01,1,482,-7,-2439,482,-2439
alpha 0.01,1,483,-7,-2446,483,-2446
alpha 0.01,1,484,-7,-2453,484,-2453
alpha 0.01,1,485,-7,-2460,485,-2460
alpha 0.01,1,486,-7,-2467,486,-2467
alpha 0.01,1,487,-6,-2473,487,-2473
alpha 0.01,1,488,-6,-2479,488,-2479
alpha 0.01,1,489,-6,-2485,489,-2485
alpha 0.01,1,490,-6,-2491,490,-2491
alpha 0.01,1,491,-6,-2497,491,-2497
alpha 0.01,1,492,-6,-2503,492,-2503
alpha 0.01,1,493,-6,-2509,493,-2509
alpha 0.01,1,494,-5,-2514,494,-2514
alpha 0.01,1,495,-5,-2519,495,-2519
alpha 0.01,1,496,-5,-2524,496,-2524
alpha 0.01,1,497,-5,-2529,497,-2529
alpha 0.01,1,498,-5,-2534,498,-2534
alpha 0.01,1,499,-5,-2539,499,-2539
alpha 0.01,1,500,-5,-2544,500,-2544
alpha 0.01,2,1,4,4,501,-2540
alpha 0.01,2,2,2,6,502,-2538
alpha 0.01,2,3,1,7,503,-2537
alpha 0.01,2,4,1,8,504,-2536
alpha 0.01,2,5,-2,6,505,-2538
alpha 0.01,2,6,-3,3,506,-2541
alpha 0.01,2,7,-3,0,507,-2544
alpha 0.01,2,8,-4,-4,508,-2548
alpha 0.01,2,9,-3,-7,509,-2551
alpha 0.01,2,10,-3,-10,510,-2554
alpha 0.01,2,11,-3,-13,511,-2557
alpha 0.01,2,12,-3,-16,512,-2560
alpha 0.01,2,13,-3,-19,513,-2563
alpha 0.01,2,14,-2,-21,514,-2565
alpha 0.01,2,15,-2,-23,515,-2567
alpha 0.01,2,16,-2,-25,516,-2569
alpha 0.01,2,17,-2,-27,517,-2571
alpha 0.01,2,18,-2,-29,518,-2573
alpha 0.01,2,19,-2,-31,519,-2575
alpha 0.01,2,20,-1,-32,520,-2576
alpha 0.01,2,21,-1,-33,521,-2577
alpha 0.01,2,22,1,-32,522,-2576
alpha 0.01,2,23,1,-31,523,-2575
alpha 0.01,2,24,1,-30,524,-2574
alpha 0.01,2,25,1,-29,525,-2573
alpha 0.01,2,26,1,-28,526,-2572
alpha 0.01,2,27,1,-27,527,-2571
alpha 0.01,2,28,-1,-28,528,-2572
alpha 0.01,2,29,-2,-30,529,-2574
alpha 0.01,2,30,-2,-32,530,-2576
alpha 0.01,2,31,-2,-34,531,-2578
alpha 0.01,2,32,-2,-36,532,-2580
alpha 0.01,2,33,-2,-38,533,-2582
alpha 0.01,2,34,-2,-40,534,-2584
alpha 0.01,2,35,-2,-42,535,-2586
alpha 0.01,2,36,-2,-44,536,-2588
alpha 0.01,2,37,-2,-46,537,-2590
alpha 0.01,2,38,-2,-48,538,-2592
alpha 0.01,2,39,-2,-50,539,-2594
alpha 0.01,2,40,-2,-52,540,-2596
alpha 0.01,2,41,-2,-54,541,-2598
alpha 0.01,2,42,-2,-56,542,-2600
alpha 0.01,2,43,-2,-58,543,-2602
alpha 0.01,2,44,-2,-60,544,-2604
alpha 0.01,2,45,-2,-62,545,-2606
alpha 0.01,2,46,-2,-64,546,-2608
alpha 0.01,2,47,-2,-66,547,-2610
alpha 0.01,2,48,-2,-68,548,-2612
alpha 0.01,2,49,-2,-70,549,-2614
alpha 0.01,2,50,-2,-72,550,-2616
alpha 0.01,2,51,-2,-74,551,-2618
alpha 0.01,2,52,-2,-76,552,-2620
alpha 0.01,2,53,-2,-78,553,-2622
alpha 0.01,2,54,-2,-80,554,-2624
alpha 0.01,2,55,-2,-82,555,-2626
alpha 0.01,2,56,-2,-84,556,-2628
alpha 0.01,2,57,-2,-86,557,-2630
alpha 0.01,2,58,-2,-88,558,-2632
alpha 0.01,2,59,-2,-90,559,-2634
alpha 0.01,2,60,-2,-92,560,-2636
alpha 0.01,2,61,-2,-94,561,-2638
alpha 0.01,2,62,-2,-96,562,-2640
alpha 0.01,2,63,-2,-98,563,-2642
alpha 0.01,2,64,-2,-100,564,-2644
alpha 0.01,2,65,-2,-102,565,-2646
alpha 0.01,2,66,-2,-104,566,-2648
alpha 0.01,2,67,-2,-106,567,-2650
alpha 0.01,2,68,-2,-108,568,-2652
alpha 0.01,2,69,-2,-110,569,-2654
alpha 0.01,2,70,-2,-112,570,-2656
alpha 0.01,2,71,-2,-114,571,-2658
alpha 0.01,2,72,-2,-116,572,-2660
alpha 0.01,2,73,-2,-118,573,-2662
alpha 0.01,2,74,-2,-120,574,-2664
alpha 0.01,2,75,-2,-122,575,-2666
alpha 0.01,2,76,-2,-124,576,-2668
alpha 0.01,2,77,-2,-126,577,-2670
alpha 0.01,2,78,-2,-128,578,-2672
alpha 0.01,2,79,-2,-130,579,-2674
alpha 0.01,2,80,-2,-132,580,-2676
alpha 0.01,2,81,-2,-134,581,-2678
alpha 0.01,2,82,-2,-136,582,-2680
alpha 0.01,2,83,-2,-138,583,-2682
alpha 0.01,2,84,-2,-140,584,-2684
alpha 0.01,2,85,-2,-142,585,-2686
alpha 0.01,2,86,-2,-144,586,-2688
alpha 0.01,2,87,-2,-146,587,-2690
alpha 0.01,2,88,-2,-148,588,-2692
alpha 0.01,2,89,-2,-150,589,-2694
alpha 0.01,2,90,-2,-152,590,-2696
alpha 0.01,2,91,-2,-154,591,-2698
alpha 0.01,2,92,-2,-156,592,-2700
alpha 0.01,2,93,-2,-158,593,-2702
alpha 0.01,2,94,-2,-160,594,-2704
alpha 0.01,2,95,-2,-162,595,-2706
alpha 0.01,2,96,-2,-164,596,-2708
alpha 0.01,2,97,-2,-166,597,-2710
alpha 0.01,2,98,-2,-168,598,-2712
alpha 0.01,2,99,-2,-170,599,-2714
alpha 0.01,2,100,-2,-172,600,-2716
alpha 0.01,2,101,-2,-174,601,-2718
alpha 0.01,2,102,-2,-176,602,-2720
alpha 0.01,2,103,-2,-178,603,-2722
alpha 0.01,2,104,-2,-180,604,-2724
alpha 0.01,2,105,-2,-182,605,-2726
alpha 0.01,2,106,-2,-184,606,-2728
alpha 0.01,2,107,-2,-186,607,-2730
alpha 0.01,2,108,-2,-188,608,-2732
alpha 0.01,2,109,-1,-189,609,-2733
alpha 0.01,2,110,1,-188,610,-2732
alpha 0.01,2,111,1,-187,611,-2731
alpha 0.01,2,112,1,-186,612,-2730
alpha 0.01,2,113,-3,-189,613,-2733
alpha 0.01,2,114,-3,-192,614,-2736
alpha 0.01,2,115,-3,-195,615,-2739
alpha 0.01,2,116,-3,-198,616,-2742
alpha 0.01,2,117,-3,-201,617,-2745
alpha 0.01,2,118,-3,-204,618,-2748
alpha 0.01,2,119,-2,-206,619,-2750
alpha 0.01,2,120,-2,-208,620,-2752
alpha 0.01,2,121,-3,-211,621,-2755
alpha 0.01,2,122,-3,-214,622,-2758
alpha 0.01,2,123,-3,-217,623,-2761
alpha 0.01,2,124,-3,-220,624,-2764
alpha 0.01,2,125,-3,-223,625,-2767
alpha 0.01,2,126,-3,-226,626,-2770
alpha 0.01,2,127,-3,-229,627,-2773
alpha 0.01,2,128,-3,-232,628,-2776
alpha 0.01,2,129,-3,-235,629,-2779
alpha 0.01,2,130,-3,-238,630,-2782
alpha 0.01,2,131,-3,-241,631,-2785
alpha 0.01,2,132,-3,-244,632,-2788
alpha 0.01,2,133,-3,-247,633,-2791
alpha 0.01,2,134,-3,-250,634,-2794
alpha 0.01,2,135,-3,-253,635,-2797
alpha 0.01,2,136,-3,-256,636,-2800
alpha 0.01,2,137,-3,-259,637,-2803
alpha 0.01,2,138,-3,-262,638,-2806
alpha 0.01,2,139,-3,-265,639,-2809
alpha 0.01,2,140,-3,-268,640,-2812
alpha 0.01,2,141,-3,-271,641,-2815
alpha 0.01,2,142,-3,-274,642,-2818
alpha 0.01,2,143,-3,-277,643,-2821
alpha 0.01,2,144,-3,-280,644,-2824
alpha 0.01,2,145,-3,-283,645,-2827
alpha 0.01,2,146,-3,-286,646,-2830
alpha 0.01,2,147,-3,-289,647,-2833
alpha 0.01,2,148,-3,-292,648,-2836
alpha 0.01,2,149,-3,-295,649,-2839
alpha 0.01,2,150,-3,-298,650,-2842
alpha 0.01,2,151,-3,-301,651,-2845
alpha 0.01,2,152,-3,-304,652,-2848
alpha 0.01,2,153,-3,-307,653,-2851
alpha 0.01,2,154,-3,-310,654,-2854
alpha 0.01,2,155,-3,-313,655,-2857
alpha 0.01,2,156,-3,-316,656,-2860
alpha 0.01,2,157,-4,-320,657,-2864
alpha 0.01,2,158,-4,-324,658,-2868
alpha 0.01,2,159,-4,-328,659,-2872
alpha 0.01,2,160,-4,-332,660,-2876
alpha 0.01,2,161,-4,-336,661,-2880
alpha 0.01,2,162,-4,-340,662,-2884
alpha 0.01,2,163,-4,-344,663,-2888
alpha 0.01,2,164,-4,-348,664,-2892
alpha 0.01,2,165,-4,-352,665,-2896
alpha 0.01,2,166,-4,-356,666,-2900
alpha 0.01,2,167,-4,-360,667,-2904
alpha 0.01,2,168,-4,-364,668,-2908
alpha 0.01,2,169,-4,-368,669,-2912
alpha 0.01,2,170,-4,-372,670,-2916
alpha 0.01,2,171,-4,-376,671,-2920
alpha 0.01,2,172,-4,-380,672,-2924
alpha 0.01,2,173,-4,-384,673,-2928
alpha 0.01,2,174,-4,-388,674,-2932
alpha 0.01,2,175,-4,-392,675,-2936
alpha 0.01,2,176,-4,-396,676,-2940
alpha 0.01,2,177,-4,-400,677,-2944
alpha 0.01,2,178,-4,-404,678,-2948
alpha 0.01,2,179,-4,-408,679,-2952
alpha 0.01,2,180,-4,-412,680,-2956
alpha 0.01,2,181,-4,-416,681,-2960
alpha 0.01,2,182,-2,-418,682,-2962
alpha 0.01,2,183,-2,-420,683,-2964
alpha 0.01,2,184,-3,-423,684,-2967
alpha 0.01,2,185,-3,-426,685,-2970
alpha 0.01,2,186,-3,-429,686,-2973
alpha 0.01,2,187,-3,-432,687,-2976
alpha 0.01,2,188,-3,-435,688,-2979
alpha 0.01,2,189,-3,-438,689,-2982
alpha 0.01,2,190,-3,-441,690,-2985
alpha 0.01,2,191,-3,-444,691,-2988
alpha 0.01,2,192,-3,-447,692,-2991
alpha 0.01,2,193,-3,-450,693,-2994
alpha 0.01,2,194,-3,-453,694,-2997
alpha 0.01,2,195,-3,-456,695,-3000
alpha 0.01,2,196,-3,-459,696,-3003
alpha 0.01,2,197,-3,-462,697,-3006
alpha 0.01,2,198,-3,-465,698,-3009
alpha 0.01,2,199,-3,-468,699,-3012
alpha 0.01,2,200,-3,-471,700,-3015
alpha 0.01,2,201,-3,-474,701,-3018
alpha 0.01,2,202,-3,-477,702,-3021
alpha 0.01,2,203,-3,-480,703,-3024
alpha 0.01,2,204,-3,-483,704,-3027
alpha 0.01,2,205,-3,-486,705,-3030
alpha 0.01,2,206,-3,-489,706,-3033
alpha 0.01,2,207,-3,-492,707,-3036
alpha 0.01,2,208,-3,-495,708,-3039
alpha 0.01,2,209,-3,-498,709,-3042
alpha 0.01,2,210,-3,-501,710,-3045
alpha 0.01,2,211,-3,-504,711,-3048
alpha 0.01,2,212,-2,-506,712,-3050
alpha 0.01,2,213,-3,-509,713,-3053
alpha 0.01,2,214,-3,-512,714,-3056
alpha 0.01,2,215,-3,-515,715,-3059
alpha 0.01,2,216,-3,-518,716,-3062
alpha 0.01,2,217,-3,-521,717,-3065
alpha 0.01,2,218,-3,-524,718,-3068
alpha 0.01,2,219,-3,-527,719,-3071
alpha 0.01,2,220,-2,-529,720,-3073
alpha 0.01,2,221,-2,-531,721,-3075
alpha 0.01,2,222,-2,-533,722,-3077
alpha 0.01,2,223,-2,-535,723,-3079
alpha 0.01,2,224,-2,-537,724,-3081
alpha 0.01,2,225,-2,-539,725,-3083
alpha 0.01,2,226,-2,-541,726,-3085
alpha 0.01,2,227,-2,-543,727,-3087
alpha 0.01,2,228,-2,-545,728,-3089
alpha 0.01,2,229,-2,-547,729,-3091
alpha 0.01,2,230,-2,-549,730,-3093
alpha 0.01,2,231,-2,-551,731,-3095
alpha 0.01,2,232,-2,-553,732,-3097
alpha 0.01,2,233,-2,-555,733,-3099
alpha 0.01,2,234,-2,-557,734,-3101
alpha 0.01,2,235,-2,-559,735,-3103
alpha 0.01,2,236,-2,-561,736,-3105
alpha 0.01,2,237,-2,-563,737,-3107
alpha 0.01,2,238,-2,-565,738,-3109
alpha 0.01,2,239,-2,-567,739,-3111
alpha 0.01,2,240,-2,-569,740,-3113
alpha 0.01,2,241,-2,-571,741,-3115
alpha 0.01,2,242,-2,-573,742,-3117
alpha 0.01,2,243,-2,-575,743,-3119
alpha 0.01,2,244,-2,-577,744,-3121
alpha 0.01,2,245,-2,-579,745,-3123
alpha 0.01,2,246,-2,-581,746,-3125
alpha 0.01,2,247,-1,-582,747,-3126
alpha 0.01,2,248,1,-581,748,-3125
alpha 0.01,2,249,1,-580,749,-3124
alpha 0.01,2,250,1,-579,750,-3123
alpha 0.01,2,251,1,-578,751,-3122
alpha 0.01,2,252,2,-576,752,-3120
alpha 0.01,2,253,2,-574,753,-3118
alpha 0.01,2,254,2,-572,754,-3116
alpha 0.01,2,255,2,-570,755,-3114
alpha 0.01,2,256,1,-569,756,-3113
alpha 0.01,2,257,1,-568,757,-3112
alpha 0.01,2,258,-2,-570,758,-3114
alpha 0.01,2,259,-2,-572,759,-3116
alpha 0.01,2,260,-2,-574,760,-3118
alpha 0.01,2,261,-2,-576,761,-3120
alpha 0.01,2,262,-2,-578,762,-3122
alpha 0.01,2,263,-3,-581,763,-3125
alpha 0.01,2,264,-3,-584,764,-3128
alpha 0.01,2,265,-3,-587,765,-3131
alpha 0.01,2,266,1,-586,766,-3130
alpha 0.01,2,267,1,-585,767,-3129
alpha 0.01,2,268,1,-584,768,-3128
alpha 0.01,2,269,1,-583,769,-3127
alpha 0.01,2,270,1,-582,770,-3126
alpha 0.01,2,271,1,-581,771,-3125
alpha 0.01,2,272,1,-580,772,-3124
alpha 0.01,2,273,1,-579,773,-3123
alpha 0.01,2,274,1,-578,774,-3122
alpha 0.01,2,275,1,-577,775,-3121
alpha 0.01,2,276,1,-576,776,-3120
alpha 0.01,2,277,1,-575,777,-3119
alpha 0.01,2,278,1,-574,778,-3118
alpha 0.01,2,279,1,-573,779,-3117
alpha 0.01,2,280,1,-572,780,-3116
alpha 0.01,2,281,1,-571,781,-3115
alpha 0.01,2,282,1,-570,782,-3114
alpha 0.01,2,283,1,-569,783,-3113
alpha 0.01,2,284,1,-568,784,-3112
alpha 0.01,2,285,1,-567,785,-3111
alpha 0.01,2,286,1,-566,786,-3110
alpha 0.01,2,287,1,-565,787,-3109
alpha 0.01,2,288,1,-564,788,-3108
alpha 0.01,2,289,1,-563,789,-3107
alpha 0.01,2,290,1,-562,790,-3106
alpha 0.01,2,291,1,-561,791,-3105
alpha 0.01,2,292,1,-560,792,-3104
alpha 0.01,2,293,-1,-561,793,-3105
alpha 0.01,2,294,-1,-562,794,-3106
alpha 0.01,2,295,-1,-563,795,-3107
alpha 0.01,2,296,-1,-564,796,-3108
alpha 0.01,2,297,-1,-565,797,-3109
alpha 0.01,2,298,1,-564,798,-3108
alpha 0.01,2,299,1,-563,799,-3107
alpha 0.01,2,300,1,-562,800,-3106
alpha 0.01,2,301,2,-560,801,-3104
alpha 0.01,2,302,2,-558,802,-3102
alpha 0.01,2,303,2,-556,803,-3100
alpha 0.01,2,304,2,-554,804,-3098
alpha 0.01,2,305,-1,-555,805,-3099
alpha 0.01,2,306,-2,-557,806,-3101
alpha 0.01,2,307,-2,-559,807,-3103
alpha 0.01,2,308,-2,-561,808,-3105
alpha 0.01,2,309,-2,-563,809,-3107
alpha 0.01,2,310,-2,-565,810,-3109
alpha 0.01,2,311,-2,-567,811,-3111
alpha 0.01,2,312,-2,-569,812,-3113
alpha 0.01,2,313,1,-568,813,-3112
alpha 0.01,2,314,-1,-569,814,-3113
alpha 0.01,2,315,-2,-571,815,-3115
alpha 0.01,2,316,-2,-573,816,-3117
alpha 0.01,2,317,-2,-575,817,-3119
alpha 0.01,2,318,-2,-577,818,-3121
alpha 0.01,2,319,-2,-579,819,-3123
alpha 0.01,2,320,-2,-581,820,-3125
alpha 0.01,2,321,-2,-583,821,-3127
alpha 0.01,2,322,-2,-585,822,-3129
alpha 0.01,2,323,-2,-587,823,-3131
alpha 0.01,2,324,-2,-589,824,-3133
alpha 0.01,2,325,-2,-591,825,-3135
alpha 0.01,2,326,-2,-593,826,-3137
alpha 0.01,2,327,-2,-595,827,-3139
alpha 0.01,2,328,-1,-596,828,-3140
alpha 0.01,2,329,-1,-597,829,-3141
alpha 0.01,2,330,1,-596,830,-3140
alpha 0.01,2,331,1,-595,831,-3139
alpha 0.01,2,332,1,-594,832,-3138
alpha 0.01,2,333,1,-593,833,-3137
alpha 0.01,2,334,1,-592,834,-3136
alpha 0.01,2,335,1,-591,835,-3135
alpha 0.01,2,336,1,-590,836,-3134
alpha 0.01,2,337,1,-589,837,-3133
alpha 0.01,2,338,1,-588,838,-3132
alpha 0.01,2,339,1,-587,839,-3131
alpha 0.01,2,340,1,-586,840,-3130
alpha 0.01,2,341,1,-585,841,-3129
alpha 0.01,2,342,1,-584,842,-3128
alpha 0.01,2,343,1,-583,843,-3127
alpha 0.01,2,344,1,-582,844,-3126
alpha 0.01,2,345,2,-580,845,-3124
alpha 0.01,2,346,2,-578,846,-3122
alpha 0.01,2,347,1,-577,847,-3121
alpha 0.01,2,348,-3,-580,848,-3124
alpha 0.01,2,349,-4,-584,849,-3128
alpha 0.01,2,350,-4,-588,850,-3132
alpha 0.01,2,351,-3,-591,851,-3135
alpha 0.01,2,352,-3,-594,852,-3138
alpha 0.01,2,353,-2,-596,853,-3140
alpha 0.01,2,354,-2,-598,854,-3142
alpha 0.01,2,355,-2,-600,855,-3144
alpha 0.01,2,356,-2,-602,856,-3146
alpha 0.01,2,357,-2,-604,857,-3148
alpha 0.01,2,358,-2,-606,858,-3150
alpha 0.01,2,359,-2,-608,859,-3152
alpha 0.01,2,360,-2,-610,860,-3154
alpha 0.01,2,361,-2,-612,861,-3156
alpha 0.01,2,362,-2,-614,862,-3158
alpha 0.01,2,363,-2,-616,863,-3160
alpha 0.01,2,364,-2,-618,864,-3162
alpha 0.01,2,365,-2,-620,865,-3164
alpha 0.01,2,366,-2,-622,866,-3166
alpha 0.01,2,367,-2,-624,867,-3168
alpha 0.01,2,368,-2,-626,868,-3170
alpha 0.01,2,369,-2,-628,869,-3172
alpha 0.01,2,370,-2,-630,870,-3174
alpha 0.01,2,371,-2,-632,871,-3176
alpha 0.01,2,372,-2,-634,872,-3178
alpha 0.01,2,373,-2,-636,873,-3180
alpha 0.01,2,374,-2,-638,874,-3182
alpha 0.01,2,375,-2,-640,875,-3184
alpha 0.01,2,376,-2,-642,876,-3186
alpha 0.01,2,377,-2,-644,877,-3188
alpha 0.01,2,378,-2,-646,878,-3190
alpha 0.01,2,379,-2,-648,879,-3192
alpha 0.01,2,380,-2,-650,880,-3194
alpha 0.01,2,381,-2,-652,881,-3196
alpha 0.01,2,382,-2,-654,882,-3198
alpha 0.01,2,383,-2,-656,883,-3200
alpha 0.01,2,384,-2,-658,884,-3202
alpha 0.01,2,385,-2,-660,885,-3204
alpha 0.01,2,386,-2,-662,886,-3206
alpha 0.01,2,387,-2,-664,887,-3208
alpha 0.01,2,388,-2,-666,888,-3210
alpha 0.01,2,389,-2,-668,889,-3212
alpha 0.01,2,390,-2,-670,890,-3214
alpha 0.01,2,391,-2,-672,891,-3216
alpha 0.01,2,392,-2,-674,892,-3218
alpha 0.01,2,393,-2,-676,893,-3220
alpha 0.01,2,394,-2,-678,894,-3222
alpha 0.01,2,395,-2,-680,895,-3224
alpha 0.01,2,396,-2,-682,896,-3226
alpha 0.01,2,397,-2,-684,897,-3228
alpha 0.01,2,398,-2,-686,898,-3230
alpha 0.01,2,399,-2,-688,899,-3232
alpha 0.01,2,400,-2,-690,900,-3234
alpha 0.01,2,401,-2,-692,901,-3236
alpha 0.01,2,402,-2,-694,902,-3238
alpha 0.01,2,403,-2,-696,903,-3240
alpha 0.01,2,404,-2,-698,904,-3242
alpha 0.01,2,405,-2,-700,905,-3244
alpha 0.01,2,406,-2,-702,906,-3246
alpha 0.01,2,407,-2,-704,907,-3248
alpha 0.01,2,408,-2,-706,908,-3250
alpha 0.01,2,409,-2,-708,909,-3252
alpha 0.01,2,410,-2,-710,910,-3254
alpha 0.01,2,411,-2,-712,911,-3256
alpha 0.01,2,412,-2,-714,912,-3258
alpha 0.01,2,413,-2,-716,913,-3260
alpha 0.01,2,414,-3,-719,914,-3263
alpha 0.01,2,415,-3,-722,915,-3266
alpha 0.01,2,416,-2,-724,916,-3268
alpha 0.01,2,417,-2,-726,917,-3270
alpha 0.01,2,418,-2,-728,918,-3272
alpha 0.01,2,419,-2,-730,919,-3274
alpha 0.01,2,420,-2,-732,920,-3276
alpha 0.01,2,421,-2,-734,921,-3278
alpha 0.01,2,422,-2,-736,922,-3280
alpha 0.01,2,423,-2,-738,923,-3282
alpha 0.01,2,424,-2,-740,924,-3284
alpha 0.01,2,425,-2,-742,925,-3286
alpha 0.01,2,426,-2,-744,926,-3288
alpha 0.01,2,427,-2,-746,927,-3290
alpha 0.01,2,428,-2,-748,928,-3292
alpha 0.01,2,429,-2,-750,929,-3294
alpha 0.01,2,430,-2,-752,930,-3296
alpha 0.01,2,431,-2,-754,931,-3298
alpha 0.01,2,432,-2,-756,932,-3300
alpha 0.01,2,433,-2,-758,933,-3302
alpha 0.01,2,434,-2,-760,934,-3304
alpha 0.01,2,435,-2,-762,935,-3306
alpha 0.01,2,436,-2,-764,936,-3308
alpha 0.01,2,437,-2,-766,937,-3310
alpha 0.01,2,438,-2,-768,938,-3312
alpha 0.01,2,439,-2,-770,939,-3314
alpha 0.01,2,440,-2,-772,940,-3316
alpha 0.01,2,441,-2,-774,941,-3318
alpha 0.01,2,442,-2,-776,942,-3320
alpha 0.01,2,443,-2,-778,943,-3322
alpha 0.01,2,444,-2,-780,944,-3324
alpha 0.01,2,445,-2,-782,945,-3326
alpha 0.01,2,446,-2,-784,946,-3328
alpha 0.01,2,447,-2,-786,947,-3330
alpha 0.01,2,448,-2,-788,948,-3332
alpha 0.01,2,449,-2,-790,949,-3334
alpha 0.01,2,450,-2,-792,950,-3336
alpha 0.01,2,451,-3,-795,951,-3339
alpha 0.01,2,452,-2,-797,952,-3341
alpha 0.01,2,453,-2,-799,953,-3343
alpha 0.01,2,454,-2,-801,954,-3345
alpha 0.01,2,455,-2,-803,955,-3347
alpha 0.01,2,456,-2,-805,956,-3349
alpha 0.01,2,457,-2,-807,957,-3351
alpha 0.01,2,458,-2,-809,958,-3353
alpha 0.01,2,459,-2,-811,959,-3355
alpha 0.01,2,460,-2,-813,960,-3357
alpha 0.01,2,461,-2,-815,961,-3359
alpha 0.01,2,462,-2,-817,962,-3361
alpha 0.01,2,463,-3,-820,963,-3364
alpha 0.01,2,464,-3,-823,964,-3367
alpha 0.01,2,465,-3,-826,965,-3370
alpha 0.01,2,466,-3,-829,966,-3373
alpha 0.01,2,467,-3,-832,967,-3376
alpha 0.01,2,468,-3,-835,968,-3379
alpha 0.01,2,469,-3,-838,969,-3382
alpha 0.01,2,470,-3,-841,970,-3385
alpha 0.01,2,471,-3,-844,971,-3388
alpha 0.01,2,472,-3,-847,972,-3391
alpha 0.01,2,473,-3,-850,973,-3394
alpha 0.01,2,474,-3,-853,974,-3397
alpha 0.01,2,475,-3,-856,975,-3400
alpha 0.01,2,476,-3,-859,976,-3403
alpha 0.01,2,477,-3,-862,977,-3406
alpha 0.01,2,478,-3,-865,978,-3409
alpha 0.01,2,479,-3,-868,979,-3412
alpha 0.01,2,480,-3,-871,980,-3415
alpha 0.01,2,481,-3,-874,981,-3418
alpha 0.01,2,482,-3,-877,982,-3421
alpha 0.01,2,483,-3,-880,983,-3424
alpha 0.01,2,484,-3,-883,984,-3427
alpha 0.01,2,485,-3,-886,985,-3430
alpha 0.01,2,486,-3,-889,986,-3433
alpha 0.01,2,487,-3,-892,987,-3436
alpha 0.01,2,488,-3,-895,988,-3439
alpha 0.01,2,489,-4,-899,989,-3443
alpha 0.01,2,490,-4,-903,990,-3447
alpha 0.01,2,491,-4,-907,991,-3451
alpha 0.01,2,492,-4,-911,992,-3455
alpha 0.01,2,493,-4,-915,993,-3459
alpha 0.01,2,494,-4,-919,994,-3463
alpha 0.01,2,495,-4,-923,995,-3467
alpha 0.01,2,496,-4,-927,996,-3471
alpha 0.01,2,497,-4,-931,997,-3475
alpha 0.01,2,498,-4,-935,998,-3479
alpha 0.01,2,499,-4,-939,999,-3483
alpha 0.01,2,500,-4,-943,1000,-3487
alpha 0.01,3,1,4,4,1001,-3483
alpha 0.01,3,2,2,6,1002,-3481
alpha 0.01,3,3,1,7,1003,-3480
alpha 0.01,3,4,-1,6,1004,-3481
alpha 0.01,3,5,-1,5,1005,-3482
alpha 0.01,3,6,-1,4,1006,-3483
alpha 0.01,3,7,-1,3,1007,-3484
alpha 0.01,3,8,-1,2,1008,-3485
alpha 0.01,3,9,-2,0,1009,-3487
alpha 0.01,3,10,-2,-2,1010,-3489
alpha 0.01,3,11,-2,-4,1011,-3491
alpha 0.01,3,12,-1,-5,1012,-3492
alpha 0.01,3,13,-1,-6,1013,-3493
alpha 0.01,3,14,-2,-8,1014,-3495
alpha 0.01,3,15,-2,-10,1015,-3497
alpha 0.01,3,16,-2,-12,1016,-3499
alpha 0.01,3,17,-2,-14,1017,-3501
alpha 0.01,3,18,-3,-17,1018,-3504
alpha 0.01,3,19,-3,-20,1019,-3507
alpha 0.01,3,20,-3,-23,1020,-3510
alpha 0.01,3,21,-3,-26,1021,-3513
alpha 0.01,3,22,-4,-30,1022,-3517
alpha 0.01,3,23,-4,-34,1023,-3521
alpha 0.01,3,24,-4,-38,1024,-3525
alpha 0.01,3,25,-4,-42,1025,-3529
alpha 0.01,3,26,-4,-46,1026,-3533
alpha 0.01,3,27,-4,-50,1027,-3537
alpha 0.01,3,28,-4,-54,1028,-3541
alpha 0.01,3,29,-4,-58,1029,-3545
alpha 0.01,3,30,-4,-62,1030,-3549
alpha 0.01,3,31,-4,-66,1031,-3553
alpha 0.01,3,32,-4,-70,1032,-3557
alpha 0.01,3,33,-3,-73,1033,-3560
alpha 0.01,3,34,-3,-76,1034,-3563
alpha 0.01,3,35,-3,-79,1035,-3566
alpha 0.01,3,36,-3,-82,1036,-3569
alpha 0.01,3,37,-3,-85,1037,-3572
alpha 0.01,3,38,-3,-88,1038,-3575
alpha 0.01,3,39,-3,-91,1039,-3578
alpha 0.01,3,40,-3,-94,1040,-3581
alpha 0.01,3,41,-3,-97,1041,-3584
alpha 0.01,3,42,-3,-100,1042,-3587
alpha 0.01,3,43,-4,-104,1043,-3591
alpha 0.01,3,44,-4,-108,1044,-3595
alpha 0.01,3,45,-4,-112,1045,-3599
alpha 0.01,3,46,-4,-116,1046,-3603
alpha 0.01,3,47,-4,-120,1047,-3607
alpha 0.01,3,48,-4,-124,1048,-3611
alpha 0.01,3,49,-4,-128,1049,-3615
alpha 0.01,3,50,-4,-132,1050,-3619
alpha 0.01,3,51,-4,-136,1051,-3623
alpha 0.01,3,52,-4,-140,1052,-3627
alpha 0.01,3,53,-4,-144,1053,-3631
alpha 0.01,3,54,-4,-148,1054,-3635
alpha 0.01,3,55,-3,-151,1055,-3638
alpha 0.01,3,56,-4,-155,1056,-3642
alpha 0.01,3,57,-4,-159,1057,-3646
alpha 0.01,3,58,-4,-163,1058,-3650
alpha 0.01,3,59,-4,-167,1059,-3654
alpha 0.01,3,60,-4,-171,1060,-3658
alpha 0.01,3,61,-3,-174,1061,-3661
alpha 0.01,3,62,-3,-177,1062,-3664
alpha 0.01,3,63,-3,-180,1063,-3667
alpha 0.01,3,64,-3,-183,1064,-3670
alpha 0.01,3,65,-3,-186,1065,-3673
alpha 0.01,3,66,-3,-189,1066,-3676
alpha 0.01,3,67,-3,-192,1067,-3679
alpha 0.01,3,68,-3,-195,1068,-3682
alpha 0.01,3,69,-3,-198,1069,-3685
alpha 0.01,3,70,-3,-201,1070,-3688
alpha 0.01,3,71,-3,-204,1071,-3691
alpha 0.01,3,72,-3,-207,1072,-3694
alpha 0.01,3,73,-3,-210,1073,-3697
alpha 0.01,3,74,-2,-212,1074,-3699
alpha 0.01,3,75,-2,-214,1075,-3701
alpha 0.01,3,76,-2,-216,1076,-3703
alpha 0.01,3,77,-2,-218,1077,-3705
alpha 0.01,3,78,-2,-220,1078,-3707
alpha 0.01,3,79,-2,-222,1079,-3709
alpha 0.01,3,80,-2,-224,1080,-3711
alpha 0.01,3,81,-2,-226,1081,-3713
alpha 0.01,3,82,-2,-228,1082,-3715
alpha 0.01,3,83,-2,-230,1083,-3717
alpha 0.01,3,84,-2,-232,1084,-3719
alpha 0.01,3,85,-2,-234,1085,-3721
alpha 0.01,3,86,-2,-236,1086,-3723
alpha 0.01,3,87,-2,-238,1087,-3725
alpha 0.01,3,88,-2,-240,1088,-3727
alpha 0.01,3,89,-2,-242,1089,-3729
alpha 0.01,3,90,-2,-244,1090,-3731
alpha 0.01,3,91,-2,-246,1091,-3733
alpha 0.01,3,92,-2,-248,1092,-3735
alpha 0.01,3,93,-2,-250,1093,-3737
alpha 0.01,3,94,-2,-252,1094,-3739
alpha 0.01,3,95,-2,-254,1095,-3741
alpha 0.01,3,96,-2,-256,1096,-3743
alpha 0.01,3,97,-2,-258,1097,-3745
alpha 0.01,3,98,-2,-260,1098,-3747
alpha 0.01,3,99,-2,-262,1099,-3749
alpha 0.01,3,100,-2,-264,1100,-3751
alpha 0.01,3,101,-2,-266,1101,-3753
alpha 0.01,3,102,-2,-268,1102,-3755
alpha 0.01,3,103,-2,-270,1103,-3757
alpha 0.01,3,104,-2,-272,1104,-3759
alpha 0.01,3,105,-2,-274,1105,-3761
alpha 0.01,3,106,-2,-276,1106,-3763
alpha 0.01,3,107,-2,-278,1107,-3765
alpha 0.01,3,108,-2,-280,1108,-3767
alpha 0.01,3,109,-2,-282,1109,-3769
alpha 0.01,3,110,-2,-284,1110,-3771
alpha 0.01,3,111,-2,-286,1111,-3773
alpha 0.01,3,112,-2,-288,1112,-3775
alpha 0.01,3,113,-2,-290,1113,-3777
alpha 0.01,3,114,-2,-292,1114,-3779
alpha 0.01,3,115,-2,-294,1115,-3781
alpha 0.01,3,116,-2,-296,1116,-3783
alpha 0.01,3,117,-2,-298,1117,-3785
alpha 0.01,3,118,-2,-300,1118,-3787
alpha 0.01,3,119,-2,-302,1119,-3789
alpha 0.01,3,120,-2,-304,1120,-3791
alpha 0.01,3,121,-2,-306,1121,-3793
alpha 0.01,3,122,-2,-308,1122,-3795
alpha 0.01,3,123,-2,-310,1123,-3797
alpha 0.01,3,124,-2,-312,1124,-3799
alpha 0.01,3,125,-2,-314,1125,-3801
alpha 0.01,3,126,-2,-316,1126,-3803
alpha 0.01,3,127,-2,-318,1127,-3805
alpha 0.01,3,128,-2,-320,1128,-3807
alpha 0.01,3,129,-2,-322,1129,-3809
alpha 0.01,3,130,-2,-324,1130,-3811
alpha 0.01,3,131,-2,-326,1131,-3813
alpha 0.01,3,132,-2,-328,1132,-3815
alpha 0.01,3,133,-2,-330,1133,-3817
alpha 0.01,3,134,-2,-332,1134,-3819
alpha 0.01,3,135,-2,-334,1135,-3821
alpha 0.01,3,136,-2,-336,1136,-3823
alpha 0.01,3,137,-2,-338,1137,-3825
alpha 0.01,3,138,-2,-340,1138,-3827
alpha 0.01,3,139,-2,-342,1139,-3829
alpha 0.01,3,140,-2,-344,1140,-3831
alpha 0.01,3,141,-2,-346,1141,-3833
alpha 0.01,3,142,-2,-348,1142,-3835
alpha 0.01,3,143,-2,-350,1143,-3837
alpha 0.01,3,144,-2,-352,1144,-3839
alpha 0.01,3,145,-2,-354,1145,-3841
alpha 0.01,3,146,-2,-356,1146,-3843
alpha 0.01,3,147,-2,-358,1147,-3845
alpha 0.01,3,148,-2,-360,1148,-3847
alpha 0.01,3,149,-2,-362,1149,-3849
alpha 0.01,3,150,-2,-364,1150,-3851
alpha 0.01,3,151,-2,-366,1151,-3853
alpha 0.01,3,152,-2,-368,1152,-3855
alpha 0.01,3,153,-2,-370,1153,-3857
alpha 0.01,3,154,-2,-372,1154,-3859
alpha 0.01,3,155,-2,-374,1155,-3861
alpha 0.01,3,156,-2,-376,1156,-3863
alpha 0.01,3,157,-2,-378,1157,-3865
alpha 0.01,3,158,-2,-380,1158,-3867
alpha 0.01,3,159,-2,-382,1159,-3869
alpha 0.01,3,160,-2,-384,1160,-3871
alpha 0.01,3,161,-2,-386,1161,-3873
alpha 0.01,3,162,-2,-388,1162,-3875
alpha 0.01,3,163,-2,-390,1163,-3877
alpha 0.01,3,164,-2,-392,1164,-3879
alpha 0.01,3,165,-2,-394,1165,-3881
alpha 0.01,3,166,-2,-396,1166,-3883
alpha 0.01,3,167,-2,-398,1167,-3885
alpha 0.01,3,168,-2,-400,1168,-3887
alpha 0.01,3,169,-2,-402,1169,-3889
alpha 0.01,3,170,-2,-404,1170,-3891
alpha 0.01,3,171,-2,-406,1171,-3893
alpha 0.01,3,172,-2,-408,1172,-3895
alpha 0.01,3,173,-2,-410,1173,-3897
alpha 0.01,3,174,-2,-412,1174,-3899
alpha 0.01,3,175,-2,-414,1175,-3901
alpha 0.01,3,176,-2,-416,1176,-3903
alpha 0.01,3,177,-2,-418,1177,-3905
alpha 0.01,3,178,-2,-420,1178,-3907
alpha 0.01,3,179,-2,-422,1179,-3909
alpha 0.01,3,180,-2,-424,1180,-3911
alpha 0.01,3,181,-2,-426,1181,-3913
alpha 0.01,3,182,-2,-428,1182,-3915
alpha 0.01,3,183,-2,-430,1183,-3917
alpha 0.01,3,184,-2,-432,1184,-3919
alpha 0.01,3,185,-2,-434,1185,-3921
alpha 0.01,3,186,-2,-436,1186,-3923
alpha 0.01,3,187,-2,-438,1187,-3925
alpha 0.01,3,188,-2,-440,1188,-3927
alpha 0.01,3,189,-2,-442,1189,-3929
alpha 0.01,3,190,-2,-444,1190,-3931
alpha 0.01,3,191,-2,-446,1191,-3933
alpha 0.01,3,192,-2,-448,1192,-3935
alpha 0.01,3,193,-2,-450,1193,-3937
alpha 0.01,3,194,-2,-452,1194,-3939
alpha 0.01,3,195,-2,-454,1195,-3941
alpha 0.01,3,196,-2,-456,1196,-3943
alpha 0.01,3,197,-2,-458,1197,-3945
alpha 0.01,3,198,-2,-460,1198,-3947
alpha 0.01,3,199,-2,-462,1199,-3949
alpha 0.01,3,200,-2,-464,1200,-3951
alpha 0.01,3,201,-2,-466,1201,-3953
alpha 0.01,3,202,-2,-468,1202,-3955
alpha 0.01,3,203,-2,-470,1203,-3957
alpha 0.01,3,204,-2,-472,1204,-3959
alpha 0.01,3,205,-2,-474,1205,-3961
alpha 0.01,3,206,-2,-476,1206,-3963
alpha 0.01,3,207,-2,-478,1207,-3965
alpha 0.01,3,208,-2,-480,1208,-3967
alpha 0.01,3,209,-2,-482,1209,-3969
alpha 0.01,3,210,-2,-484,1210,-3971
alpha 0.01,3,211,-3,-487,1211,-3974
alpha 0.01,3,212,-3,-490,1212,-3977
alpha 0.01,3,213,-3,-493,1213,-3980
alpha 0.01,3,214,-2,-495,1214,-3982
alpha 0.01,3,215,-2,-497,1215,-3984
alpha 0.01,3,216,-2,-499,1216,-3986
alpha 0.01,3,217,-2,-501,1217,-3988
alpha 0.01,3,218,-2,-503,1218,-3990
alpha 0.01,3,219,-3,-506,1219,-3993
alpha 0.01,3,220,-3,-509,1220,-3996
alpha 0.01,3,221,-3,-512,1221,-3999
alpha 0.01,3,222,-2,-514,1222,-4001
alpha 0.01,3,223,-1,-515,1223,-4002
alpha 0.01,3,224,-1,-516,1224,-4003
alpha 0.01,3,225,-2,-518,1225,-4005
alpha 0.01,3,226,-2,-520,1226,-4007
alpha 0.01,3,227,-3,-523,1227,-4010
alpha 0.01,3,228,-3,-526,1228,-4013
alpha 0.01,3,229,-3,-529,1229,-4016
alpha 0.01,3,230,-3,-532,1230,-4019
alpha 0.01,3,231,-2,-534,1231,-4021
alpha 0.01,3,232,-2,-536,1232,-4023
alpha 0.01,3,233,-2,-538,1233,-4025
alpha 0.01,3,234,-2,-540,1234,-4027
alpha 0.01,3,235,-2,-542,1235,-4029
alpha 0.01,3,236,-2,-544,1236,-4031
alpha 0.01,3,237,-3,-547,1237,-4034
alpha 0.01,3,238,-3,-550,1238,-4037
alpha 0.01,3,239,-3,-553,1239,-4040
alpha 0.01,3,240,-3,-556,1240,-4043
alpha 0.01,3,241,-3,-559,1241,-4046
alpha 0.01,3,242,-3,-562,1242,-4049
alpha 0.01,3,243,-3,-565,1243,-4052
alpha 0.01,3,244,-3,-568,1244,-4055
alpha 0.01,3,245,-4,-572,1245,-4059
alpha 0.01,3,246,-4,-576,1246,-4063
alpha 0.01,3,247,-4,-580,1247,-4067
alpha 0.01,3,248,-4,-584,1248,-4071
alpha 0.01,3,249,-4,-588,1249,-4075
alpha 0.01,3,250,-4,-592,1250,-4079
alpha 0.01,3,251,-4,-596,1251,-4083
alpha 0.01,3,252,-4,-600,1252,-4087
alpha 0.01,3,253,-4,-604,1253,-4091
alpha 0.01,3,254,-4,-608,1254,-4095
alpha 0.01,3,255,-4,-612,1255,-4099
alpha 0.01,3,256,-4,-616,1256,-4103
alpha 0.01,3,257,-4,-620,1257,-4107
alpha 0.01,3,258,-4,-624,1258,-4111
alpha 0.01,3,259,-4,-628,1259,-4115
alpha 0.01,3,260,-4,-632,1260,-4119
alpha 0.01,3,261,-5,-637,1261,-4124
alpha 0.01,3,262,-5,-642,1262,-4129
alpha 0.01,3,263,-5,-647,1263,-4134
alpha 0.01,3,264,-5,-652,1264,-4139
alpha 0.01,3,265,-5,-657,1265,-4144
alpha 0.01,3,266,-5,-662,1266,-4149
alpha 0.01,3,267,-5,-667,1267,-4154
alpha 0.01,3,268,-5,-672,1268,-4159
alpha 0.01,3,269,-5,-677,1269,-4164
alpha 0.01,3,270,-5,-682,1270,-4169
alpha 0.01,3,271,-5,-687,1271,-4174
alpha 0.01,3,272,-5,-692,1272,-4179
alpha 0.01,3,273,-5,-697,1273,-4184
alpha 0.01,3,274,-5,-702,1274,-4189
alpha 0.01,3,275,-5,-707,1275,-4194
alpha 0.01,3,276,-5,-712,1276,-4199
alpha 0.01,3,277,-5,-717,1277,-4204
alpha 0.01,3,278,-4,-721,1278,-4208
alpha 0.01,3,279,-4,-725,1279,-4212
alpha 0.01,3,280,-4,-729,1280,-4216
alpha 0.01,3,281,-4,-733,1281,-4220
alpha 0.01,3,282,-4,-737,1282,-4224
alpha 0.01,3,283,-4,-741,1283,-4228
alpha 0.01,3,284,-4,-745,1284,-4232
alpha 0.01,3,285,-4,-749,1285,-4236
alpha 0.01,3,286,-4,-753,1286,-4240
alpha 0.01,3,287,-5,-758,1287,-4245
alpha 0.01,3,288,-5,-763,1288,-4250
alpha 0.01,3,289,-6,-769,1289,-4256
alpha 0.01,3,290,-6,-775,1290,-4262
alpha 0.01,3,291,-6,-781,1291,-4268
alpha 0.01,3,292,-4,-785,1292,-4272
alpha 0.01,3,293,-5,-790,1293,-4277
alpha 0.01,3,294,-5,-795,1294,-4282
alpha 0.01,3,295,-5,-800,1295,-4287
alpha 0.01,3,296,-5,-805,1296,-4292
alpha 0.01,3,297,-5,-810,1297,-4297
alpha 0.01,3,298,-5,-815,1298,-4302
alpha 0.01,3,299,-4,-819,1299,-4306
alpha 0.01,3,300,-4,-823,1300,-4310
alpha 0.01,3,301,-4,-827,1301,-4314
alpha 0.01,3,302,-4,-831,1302,-4318
alpha 0.01,3,303,-4,-835,1303,-4322
alpha 0.01,3,304,-4,-839,1304,-4326
alpha 0.01,3,305,-4,-843,1305,-4330
alpha 0.01,3,306,-4,-847,1306,-4334
alpha 0.01,3,307,-4,-851,1307,-4338
alpha 0.01,3,308,-4,-855,1308,-4342
alpha 0.01,3,309,-4,-859,1309,-4346
alpha 0.01,3,310,-3,-862,1310,-4349
alpha 0.01,3,311,-3,-865,1311,-4352
alpha 0.01,3,312,-3,-868,1312,-4355
alpha 0.01,3,313,-3,-871,1313,-4358
alpha 0.01,3,314,-3,-874,1314,-4361
alpha 0.01,3,315,-3,-877,1315,-4364
alpha 0.01,3,316,-3,-880,1316,-4367
alpha 0.01,3,317,-3,-883,1317,-4370
alpha 0.01,3,318,-3,-886,1318,-4373
alpha 0.01,3,319,-3,-889,1319,-4376
alpha 0.01,3,320,-3,-892,1320,-4379
alpha 0.01,3,321,-3,-895,1321,-4382
alpha 0.01,3,322,-3,-898,1322,-4385
alpha 0.01,3,323,-3,-901,1323,-4388
alpha 0.01,3,324,-3,-904,1324,-4391
alpha 0.01,3,325,-3,-907,1325,-4394
alpha 0.01,3,326,-3,-910,1326,-4397
alpha 0.01,3,327,-3,-913,1327,-4400
alpha 0.01,3,328,-3,-916,1328,-4403
alpha 0.01,3,329,-3,-919,1329,-4406
alpha 0.01,3,330,-3,-922,1330,-4409
alpha 0.01,3,331,-3,-925,1331,-4412
alpha 0.01,3,332,-3,-928,1332,-4415
alpha 0.01,3,333,-3,-931,1333,-4418
alpha 0.01,3,334,-3,-934,1334,-4421
alpha 0.01,3,335,-3,-937,1335,-4424
alpha 0.01,3,336,-2,-939,1336,-4426
alpha 0.01,3,337,-2,-941,1337,-4428
alpha 0.01,3,338,-3,-944,1338,-4431
alpha 0.01,3,339,-3,-947,1339,-4434
alpha 0.01,3,340,-5,-952,1340,-4439
alpha 0.01,3,341,-5,-957,1341,-4444
alpha 0.01,3,342,-5,-962,1342,-4449
alpha 0.01,3,343,-5,-967,1343,-4454
alpha 0.01,3,344,-5,-972,1344,-4459
alpha 0.01,3,345,-3,-975,1345,-4462
alpha 0.01,3,346,-3,-978,1346,-4465
alpha 0.01,3,347,-3,-981,1347,-4468
alpha 0.01,3,348,-3,-984,1348,-4471
alpha 0.01,3,349,-3,-987,1349,-4474
alpha 0.01,3,350,-3,-990,1350,-4477
alpha 0.01,3,351,-3,-993,1351,-4480
alpha 0.01,3,352,-3,-996,1352,-4483
alpha 0.01,3,353,-3,-999,1353,-4486
alpha 0.01,3,354,-3,-1002,1354,-4489
alpha 0.01,3,355,-4,-1006,1355,-4493
alpha 0.01,3,356,-4,-1010,1356,-4497
alpha 0.01,3,357,-3,-1013,1357,-4500
alpha 0.01,3,358,-3,-1016,1358,-4503
alpha 0.01,3,359,-3,-1019,1359,-4506
alpha 0.01,3,360,-3,-1022,1360,-4509
alpha 0.01,3,361,-4,-1026,1361,-4513
alpha 0.01,3,362,-4,-1030,1362,-4517
alpha 0.01,3,363,-4,-1034,1363,-4521
alpha 0.01,3,364,-4,-1038,1364,-4525
alpha 0.01,3,365,-4,-1042,1365,-4529
alpha 0.01,3,366,-4,-1046,1366,-4533
alpha 0.01,3,367,-4,-1050,1367,-4537
alpha 0.01,3,368,-4,-1054,1368,-4541
alpha 0.01,3,369,-4,-1058,1369,-4545
alpha 0.01,3,370,-5,-1063,1370,-4550
alpha 0.01,3,371,-5,-1068,1371,-4555
alpha 0.01,3,372,-7,-1075,1372,-4562
alpha 0.01,3,373,-7,-1082,1373,-4569
alpha 0.01,3,374,-7,-1089,1374,-4576
alpha 0.01,3,375,-7,-1096,1375,-4583
alpha 0.01,3,376,-7,-1103,1376,-4590
alpha 0.01,3,377,-5,-1108,1377,-4595
alpha 0.01,3,378,-5,-1113,1378,-4600
alpha 0.01,3,379,-5,-1118,1379,-4605
alpha 0.01,3,380,-5,-1123,1380,-4610
alpha 0.01,3,381,-5,-1128,1381,-4615
alpha 0.01,3,382,-5,-1133,1382,-4620
alpha 0.01,3,383,-5,-1138,1383,-4625
alpha 0.01,3,384,-5,-1143,1384,-4630
alpha 0.01,3,385,-5,-1148,1385,-4635
alpha 0.01,3,386,-5,-1153,1386,-4640
alpha 0.01,3,387,-5,-1158,1387,-4645
alpha 0.01,3,388,-5,-1163,1388,-4650
alpha 0.01,3,389,-5,-1168,1389,-4655
alpha 0.01,3,390,-5,-1173,1390,-4660
alpha 0.01,3,391,-5,-1178,1391,-4665
alpha 0.01,3,392,-5,-1183,1392,-4670
alpha 0.01,3,393,-5,-1188,1393,-4675
alpha 0.01,3,394,-4,-1192,1394,-4679
alpha 0.01,3,395,-4,-1196,1395,-4683
alpha 0.01,3,396,-4,-1200,1396,-4687
alpha 0.01,3,397,-4,-1204,1397,-4691
alpha 0.01,3,398,-4,-1208,1398,-4695
alpha 0.01,3,399,-4,-1212,1399,-4699
alpha 0.01,3,400,-4,-1216,1400,-4703
alpha 0.01,3,401,-4,-1220,1401,-4707
alpha 0.01,3,402,-4,-1224,1402,-4711
alpha 0.01,3,403,-4,-1228,1403,-4715
alpha 0.01,3,404,-5,-1233,1404,-4720
alpha 0.01,3,405,-5,-1238,1405,-4725
alpha 0.01,3,406,-4,-1242,1406,-4729
alpha 0.01,3,407,-4,-1246,1407,-4733
alpha 0.01,3,408,-4,-1250,1408,-4737
alpha 0.01,3,409,-4,-1254,1409,-4741
alpha 0.01,3,410,-4,-1258,1410,-4745
alpha 0.01,3,411,-3,-1261,1411,-4748
alpha 0.01,3,412,-3,-1264,1412,-4751
alpha 0.01,3,413,-3,-1267,1413,-4754
alpha 0.01,3,414,-3,-1270,1414,-4757
alpha 0.01,3,415,-5,-1275,1415,-4762
alpha 0.01,3,416,-5,-1280,1416,-4767
alpha 0.01,3,417,-5,-1285,1417,-4772
alpha 0.01,3,418,-3,-1288,1418,-4775
alpha 0.01,3,419,-3,-1291,1419,-4778
alpha 0.01,3,420,-3,-1294,1420,-4781
alpha 0.01,3,421,-3,-1297,1421,-4784
alpha 0.01,3,422,-3,-1300,1422,-4787
alpha 0.01,3,423,-3,-1303,1423,-4790
alpha 0.01,3,424,-3,-1306,1424,-4793
alpha 0.01,3,425,-3,-1309,1425,-4796
alpha 0.01,3,426,-3,-1312,1426,-4799
alpha 0.01,3,427,-3,-1315,1427,-4802
alpha 0.01,3,428,-3,-1318,1428,-4805
alpha 0.01,3,429,-3,-1321,1429,-4808
alpha 0.01,3,430,-3,-1324,1430,-4811
alpha 0.01,3,431,-3,-1327,1431,-4814
alpha 0.01,3,432,-3,-1330,1432,-4817
alpha 0.01,3,433,-2,-1332,1433,-4819
alpha 0.01,3,434,-2,-1334,1434,-4821
alpha 0.01,3,435,-3,-1337,1435,-4824
alpha 0.01,3,436,-3,-1340,1436,-4827
alpha 0.01,3,437,-3,-1343,1437,-4830
alpha 0.01,3,438,-3,-1346,1438,-4833
alpha 0.01,3,439,-3,-1349,1439,-4836
alpha 0.01,3,440,-2,-1351,1440,-4838
alpha 0.01,3,441,-3,-1354,1441,-4841
alpha 0.01,3,442,-3,-1357,1442,-4844
alpha 0.01,3,443,-5,-1362,1443,-4849
alpha 0.01,3,444,-5,-1367,1444,-4854
alpha 0.01,3,445,-5,-1372,1445,-4859
alpha 0.01,3,446,-3,-1375,1446,-4862
alpha 0.01,3,447,-3,-1378,1447,-4865
alpha 0.01,3,448,-3,-1381,1448,-4868
alpha 0.01,3,449,-3,-1384,1449,-4871
alpha 0.01,3,450,-3,-1387,1450,-4874
alpha 0.01,3,451,-3,-1390,1451,-4877
alpha 0.01,3,452,-3,-1393,1452,-4880
alpha 0.01,3,453,-3,-1396,1453,-4883
alpha 0.01,3,454,-3,-1399,1454,-4886
alpha 0.01,3,455,-6,-1405,1455,-4892
alpha 0.01,3,456,-6,-1411,1456,-4898
alpha 0.01,3,457,-5,-1416,1457,-4903
alpha 0.01,3,458,-5,-1421,1458,-4908
alpha 0.01,3,459,-3,-1424,1459,-4911
alpha 0.01,3,460,-3,-1427,1460,-4914
alpha 0.01,3,461,-4,-1431,1461,-4918
alpha 0.01,3,462,-6,-1437,1462,-4924
alpha 0.01,3,463,-6,-1443,1463,-4930
alpha 0.01,3,464,-6,-1449,1464,-4936
alpha 0.01,3,465,-5,-1454,1465,-4941
alpha 0.01,3,466,-5,-1459,1466,-4946
alpha 0.01,3,467,-6,-1465,1467,-4952
alpha 0.01,3,468,-6,-1471,1468,-4958
alpha 0.01,3,469,-6,-1477,1469,-4964
alpha 0.01,3,470,-6,-1483,1470,-4970
alpha 0.01,3,471,-6,-1489,1471,-4976
alpha 0.01,3,472,-6,-1495,1472,-4982
alpha 0.01,3,473,-6,-1501,1473,-4988
alpha 0.01,3,474,-6,-1507,1474,-4994
alpha 0.01,3,475,-6,-1513,1475,-5000
alpha 0.01,3,476,-6,-1519,1476,-5006
alpha 0.01,3,477,-6,-1525,1477,-5012
alpha 0.01,3,478,-4,-1529,1478,-5016
alpha 0.01,3,479,-4,-1533,1479,-5020
alpha 0.01,3,480,-4,-1537,1480,-5024
alpha 0.01,3,481,-4,-1541,1481,-5028
alpha 0.01,3,482,-4,-1545,1482,-5032
alpha 0.01,3,483,-4,-1549,1483,-5036
alpha 0.01,3,484,-6,-1555,1484,-5042
alpha 0.01,3,485,-6,-1561,1485,-5048
alpha 0.01,3,486,-6,-1567,1486,-5054
alpha 0.01,3,487,-6,-1573,1487,-5060
alpha 0.01,3,488,-6,-1579,1488,-5066
alpha 0.01,3,489,-6,-1585,1489,-5072
alpha 0.01,3,490,-7,-1592,1490,-5079
alpha 0.01,3,491,-7,-1599,1491,-5086
alpha 0.01,3,492,-7,-1606,1492,-5093
alpha 0.01,3,493,-7,-1613,1493,-5100
alpha 0.01,3,494,-7,-1620,1494,-5107
alpha 0.01,3,495,-6,-1626,1495,-5113
alpha 0.01,3,496,-6,-1632,1496,-5119
alpha 0.01,3,497,-6,-1638,1497,-5125
alpha 0.01,3,498,-6,-1644,1498,-5131
alpha 0.01,3,499,-6,-1650,1499,-5137
alpha 0.01,3,500,-6,-1656,1500,-5143
alpha 0.01,4,1,4,4,1501,-5139
alpha 0.01,4,2,4,8,1502,-5135
alpha 0.01,4,3,2,10,1503,-5133
alpha 0.01,4,4,1,11,1504,-5132
alpha 0.01,4,5,-1,10,1505,-5133
alpha 0.01,4,6,-2,8,1506,-5135
alpha 0.01,4,7,-3,5,1507,-5138
alpha 0.01,4,8,-1,4,1508,-5139
alpha 0.01,4,9,2,6,1509,-5137
alpha 0.01,4,10,2,8,1510,-5135
alpha 0.01,4,11,-2,6,1511,-5137
alpha 0.01,4,12,-7,-1,1512,-5144
alpha 0.01,4,13,-7,-8,1513,-5151
alpha 0.01,4,14,-6,-14,1514,-5157
alpha 0.01,4,15,-5,-19,1515,-5162
alpha 0.01,4,16,-5,-24,1516,-5167
alpha 0.01,4,17,-5,-29,1517,-5172
alpha 0.01,4,18,-5,-34,1518,-5177
alpha 0.01,4,19,-5,-39,1519,-5182
alpha 0.01,4,20,-5,-44,1520,-5187
alpha 0.01,4,21,-5,-49,1521,-5192
alpha 0.01,4,22,-5,-54,1522,-5197
alpha 0.01,4,23,-5,-59,1523,-5202
alpha 0.01,4,24,-5,-64,1524,-5207
alpha 0.01,4,25,-5,-69,1525,-5212
alpha 0.01,4,26,-5,-74,1526,-5217
alpha 0.01,4,27,-3,-77,1527,-5220
alpha 0.01,4,28,-3,-80,1528,-5223
alpha 0.01,4,29,-5,-85,1529,-5228
alpha 0.01,4,30,-5,-90,1530,-5233
alpha 0.01,4,31,-5,-95,1531,-5238
alpha 0.01,4,32,-5,-100,1532,-5243
alpha 0.01,4,33,-5,-105,1533,-5248
alpha 0.01,4,34,-5,-110,1534,-5253
alpha 0.01,4,35,-5,-115,1535,-5258
alpha 0.01,4,36,-5,-120,1536,-5263
alpha 0.01,4,37,-5,-125,1537,-5268
alpha 0.01,4,38,-5,-130,1538,-5273
alpha 0.01,4,39,-5,-135,1539,-5278
alpha 0.01,4,40,-5,-140,1540,-5283
alpha 0.01,4,41,-5,-145,1541,-5288
alpha 0.01,4,42,-5,-150,1542,-5293
alpha 0.01,4,43,-5,-155,1543,-5298
alpha 0.01,4,44,-5,-160,1544,-5303
alpha 0.01,4,45,-5,-165,1545,-5308
alpha 0.01,4,46,-5,-170,1546,-5313
alpha 0.01,4,47,-5,-175,1547,-5318
alpha 0.01,4,48,-5,-180,1548,-5323
alpha 0.01,4,49,-5,-185,1549,-5328
alpha 0.01,4,50,-5,-190,1550,-5333
alpha 0.01,4,51,-5,-195,1551,-5338
alpha 0.01,4,52,-5,-200,1552,-5343
alpha 0.01,4,53,-5,-205,1553,-5348
alpha 0.01,4,54,-5,-210,1554,-5353
alpha 0.01,4,55,-5,-215,1555,-5358
alpha 0.01,4,56,-5,-220,1556,-5363
alpha 0.01,4,57,-5,-225,1557,-5368
alpha 0.01,4,58,-5,-230,1558,-5373
alpha 0.01,4,59,-5,-235,1559,-5378
alpha 0.01,4,60,-5,-240,1560,-5383
alpha 0.01,4,61,-5,-245,1561,-5388
alpha 0.01,4,62,-5,-250,1562,-5393
alpha 0.01,4,63,-5,-255,1563,-5398
alpha 0.01,4,64,-5,-260,1564,-5403
alpha 0.01,4,65,-5,-265,1565,-5408
alpha 0.01,4,66,-5,-270,1566,-5413
alpha 0.01,4,67,-5,-275,1567,-5418
alpha 0.01,4,68,-5,-280,1568,-5423
alpha 0.01,4,69,-5,-285,1569,-5428
alpha 0.01,4,70,-5,-290,1570,-5433
alpha 0.01,4,71,-5,-295,1571,-5438
alpha 0.01,4,72,-5,-300,1572,-5443
alpha 0.01,4,73,-5,-305,1573,-5448
alpha 0.01,4,74,-3,-308,1574,-5451
alpha 0.01,4,75,-3,-311,1575,-5454
alpha 0.01,4,76,-3,-314,1576,-5457
alpha 0.01,4,77,-3,-317,1577,-5460
alpha 0.01,4,78,-3,-320,1578,-5463
alpha 0.01,4,79,-3,-323,1579,-5466
alpha 0.01,4,80,-2,-325,1580,-5468
alpha 0.01,4,81,-2,-327,1581,-5470
alpha 0.01,4,82,-2,-329,1582,-5472
alpha 0.01,4,83,-2,-331,1583,-5474
alpha 0.01,4,84,-2,-333,1584,-5476
alpha 0.01,4,85,-2,-335,1585,-5478
alpha 0.01,4,86,-2,-337,1586,-5480
alpha 0.01,4,87,-2,-339,1587,-5482
alpha 0.01,4,88,-3,-342,1588,-5485
alpha 0.01,4,89,-3,-345,1589,-5488
alpha 0.01,4,90,-3,-348,1590,-5491
alpha 0.01,4,91,-3,-351,1591,-5494
alpha 0.01,4,92,-3,-354,1592,-5497
alpha 0.01,4,93,-3,-357,1593,-5500
alpha 0.01,4,94,-3,-360,1594,-5503
alpha 0.01,4,95,-3,-363,1595,-5506
alpha 0.01,4,96,-3,-366,1596,-5509
alpha 0.01,4,97,-3,-369,1597,-5512
alpha 0.01,4,98,-3,-372,1598,-5515
alpha 0.01,4,99,-2,-374,1599,-5517
alpha 0.01,4,100,-2,-376,1600,-5519
alpha 0.01,4,101,-2,-378,1601,-5521
alpha 0.01,4,102,-2,-380,1602,-5523
alpha 0.01,4,103,-2,-382,1603,-5525
alpha 0.01,4,104,-2,-384,1604,-5527
alpha 0.01,4,105,-2,-386,1605,-5529
alpha 0.01,4,106,-2,-388,1606,-5531
alpha 0.01,4,107,-2,-390,1607,-5533
alpha 0.01,4,108,-2,-392,1608,-5535
alpha 0.01,4,109,-2,-394,1609,-5537
alpha 0.01,4,110,-2,-396,1610,-5539
alpha 0.01,4,111,-2,-398,1611,-5541
alpha 0.01,4,112,-2,-400,1612,-5543
alpha 0.01,4,113,-2,-402,1613,-5545
alpha 0.01,4,114,-3,-405,1614,-5548
alpha 0.01,4,115,-3,-408,1615,-5551
alpha 0.01,4,116,-3,-411,1616,-5554
alpha 0.01,4,117,-3,-414,1617,-5557
alpha 0.01,4,118,-3,-417,1618,-5560
alpha 0.01,4,119,-3,-420,1619,-5563
alpha 0.01,4,120,-3,-423,1620,-5566
alpha 0.01,4,121,-3,-426,1621,-5569
alpha 0.01,4,122,-3,-429,1622,-5572
alpha 0.01,4,123,-3,-432,1623,-5575
alpha 0.01,4,124,-4,-436,1624,-5579
alpha 0.01,4,125,-4,-440,1625,-5583
alpha 0.01,4,126,-6,-446,1626,-5589
alpha 0.01,4,127,-6,-452,1627,-5595
alpha 0.01,4,128,-7,-459,1628,-5602
alpha 0.01,4,129,-7,-466,1629,-5609
alpha 0.01,4,130,-5,-471,1630,-5614
alpha 0.01,4,131,-5,-476,1631,-5619
alpha 0.01,4,132,-5,-481,1632,-5624
alpha 0.01,4,133,-5,-486,1633,-5629
alpha 0.01,4,134,-5,-491,1634,-5634
alpha 0.01,4,135,-5,-496,1635,-5639
alpha 0.01,4,136,-5,-501,1636,-5644
alpha 0.01,4,137,-5,-506,1637,-5649
alpha 0.01,4,138,-7,-513,1638,-5656
alpha 0.01,4,139,-7,-520,1639,-5663
alpha 0.01,4,140,-7,-527,1640,-5670
alpha 0.01,4,141,-7,-534,1641,-5677
alpha 0.01,4,142,-7,-541,1642,-5684
alpha 0.01,4,143,-7,-548,1643,-5691
alpha 0.01,4,144,-7,-555,1644,-5698
alpha 0.01,4,145,-5,-560,1645,-5703
alpha 0.01,4,146,-7,-567,1646,-5710
alpha 0.01,4,147,-7,-574,1647,-5717
alpha 0.01,4,148,-7,-581,1648,-5724
alpha 0.01,4,149,-7,-588,1649,-5731
alpha 0.01,4,150,-7,-595,1650,-5738
alpha 0.01,4,151,-7,-602,1651,-5745
alpha 0.01,4,152,-7,-609,1652,-5752
alpha 0.01,4,153,-7,-616,1653,-5759
alpha 0.01,4,154,-7,-623,1654,-5766
alpha 0.01,4,155,-7,-630,1655,-5773
alpha 0.01,4,156,-7,-637,1656,-5780
alpha 0.01,4,157,-7,-644,1657,-5787
alpha 0.01,4,158,-7,-651,1658,-5794
alpha 0.01,4,159,-7,-658,1659,-5801
alpha 0.01,4,160,-7,-665,1660,-5808
alpha 0.01,4,161,-7,-672,1661,-5815
alpha 0.01,4,162,-7,-679,1662,-5822
alpha 0.01,4,163,-7,-686,1663,-5829
alpha 0.01,4,164,-7,-693,1664,-5836
alpha 0.01,4,165,-7,-700,1665,-5843
alpha 0.01,4,166,-7,-707,1666,-5850
alpha 0.01,4,167,-7,-714,1667,-5857
alpha 0.01,4,168,-7,-721,1668,-5864
alpha 0.01,4,169,-7,-728,1669,-5871
alpha 0.01,4,170,-7,-735,1670,-5878
alpha 0.01,4,171,-7,-742,1671,-5885
alpha 0.01,4,172,-7,-749,1672,-5892
alpha 0.01,4,173,-7,-756,1673,-5899
alpha 0.01,4,174,-7,-763,1674,-5906
alpha 0.01,4,175,-7,-770,1675,-5913
alpha 0.01,4,176,-7,-777,1676,-5920
alpha 0.01,4,177,-7,-784,1677,-5927
alpha 0.01,4,178,-7,-791,1678,-5934
alpha 0.01,4,179,-7,-798,1679,-5941
alpha 0.01,4,180,-6,-804,1680,-5947
alpha 0.01,4,181,-7,-811,1681,-5954
alpha 0.01,4,182,-7,-818,1682,-5961
alpha 0.01,4,183,-7,-825,1683,-5968
alpha 0.01,4,184,-7,-832,1684,-5975
alpha 0.01,4,185,-6,-838,1685,-5981
alpha 0.01,4,186,-6,-844,1686,-5987
alpha 0.01,4,187,-6,-850,1687,-5993
alpha 0.01,4,188,-6,-856,1688,-5999
alpha 0.01,4,189,-6,-862,1689,-6005
alpha 0.01,4,190,-6,-868,1690,-6011
alpha 0.01,4,191,-6,-874,1691,-6017
alpha 0.01,4,192,-6,-880,1692,-6023
alpha 0.01,4,193,-6,-886,1693,-6029
alpha 0.01,4,194,-6,-892,1694,-6035
alpha 0.01,4,195,-6,-898,1695,-6041
alpha 0.01,4,196,-5,-903,1696,-6046
alpha 0.01,4,197,-5,-908,1697,-6051
alpha 0.01,4,198,-5,-913,1698,-6056
alpha 0.01,4,199,-5,-918,1699,-6061
alpha 0.01,4,200,-5,-923,1700,-6066
alpha 0.01,4,201,-5,-928,1701,-6071
alpha 0.01,4,202,-5,-933,1702,-6076
alpha 0.01,4,203,-5,-938,1703,-6081
alpha 0.01,4,204,-5,-943,1704,-6086
alpha 0.01,4,205,-5,-948,1705,-6091
alpha 0.01,4,206,-5,-953,1706,-6096
alpha 0.01,4,207,-5,-958,1707,-6101
alpha 0.01,4,208,-5,-963,1708,-6106
alpha 0.01,4,209,-5,-968,1709,-6111
alpha 0.01,4,210,-5,-973,1710,-6116
alpha 0.01,4,211,-5,-978,1711,-6121
alpha 0.01,4,212,-5,-983,1712,-6126
alpha 0.01,4,213,-5,-988,1713,-6131
alpha 0.01,4,214,-5,-993,1714,-6136
alpha 0.01,4,215,-5,-998,1715,-6141
alpha 0.01,4,216,-5,-1003,1716,-6146
alpha 0.01,4,217,-5,-1008,1717,-6151
alpha 0.01,4,218,-5,-1013,1718,-6156
alpha 0.01,4,219,-5,-1018,1719,-6161
alpha 0.01,4,220,-5,-1023,1720,-6166
alpha 0.01,4,221,-5,-1028,1721,-6171
alpha 0.01,4,222,-5,-1033,1722,-6176
alpha 0.01,4,223,-5,-1038,1723,-6181
alpha 0.01,4,224,-5,-1043,1724,-6186
alpha 0.01,4,225,-5,-1048,1725,-6191
alpha 0.01,4,226,-5,-1053,1726,-6196
alpha 0.01,4,227,-5,-1058,1727,-6201
alpha 0.01,4,228,-5,-1063,1728,-6206
alpha 0.01,4,229,-5,-1068,1729,-6211
alpha 0.01,4,230,-5,-1073,1730,-6216
alpha 0.01,4,231,-5,-1078,1731,-6221
alpha 0.01,4,232,-5,-1083,1732,-6226
alpha 0.01,4,233,-5,-1088,1733,-6231
alpha 0.01,4,234,-5,-1093,1734,-6236
alpha 0.01,4,235,-5,-1098,1735,-6241
alpha 0.01,4,236,-5,-1103,1736,-6246
alpha 0.01,4,237,-5,-1108,1737,-6251
alpha 0.01,4,238,-5,-1113,1738,-6256
alpha 0.01,4,239,-5,-1118,1739,-6261
alpha 0.01,4,240,-5,-1123,1740,-6266
alpha 0.01,4,241,-5,-1128,1741,-6271
alpha 0.01,4,242,-5,-1133,1742,-6276
alpha 0.01,4,243,-5,-1138,1743,-6281
alpha 0.01,4,244,-5,-1143,1744,-6286
alpha 0.01,4,245,-5,-1148,1745,-6291
alpha 0.01,4,246,-5,-1153,1746,-6296
alpha 0.01,4,247,-5,-1158,1747,-6301
alpha 0.01,4,248,-5,-1163,1748,-6306
alpha 0.01,4,249,-5,-1168,1749,-6311
alpha 0.01,4,250,-5,-1173,1750,-6316
alpha 0.01,4,251,-6,-1179,1751,-6322
alpha 0.01,4,252,-6,-1185,1752,-6328
alpha 0.01,4,253,-6,-1191,1753,-6334
alpha 0.01,4,254,-6,-1197,1754,-6340
alpha 0.01,4,255,-6,-1203,1755,-6346
alpha 0.01,4,256,-6,-1209,1756,-6352
alpha 0.01,4,257,-6,-1215,1757,-6358
alpha 0.01,4,258,-6,-1221,1758,-6364
alpha 0.01,4,259,-6,-1227,1759,-6370
alpha 0.01,4,260,-6,-1233,1760,-6376
alpha 0.01,4,261,-6,-1239,1761,-6382
alpha 0.01,4,262,-6,-1245,1762,-6388
alpha 0.01,4,263,-6,-1251,1763,-6394
alpha 0.01,4,264,-6,-1257,1764,-6400
alpha 0.01,4,265,-6,-1263,1765,-6406
alpha 0.01,4,266,-6,-1269,1766,-6412
alpha 0.01,4,267,-6,-1275,1767,-6418
alpha 0.01,4,268,-6,-1281,1768,-6424
alpha 0.01,4,269,-6,-1287,1769,-6430
alpha 0.01,4,270,-6,-1293,1770,-6436
alpha 0.01,4,271,-6,-1299,1771,-6442
alpha 0.01,4,272,-6,-1305,1772,-6448
alpha 0.01,4,273,-6,-1311,1773,-6454
alpha 0.01,4,274,-6,-1317,1774,-6460
alpha 0.01,4,275,-6,-1323,1775,-6466
alpha 0.01,4,276,-6,-1329,1776,-6472
alpha 0.01,4,277,-6,-1335,1777,-6478
alpha 0.01,4,278,-6,-1341,1778,-6484
alpha 0.01,4,279,-6,-1347,1779,-6490
alpha 0.01,4,280,-6,-1353,1780,-6496
alpha 0.01,4,281,-6,-1359,1781,-6502
alpha 0.01,4,282,-6,-1365,1782,-6508
alpha 0.01,4,283,-6,-1371,1783,-6514
alpha 0.01,4,284,-6,-1377,1784,-6520
alpha 0.01,4,285,-6,-1383,1785,-6526
alpha 0.01,4,286,-6,-1389,1786,-6532
alpha 0.01,4,287,-6,-1395,1787,-6538
alpha 0.01,4,288,-6,-1401,1788,-6544
alpha 0.01,4,289,-6,-1407,1789,-6550
alpha 0.01,4,290,-5,-1412,1790,-6555
alpha 0.01,4,291,-3,-1415,1791,-6558
alpha 0.01,4,292,-3,-1418,1792,-6561
alpha 0.01,4,293,-3,-1421,1793,-6564
alpha 0.01,4,294,-3,-1424,1794,-6567
alpha 0.01,4,295,-3,-1427,1795,-6570
alpha 0.01,4,296,-3,-1430,1796,-6573
alpha 0.01,4,297,-3,-1433,1797,-6576
alpha 0.01,4,298,-3,-1436,1798,-6579
alpha 0.01,4,299,-3,-1439,1799,-6582
alpha 0.01,4,300,-3,-1442,1800,-6585
alpha 0.01,4,301,-3,-1445,1801,-6588
alpha 0.01,4,302,-3,-1448,1802,-6591
alpha 0.01,4,303,-3,-1451,1803,-6594
alpha 0.01,4,304,-3,-1454,1804,-6597
alpha 0.01,4,305,-3,-1457,1805,-6600
alpha 0.01,4,306,-3,-1460,1806,-6603
alpha 0.01,4,307,-3,-1463,1807,-6606
alpha 0.01,4,308,-3,-1466,1808,-6609
alpha 0.01,4,309,-3,-1469,1809,-6612
alpha 0.01,4,310,-3,-1472,1810,-6615
alpha 0.01,4,311,-5,-1477,1811,-6620
alpha 0.01,4,312,-3,-1480,1812,-6623
alpha 0.01,4,313,-3,-1483,1813,-6626
alpha 0.01,4,314,-3,-1486,1814,-6629
alpha 0.01,4,315,-3,-1489,1815,-6632
alpha 0.01,4,316,-2,-1491,1816,-6634
alpha 0.01,4,317,-2,-1493,1817,-6636
alpha 0.01,4,318,-2,-1495,1818,-6638
alpha 0.01,4,319,-2,-1497,1819,-6640
alpha 0.01,4,320,-2,-1499,1820,-6642
alpha 0.01,4,321,-2,-1501,1821,-6644
alpha 0.01,4,322,-2,-1503,1822,-6646
alpha 0.01,4,323,-2,-1505,1823,-6648
alpha 0.01,4,324,-2,-1507,1824,-6650
alpha 0.01,4,325,-2,-1509,1825,-6652
alpha 0.01,4,326,-2,-1511,1826,-6654
alpha 0.01,4,327,-2,-1513,1827,-6656
alpha 0.01,4,328,-2,-1515,1828,-6658
alpha 0.01,4,329,-2,-1517,1829,-6660
alpha 0.01,4,330,-2,-1519,1830,-6662
alpha 0.01,4,331,-2,-1521,1831,-6664
alpha 0.01,4,332,-2,-1523,1832,-6666
alpha 0.01,4,333,-2,-1525,1833,-6668
alpha 0.01,4,334,-2,-1527,1834,-6670
alpha 0.01,4,335,-2,-1529,1835,-6672
alpha 0.01,4,336,-2,-1531,1836,-6674
alpha 0.01,4,337,-3,-1534,1837,-6677
alpha 0.01,4,338,-3,-1537,1838,-6680
alpha 0.01,4,339,-3,-1540,1839,-6683
alpha 0.01,4,340,-3,-1543,1840,-6686
alpha 0.01,4,341,-3,-1546,1841,-6689
alpha 0.01,4,342,-3,-1549,1842,-6692
alpha 0.01,4,343,-3,-1552,1843,-6695
alpha 0.01,4,344,-3,-1555,1844,-6698
alpha 0.01,4,345,-3,-1558,1845,-6701
alpha 0.01,4,346,-3,-1561,1846,-6704
alpha 0.01,4,347,-3,-1564,1847,-6707
alpha 0.01,4,348,-3,-1567,1848,-6710
alpha 0.01,4,349,-3,-1570,1849,-6713
alpha 0.01,4,350,-3,-1573,1850,-6716
alpha 0.01,4,351,-3,-1576,1851,-6719
alpha 0.01,4,352,-3,-1579,1852,-6722
alpha 0.01,4,353,-4,-1583,1853,-6726
alpha 0.01,4,354,-5,-1588,1854,-6731
alpha 0.01,4,355,-5,-1593,1855,-6736
alpha 0.01,4,356,-5,-1598,1856,-6741
alpha 0.01,4,357,-5,-1603,1857,-6746
alpha 0.01,4,358,-5,-1608,1858,-6751
alpha 0.01,4,359,-5,-1613,1859,-6756
alpha 0.01,4,360,-5,-1618,1860,-6761
alpha 0.01,4,361,-4,-1622,1861,-6765
alpha 0.01,4,362,-4,-1626,1862,-6769
alpha 0.01,4,363,-4,-1630,1863,-6773
alpha 0.01,4,364,-4,-1634,1864,-6777
alpha 0.01,4,365,-4,-1638,1865,-6781
alpha 0.01,4,366,-4,-1642,1866,-6785
alpha 0.01,4,367,-4,-1646,1867,-6789
alpha 0.01,4,368,-4,-1650,1868,-6793
alpha 0.01,4,369,-4,-1654,1869,-6797
alpha 0.01,4,370,-4,-1658,1870,-6801
alpha 0.01,4,371,-4,-1662,1871,-6805
alpha 0.01,4,372,-4,-1666,1872,-6809
alpha 0.01,4,373,-4,-1670,1873,-6813
alpha 0.01,4,374,-4,-1674,1874,-6817
alpha 0.01,4,375,-4,-1678,1875,-6821
alpha 0.01,4,376,-4,-1682,1876,-6825
alpha 0.01,4,377,-4,-1686,1877,-6829
alpha 0.01,4,378,-4,-1690,1878,-6833
alpha 0.01,4,379,-4,-1694,1879,-6837
alpha 0.01,4,380,-4,-1698,1880,-6841
alpha 0.01,4,381,-4,-1702,1881,-6845
alpha 0.01,4,382,-4,-1706,1882,-6849
alpha 0.01,4,383,-4,-1710,1883,-6853
alpha 0.01,4,384,-4,-1714,1884,-6857
alpha 0.01,4,385,-4,-1718,1885,-6861
alpha 0.01,4,386,-4,-1722,1886,-6865
alpha 0.01,4,387,-4,-1726,1887,-6869
alpha 0.01,4,388,-4,-1730,1888,-6873
alpha 0.01,4,389,-4,-1734,1889,-6877
alpha 0.01,4,390,-5,-1739,1890,-6882
alpha 0.01,4,391,-5,-1744,1891,-6887
alpha 0.01,4,392,-5,-1749,1892,-6892
alpha 0.01,4,393,-5,-1754,1893,-6897
alpha 0.01,4,394,-5,-1759,1894,-6902
alpha 0.01,4,395,-5,-1764,1895,-6907
alpha 0.01,4,396,-5,-1769,1896,-6912
alpha 0.01,4,397,-5,-1774,1897,-6917
alpha 0.01,4,398,-5,-1779,1898,-6922
alpha 0.01,4,399,-5,-1784,1899,-6927
alpha 0.01,4,400,-5,-1789,1900,-6932
alpha 0.01,4,401,-5,-1794,1901,-6937
alpha 0.01,4,402,-5,-1799,1902,-6942
alpha 0.01,4,403,-5,-1804,1903,-6947
alpha 0.01,4,404,-5,-1809,1904,-6952
alpha 0.01,4,405,-5,-1814,1905,-6957
alpha 0.01,4,406,-5,-1819,1906,-6962
alpha 0.01,4,407,-6,-1825,1907,-6968
alpha 0.01,4,408,-6,-1831,1908,-6974
alpha 0.01,4,409,-6,-1837,1909,-6980
alpha 0.01,4,410,-6,-1843,1910,-6986
alpha 0.01,4,411,-6,-1849,1911,-6992
alpha 0.01,4,412,-6,-1855,1912,-6998
alpha 0.01,4,413,-6,-1861,1913,-7004
alpha 0.01,4,414,-6,-1867,1914,-7010
alpha 0.01,4,415,-6,-1873,1915,-7016
alpha 0.01,4,416,-6,-1879,1916,-7022
alpha 0.01,4,417,-6,-1885,1917,-7028
alpha 0.01,4,418,-6,-1891,1918,-7034
alpha 0.01,4,419,-8,-1899,1919,-7042
alpha 0.01,4,420,-7,-1906,1920,-7049
alpha 0.01,4,421,-7,-1913,1921,-7056
alpha 0.01,4,422,-7,-1920,1922,-7063
alpha 0.01,4,423,-7,-1927,1923,-7070
alpha 0.01,4,424,-7,-1934,1924,-7077
alpha 0.01,4,425,-7,-1941,1925,-7084
alpha 0.01,4,426,-7,-1948,1926,-7091
alpha 0.01,4,427,-7,-1955,1927,-7098
alpha 0.01,4,428,-7,-1962,1928,-7105
alpha 0.01,4,429,-7,-1969,1929,-7112
alpha 0.01,4,430,-7,-1976,1930,-7119
alpha 0.01,4,431,-7,-1983,1931,-7126
alpha 0.01,4,432,-7,-1990,1932,-7133
alpha 0.01,4,433,-7,-1997,1933,-7140
alpha 0.01,4,434,-7,-2004,1934,-7147
alpha 0.01,4,435,-7,-2011,1935,-7154
alpha 0.01,4,436,-7,-2018,1936,-7161
alpha 0.01,4,437,-7,-2025,1937,-7168
alpha 0.01,4,438,-7,-2032,1938,-7175
alpha 0.01,4,439,-7,-2039,1939,-7182
alpha 0.01,4,440,-7,-2046,1940,-7189
alpha 0.01,4,441,-7,-2053,1941,-7196
alpha 0.01,4,442,-7,-2060,1942,-7203
alpha 0.01,4,443,-7,-2067,1943,-7210
alpha 0.01,4,444,-7,-2074,1944,-7217
alpha 0.01,4,445,-6,-2080,1945,-7223
alpha 0.01,4,446,-6,-2086,1946,-7229
alpha 0.01,4,447,-6,-2092,1947,-7235
alpha 0.01,4,448,-6,-2098,1948,-7241
alpha 0.01,4,449,-6,-2104,1949,-7247
alpha 0.01,4,450,-3,-2107,1950,-7250
alpha 0.01,4,451,-3,-2110,1951,-7253
alpha 0.01,4,452,-3,-2113,1952,-7256
alpha 0.01,4,453,-3,-2116,1953,-7259
alpha 0.01,4,454,-5,-2121,1954,-7264
alpha 0.01,4,455,-5,-2126,1955,-7269
alpha 0.01,4,456,-5,-2131,1956,-7274
alpha 0.01,4,457,-5,-2136,1957,-7279
alpha 0.01,4,458,-5,-2141,1958,-7284
alpha 0.01,4,459,-5,-2146,1959,-7289
alpha 0.01,4,460,-5,-2151,1960,-7294
alpha 0.01,4,461,-5,-2156,1961,-7299
alpha 0.01,4,462,-5,-2161,1962,-7304
alpha 0.01,4,463,-5,-2166,1963,-7309
alpha 0.01,4,464,-5,-2171,1964,-7314
alpha 0.01,4,465,-3,-2174,1965,-7317
alpha 0.01,4,466,-3,-2177,1966,-7320
alpha 0.01,4,467,-5,-2182,1967,-7325
alpha 0.01,4,468,-5,-2187,1968,-7330
alpha 0.01,4,469,-5,-2192,1969,-7335
alpha 0.01,4,470,-5,-2197,1970,-7340
alpha 0.01,4,471,-5,-2202,1971,-7345
alpha 0.01,4,472,-5,-2207,1972,-7350
alpha 0.01,4,473,-5,-2212,1973,-7355
alpha 0.01,4,474,-5,-2217,1974,-7360
alpha 0.01,4,475,-5,-2222,1975,-7365
alpha 0.01,4,476,-6,-2228,1976,-7371
alpha 0.01,4,477,-6,-2234,1977,-7377
alpha 0.01,4,478,-6,-2240,1978,-7383
alpha 0.01,4,479,-6,-2246,1979,-7389
alpha 0.01,4,480,-6,-2252,1980,-7395
alpha 0.01,4,481,-6,-2258,1981,-7401
alpha 0.01,4,482,-6,-2264,1982,-7407
alpha 0.01,4,483,-6,-2270,1983,-7413
alpha 0.01,4,484,-7,-2277,1984,-7420
alpha 0.01,4,485,-7,-2284,1985,-7427
alpha 0.01,4,486,-7,-2291,1986,-7434
alpha 0.01,4,487,-7,-2298,1987,-7441
alpha 0.01,4,488,-7,-2305,1988,-7448
alpha 0.01,4,489,-5,-2310,1989,-7453
alpha 0.01,4,490,-5,-2315,1990,-7458
alpha 0.01,4,491,-5,-2320,1991,-7463
alpha 0.01,4,492,-5,-2325,1992,-7468
alpha 0.01,4,493,-5,-2330,1993,-7473
alpha 0.01,4,494,-5,-2335,1994,-7478
alpha 0.01,4,495,-5,-2340,1995,-7483
alpha 0.01,4,496,-5,-2345,1996,-7488
alpha 0.01,4,497,-5,-2350,1997,-7493
alpha 0.01,4,498,-5,-2355,1998,-7498
alpha 0.01,4,499,-5,-2360,1999,-7503
alpha 0.01,4,500,-5,-2365,2000,-7508
alpha 0.01,1,1,4,4,1,4
alpha 0.01,1,2,4,8,2,8
alpha 0.01,1,3,4,12,3,12
alpha 0.01,1,4,2,14,4,14
alpha 0.01,1,5,2,16,5,16
alpha 0.01,1,6,1,17,6,17
alpha 0.01,1,7,1,18,7,18
alpha 0.01,1,8,-1,17,8,17
alpha 0.01,1,9,-2,15,9,15
alpha 0.01,1,10,-2,13,10,13
alpha 0.01,1,11,-2,11,11,11
alpha 0.01,1,12,-3,8,12,8
alpha 0.01,1,13,-5,3,13,3
alpha 0.01,1,14,-5,-2,14,-2
alpha 0.01,1,15,-5,-7,15,-7
alpha 0.01,1,16,-5,-12,16,-12
alpha 0.01,1,17,-5,-17,17,-17
alpha 0.01,1,18,-5,-22,18,-22
alpha 0.01,1,19,-10,-32,19,-32
alpha 0.01,1,20,-10,-42,20,-42
alpha 0.01,1,21,-10,-52,21,-52
alpha 0.01,1,22,-10,-62,22,-62
alpha 0.01,1,23,-10,-72,23,-72
alpha 0.01,1,24,-10,-82,24,-82
alpha 0.01,1,25,-10,-92,25,-92
alpha 0.01,1,26,-10,-102,26,-102
alpha 0.01,1,27,-10,-112,27,-112
alpha 0.01,1,28,-10,-122,28,-122
alpha 0.01,1,29,-10,-132,29,-132
alpha 0.01,1,30,-10,-142,30,-142
alpha 0.01,1,31,-10,-152,31,-152
alpha 0.01,1,32,-10,-162,32,-162
alpha 0.01,1,33,-7,-169,33,-169
alpha 0.01,1,34,-7,-176,34,-176
alpha 0.01,1,35,-8,-184,35,-184
alpha 0.01,1,36,-10,-194,36,-194
alpha 0.01,1,37,-10,-204,37,-204
alpha 0.01,1,38,-10,-214,38,-214
alpha 0.01,1,39,-8,-222,39,-222
alpha 0.01,1,40,-7,-229,40,-229
alpha 0.01,1,41,-6,-235,41,-235
alpha 0.01,1,42,-6,-241,42,-241
alpha 0.01,1,43,-5,-246,43,-246
alpha 0.01,1,44,-5,-251,44,-251
alpha 0.01,1,45,-5,-256,45,-256
alpha 0.01,1,46,-5,-261,46,-261
alpha 0.01,1,47,-5,-266,47,-266
alpha 0.01,1,48,-5,-271,48,-271
alpha 0.01,1,49,-5,-276,49,-276
alpha 0.01,1,50,-5,-281,50,-281
alpha 0.01,1,51,-5,-286,51,-286
alpha 0.01,1,52,-5,-291,52,-291
alpha 0.01,1,53,-5,-296,53,-296
alpha 0.01,1,54,-5,-301,54,-301
alpha 0.01,1,55,-5,-306,55,-306
alpha 0.01,1,56,-5,-311,56,-311
alpha 0.01,1,57,-5,-316,57,-316
alpha 0.01,1,58,-5,-321,58,-321
alpha 0.01,1,59,-5,-326,59,-326
alpha 0.01,1,60,-5,-331,60,-331
alpha 0.01,1,61,-5,-336,61,-336
alpha 0.01,1,62,-5,-341,62,-341
alpha 0.01,1,63,-5,-346,63,-346
alpha 0.01,1,64,-5,-351,64,-351
alpha 0.01,1,65,-5,-356,65,-356
alpha 0.01,1,66,-5,-361,66,-361
alpha 0.01,1,67,-5,-366,67,-366
alpha 0.01,1,68,-5,-371,68,-371
alpha 0.01,1,69,-5,-376,69,-376
alpha 0.01,1,70,-5,-381,70,-381
alpha 0.01,1,71,-5,-386,71,-386
alpha 0.01,1,72,-5,-391,72,-391
alpha 0.01,1,73,-5,-396,73,-396
alpha 0.01,1,74,-5,-401,74,-401
alpha 0.01,1,75,-5,-406,75,-406
alpha 0.01,1,76,-5,-411,76,-411
alpha 0.01,1,77,-3,-414,77,-414
alpha 0.01,1,78,-3,-417,78,-417
alpha 0.01,1,79,-3,-420,79,-420
alpha 0.01,1,80,-3,-423,80,-423
alpha 0.01,1,81,-3,-426,81,-426
alpha 0.01,1,82,-2,-428,82,-428
alpha 0.01,1,83,-3,-431,83,-431
alpha 0.01,1,84,-4,-435,84,-435
alpha 0.01,1,85,-4,-439,85,-439
alpha 0.01,1,86,-4,-443,86,-443
alpha 0.01,1,87,-4,-447,87,-447
alpha 0.01,1,88,-4,-451,88,-451
alpha 0.01,1,89,-3,-454,89,-454
alpha 0.01,1,90,-3,-457,90,-457
alpha 0.01,1,91,-3,-460,91,-460
alpha 0.01,1,92,-3,-463,92,-463
alpha 0.01,1,93,-3,-466,93,-466
alpha 0.01,1,94,-3,-469,94,-469
alpha 0.01,1,95,-3,-472,95,-472
alpha 0.01,1,96,-2,-474,96,-474
alpha 0.01,1,97,1,-473,97,-473
alpha 0.01,1,98,1,-472,98,-472
alpha 0.01,1,99,-1,-473,99,-473
alpha 0.01,1,100,-1,-474,100,-474
alpha 0.01,1,101,1,-473,101,-473
alpha 0.01,1,102,-2,-475,102,-475
alpha 0.01,1,103,-2,-477,103,-477
alpha 0.01,1,104,1,-476,104,-476
alpha 0.01,1,105,1,-475,105,-475
alpha 0.01,1,106,1,-474,106,-474
alpha 0.01,1,107,-1,-475,107,-475
alpha 0.01,1,108,-2,-477,108,-477
alpha 0.01,1,109,-2,-479,109,-479
alpha 0.01,1,110,-2,-481,110,-481
alpha 0.01,1,111,-2,-483,111,-483
alpha 0.01,1,112,-2,-485,112,-485
alpha 0.01,1,113,-2,-487,113,-487
alpha 0.01,1,114,-2,-489,114,-489
alpha 0.01,1,115,-2,-491,115,-491
alpha 0.01,1,116,-2,-493,116,-493
alpha 0.01,1,117,-2,-495,117,-495
alpha 0.01,1,118,-2,-497,118,-497
alpha 0.01,1,119,-2,-499,119,-499
alpha 0.01,1,120,-2,-501,120,-501
alpha 0.01,1,121,-2,-503,121,-503
alpha 0.01,1,122,-2,-505,122,-505
alpha 0.01,1,123,-2,-507,123,-507
alpha 0.01,1,124,-2,-509,124,-509
alpha 0.01,1,125,-2,-511,125,-511
alpha 0.01,1,126,-2,-513,126,-513
alpha 0.01,1,127,-2,-515,127,-515
alpha 0.01,1,128,-2,-517,128,-517
alpha 0.01,1,129,-2,-519,129,-519
alpha 0.01,1,130,-3,-522,130,-522
alpha 0.01,1,131,-3,-525,131,-525
alpha 0.01,1,132,-3,-528,132,-528
alpha 0.01,1,133,-3,-531,133,-531
alpha 0.01,1,134,-3,-534,134,-534
alpha 0.01,1,135,-3,-537,135,-537
alpha 0.01,1,136,-3,-540,136,-540
alpha 0.01,1,137,-4,-544,137,-544
alpha 0.01,1,138,-4,-548,138,-548
alpha 0.01,1,139,-4,-552,139,-552
alpha 0.01,1,140,-4,-556,140,-556
alpha 0.01,1,141,-4,-560,141,-560
alpha 0.01,1,142,-4,-564,142,-564
alpha 0.01,1,143,-4,-568,143,-568
alpha 0.01,1,144,-4,-572,144,-572
alpha 0.01,1,145,-5,-577,145,-577
alpha 0.01,1,146,-5,-582,146,-582
alpha 0.01,1,147,-5,-587,147,-587
alpha 0.01,1,148,-5,-592,148,-592
alpha 0.01,1,149,-5,-597,149,-597
alpha 0.01,1,150,-4,-601,150,-601
alpha 0.01,1,151,-4,-605,151,-605
alpha 0.01,1,152,-4,-609,152,-609
alpha 0.01,1,153,-4,-613,153,-613
alpha 0.01,1,154,-4,-617,154,-617
alpha 0.01,1,155,-4,-621,155,-621
alpha 0.01,1,156,-4,-625,156,-625
alpha 0.01,1,157,-4,-629,157,-629
alpha 0.01,1,158,-4,-633,158,-633
alpha 0.01,1,159,-4,-637,159,-637
alpha 0.01,1,160,-4,-641,160,-641
alpha 0.01,1,161,-4,-645,161,-645
alpha 0.01,1,162,-4,-649,162,-649
alpha 0.01,1,163,-5,-654,163,-654
alpha 0.01,1,164,-5,-659,164,-659
alpha 0.01,1,165,-6,-665,165,-665
alpha 0.01,1,166,-6,-671,166,-671
alpha 0.01,1,167,-6,-677,167,-677
alpha 0.01,1,168,-6,-683,168,-683
alpha 0.01,1,169,-6,-689,169,-689
alpha 0.01,1,170,-6,-695,170,-695
alpha 0.01,1,171,-6,-701,171,-701
alpha 0.01,1,172,-6,-707,172,-707
alpha 0.01,1,173,-6,-713,173,-713
alpha 0.01,1,174,-6,-719,174,-719
alpha 0.01,1,175,-6,-725,175,-725
alpha 0.01,1,176,-6,-731,176,-731
alpha 0.01,1,177,-6,-737,177,-737
alpha 0.01,1,178,-6,-743,178,-743
alpha 0.01,1,179,-6,-749,179,-749
alpha 0.01,1,180,-6,-755,180,-755
alpha 0.01,1,181,-6,-761,181,-761
alpha 0.01,1,182,-6,-767,182,-767
alpha 0.01,1,183,-6,-773,183,-773
alpha 0.01,1,184,-6,-779,184,-779
alpha 0.01,1,185,-6,-785,185,-785
alpha 0.01,1,186,-6,-791,186,-791
alpha 0.01,1,187,-8,-799,187,-799
alpha 0.01,1,188,-8,-807,188,-807
alpha 0.01,1,189,-6,-813,189,-813
alpha 0.01,1,190,-8,-821,190,-821
alpha 0.01,1,191,-8,-829,191,-829
alpha 0.01,1,192,-8,-837,192,-837
alpha 0.01,1,193,-8,-845,193,-845
alpha 0.01,1,194,-8,-853,194,-853
alpha 0.01,1,195,-8,-861,195,-861
alpha 0.01,1,196,-8,-869,196,-869
alpha 0.01,1,197,-8,-877,197,-877
alpha 0.01,1,198,-8,-885,198,-885
alpha 0.01,1,199,-8,-893,199,-893
alpha 0.01,1,200,-8,-901,200,-901
alpha 0.01,1,201,-8,-909,201,-909
alpha 0.01,1,202,-8,-917,202,-917
alpha 0.01,1,203,-8,-925,203,-925
alpha 0.01,1,204,-8,-933,204,-933
alpha 0.01,1,205,-8,-941,205,-941
alpha 0.01,1,206,-8,-949,206,-949
alpha 0.01,1,207,-8,-957,207,-957
alpha 0.01,1,208,-8,-965,208,-965
alpha 0.01,1,209,-8,-973,209,-973
alpha 0.01,1,210,-8,-981,210,-981
alpha 0.01,1,211,-8,-989,211,-989
alpha 0.01,1,212,-8,-997,212,-997
alpha 0.01,1,213,-8,-1005,213,-1005
alpha 0.01,1,214,-8,-1013,214,-1013
alpha 0.01,1,215,-8,-1021,215,-1021
alpha 0.01,1,216,-8,-1029,216,-1029
alpha 0.01,1,217,-8,-1037,217,-1037
alpha 0.01,1,218,-8,-1045,218,-1045
alpha 0.01,1,219,-8,-1053,219,-1053
alpha 0.01,1,220,-8,-1061,220,-1061
alpha 0.01,1,221,-8,-1069,221,-1069
alpha 0.01,1,222,-7,-1076,222,-1076
alpha 0.01,1,223,-7,-1083,223,-1083
alpha 0.01,1,224,-7,-1090,224,-1090
alpha 0.01,1,225,-7,-1097,225,-1097
alpha 0.01,1,226,-7,-1104,226,-1104
alpha 0.01,1,227,-7,-1111,227,-1111
alpha 0.01,1,228,-7,-1118,228,-1118
alpha 0.01,1,229,-7,-1125,229,-1125
alpha 0.01,1,230,-7,-1132,230,-1132
alpha 0.01,1,231,-7,-1139,231,-1139
alpha 0.01,1,232,-7,-1146,232,-1146
alpha 0.01,1,233,-7,-1153,233,-1153
alpha 0.01,1,234,-7,-1160,234,-1160
alpha 0.01,1,235,-7,-1167,235,-1167
alpha 0.01,1,236,-7,-1174,236,-1174
alpha 0.01,1,237,-7,-1181,237,-1181
alpha 0.01,1,238,-6,-1187,238,-1187
alpha 0.01,1,239,-6,-1193,239,-1193
alpha 0.01,1,240,-6,-1199,240,-1199
alpha 0.01,1,241,-6,-1205,241,-1205
alpha 0.01,1,242,-6,-1211,242,-1211
alpha 0.01,1,243,-6,-1217,243,-1217
alpha 0.01,1,244,-6,-1223,244,-1223
alpha 0.01,1,245,-5,-1228,245,-1228
alpha 0.01,1,246,-5,-1233,246,-1233
alpha 0.01,1,247,-5,-1238,247,-1238
alpha 0.01,1,248,-5,-1243,248,-1243
alpha 0.01,1,249,-5,-1248,249,-1248
alpha 0.01,1,250,-5,-1253,250,-1253
alpha 0.01,1,251,-5,-1258,251,-1258
alpha 0.01,1,252,-5,-1263,252,-1263
alpha 0.01,1,253,-5,-1268,253,-1268
alpha 0.01,1,254,-5,-1273,254,-1273
alpha 0.01,1,255,-5,-1278,255,-1278
alpha 0.01,1,256,-5,-1283,256,-1283
alpha 0.01,1,257,-5,-1288,257,-1288
alpha 0.01,1,258,-5,-1293,258,-1293
alpha 0.01,1,259,-5,-1298,259,-1298
alpha 0.01,1,260,-5,-1303,260,-1303
alpha 0.01,1,261,-6,-1309,261,-1309
alpha 0.01,1,262,-6,-1315,262,-1315
alpha 0.01,1,263,-6,-1321,263,-1321
alpha 0.01,1,264,-6,-1327,264,-1327
alpha 0.01,1,265,-6,-1333,265,-1333
alpha 0.01,1,266,-7,-1340,266,-1340
alpha 0.01,1,267,-7,-1347,267,-1347
alpha 0.01,1,268,-7,-1354,268,-1354
alpha 0.01,1,269,-7,-1361,269,-1361
alpha 0.01,1,270,-7,-1368,270,-1368
alpha 0.01,1,271,-7,-1375,271,-1375
alpha 0.01,1,272,-7,-1382,272,-1382
alpha 0.01,1,273,-7,-1389,273,-1389
alpha 0.01,1,274,-7,-1396,274,-1396
alpha 0.01,1,275,-7,-1403,275,-1403
alpha 0.01,1,276,-7,-1410,276,-1410
alpha 0.01,1,277,-7,-1417,277,-1417
alpha 0.01,1,278,-7,-1424,278,-1424
alpha 0.01,1,279,-7,-1431,279,-1431
alpha 0.01,1,280,-7,-1438,280,-1438
alpha 0.01,1,281,-7,-1445,281,-1445
alpha 0.01,1,282,-7,-1452,282,-1452
alpha 0.01,1,283,-7,-1459,283,-1459
alpha 0.01,1,284,-7,-1466,284,-1466
alpha 0.01,1,285,-7,-1473,285,-1473
alpha 0.01,1,286,-7,-1480,286,-1480
alpha 0.01,1,287,-7,-1487,287,-1487
alpha 0.01,1,288,-7,-1494,288,-1494
alpha 0.01,1,289,-7,-1501,289,-1501
alpha 0.01,1,290,-7,-1508,290,-1508
alpha 0.01,1,291,-7,-1515,291,-1515
alpha 0.01,1,292,-7,-1522,292,-1522
alpha 0.01,1,293,-7,-1529,293,-1529
alpha 0.01,1,294,-7,-1536,294,-1536
alpha 0.01,1,295,-7,-1543,295,-1543
alpha 0.01,1,296,-7,-1550,296,-1550
alpha 0.01,1,297,-7,-1557,297,-1557
alpha 0.01,1,298,-7,-1564,298,-1564
alpha 0.01,1,299,-7,-1571,299,-1571
alpha 0.01,1,300,-7,-1578,300,-1578
alpha 0.01,1,301,-7,-1585,301,-1585
alpha 0.01,1,302,-7,-1592,302,-1592
alpha 0.01,1,303,-7,-1599,303,-1599
alpha 0.01,1,304,-7,-1606,304,-1606
alpha 0.01,1,305,-5,-1611,305,-1611
alpha 0.01,1,306,-6,-1617,306,-1617
alpha 0.01,1,307,-5,-1622,307,-1622
alpha 0.01,1,308,-5,-1627,308,-1627
alpha 0.01,1,309,-5,-1632,309,-1632
alpha 0.01,1,310,-5,-1637,310,-1637
alpha 0.01,1,311,-5,-1642,311,-1642
alpha 0.01,1,312,-5,-1647,312,-1647
alpha 0.01,1,313,-5,-1652,313,-1652
alpha 0.01,1,314,-5,-1657,314,-1657
alpha 0.01,1,315,-5,-1662,315,-1662
alpha 0.01,1,316,-5,-1667,316,-1667
alpha 0.01,1,317,-5,-1672,317,-1672
alpha 0.01,1,318,-5,-1677,318,-1677
alpha 0.01,1,319,-5,-1682,319,-1682
alpha 0.01,1,320,-5,-1687,320,-1687
alpha 0.01,1,321,-5,-1692,321,-1692
alpha 0.01,1,322,-7,-1699,322,-1699
alpha 0.01,1,323,-7,-1706,323,-1706
alpha 0.01,1,324,-7,-1713,324,-1713
alpha 0.01,1,325,-7,-1720,325,-1720
alpha 0.01,1,326,-5,-1725,326,-1725
alpha 0.01,1,327,-5,-1730,327,-1730
alpha 0.01,1,328,-5,-1735,328,-1735
alpha 0.01,1,329,-5,-1740,329,-1740
alpha 0.01,1,330,-5,-1745,330,-1745
alpha 0.01,1,331,-4,-1749,331,-1749
alpha 0.01,1,332,-4,-1753,332,-1753
alpha 0.01,1,333,-5,-1758,333,-1758
alpha 0.01,1,334,-5,-1763,334,-1763
alpha 0.01,1,335,-4,-1767,335,-1767
alpha 0.01,1,336,-4,-1771,336,-1771
alpha 0.01,1,337,-4,-1775,337,-1775
alpha 0.01,1,338,-4,-1779,338,-1779
alpha 0.01,1,339,-4,-1783,339,-1783
alpha 0.01,1,340,-4,-1787,340,-1787
alpha 0.01,1,341,-3,-1790,341,-1790
alpha 0.01,1,342,-3,-1793,342,-1793
alpha 0.01,1,343,-3,-1796,343,-1796
alpha 0.01,1,344,-3,-1799,344,-1799
alpha 0.01,1,345,-2,-1801,345,-1801
alpha 0.01,1,346,-2,-1803,346,-1803
alpha 0.01,1,347,-2,-1805,347,-1805
alpha 0.01,1,348,-2,-1807,348,-1807
alpha 0.01,1,349,-2,-1809,349,-1809
alpha 0.01,1,350,-2,-1811,350,-1811
alpha 0.01,1,351,-2,-1813,351,-1813
alpha 0.01,1,352,-2,-1815,352,-1815
alpha 0.01,1,353,-2,-1817,353,-1817
alpha 0.01,1,354,-2,-1819,354,-1819
alpha 0.01,1,355,-2,-1821,355,-1821
alpha 0.01,1,356,-2,-1823,356,-1823
alpha 0.01,1,357,-3,-1826,357,-1826
alpha 0.01,1,358,-5,-1831,358,-1831
alpha 0.01,1,359,-3,-1834,359,-1834
alpha 0.01,1,360,-3,-1837,360,-1837
alpha 0.01,1,361,-3,-1840,361,-1840
alpha 0.01,1,362,-3,-1843,362,-1843
alpha 0.01,1,363,-3,-1846,363,-1846
alpha 0.01,1,364,-3,-1849,364,-1849
alpha 0.01,1,365,-3,-1852,365,-1852
alpha 0.01,1,366,-3,-1855,366,-1855
alpha 0.01,1,367,-3,-1858,367,-1858
alpha 0.01,1,368,-3,-1861,368,-1861
alpha 0.01,1,369,-3,-1864,369,-1864
alpha 0.01,1,370,-3,-1867,370,-1867
alpha 0.01,1,371,-3,-1870,371,-1870
alpha 0.01,1,372,-3,-1873,372,-1873
alpha 0.01,1,373,-3,-1876,373,-1876
alpha 0.01,1,374,-3,-1879,374,-1879
alpha 0.01,1,375,-3,-1882,375,-1882
alpha 0.01,1,376,-3,-1885,376,-1885
alpha 0.01,1,377,-3,-1888,377,-1888
alpha 0.01,1,378,-2,-1890,378,-1890
alpha 0.01,1,379,-2,-1892,379,-1892
alpha 0.01,1,380,-2,-1894,380,-1894
alpha 0.01,1,381,-2,-1896,381,-1896
alpha 0.01,1,382,-2,-1898,382,-1898
alpha 0.01,1,383,-2,-1900,383,-1900
alpha 0.01,1,384,-2,-1902,384,-1902
alpha 0.01,1,385,-3,-1905,385,-1905
alpha 0.01,1,386,-3,-1908,386,-1908
alpha 0.01,1,387,-3,-1911,387,-1911
alpha 0.01,1,388,-3,-1914,388,-1914
alpha 0.01,1,389,-3,-1917,389,-1917
alpha 0.01,1,390,-3,-1920,390,-1920
alpha 0.01,1,391,-3,-1923,391,-1923
alpha 0.01,1,392,-3,-1926,392,-1926
alpha 0.01,1,393,-3,-1929,393,-1929
alpha 0.01,1,394,-3,-1932,394,-1932
alpha 0.01,1,395,-3,-1935,395,-1935
alpha 0.01,1,396,-4,-1939,396,-1939
alpha 0.01,1,397,-4,-1943,397,-1943
alpha 0.01,1,398,-4,-1947,398,-1947
alpha 0.01,1,399,-4,-1951,399,-1951
alpha 0.01,1,400,-4,-1955,400,-1955
alpha 0.01,1,401,-4,-1959,401,-1959
alpha 0.01,1,402,-4,-1963,402,-1963
alpha 0.01,1,403,-4,-1967,403,-1967
alpha 0.01,1,404,-4,-1971,404,-1971
alpha 0.01,1,405,-4,-1975,405,-1975
alpha 0.01,1,406,-4,-1979,406,-1979
alpha 0.01,1,407,-4,-1983,407,-1983
alpha 0.01,1,408,-4,-1987,408,-1987
alpha 0.01,1,409,-4,-1991,409,-1991
alpha 0.01,1,410,-4,-1995,410,-1995
alpha 0.01,1,411,-4,-1999,411,-1999
alpha 0.01,1,412,-4,-2003,412,-2003
alpha 0.01,1,413,-4,-2007,413,-2007
alpha 0.01,1,414,-5,-2012,414,-2012
alpha 0.01,1,415,-5,-2017,415,-2017
alpha 0.01,1,416,-5,-2022,416,-2022
alpha 0.01,1,417,-5,-2027,417,-2027
alpha 0.01,1,418,-5,-2032,418,-2032
alpha 0.01,1,419,-5,-2037,419,-2037
alpha 0.01,1,420,-5,-2042,420,-2042
alpha 0.01,1,421,-5,-2047,421,-2047
alpha 0.01,1,422,-5,-2052,422,-2052
alpha 0.01,1,423,-5,-2057,423,-2057
alpha 0.01,1,424,-5,-2062,424,-2062
alpha 0.01,1,425,-5,-2067,425,-2067
alpha 0.01,1,426,-5,-2072,426,-2072
alpha 0.01,1,427,-5,-2077,427,-2077
alpha 0.01,1,428,-5,-2082,428,-2082
alpha 0.01,1,429,-5,-2087,429,-2087
alpha 0.01,1,430,-5,-2092,430,-2092
alpha 0.01,1,431,-5,-2097,431,-2097
alpha 0.01,1,432,-5,-2102,432,-2102
alpha 0.01,1,433,-5,-2107,433,-2107
alpha 0.01,1,434,-5,-2112,434,-2112
alpha 0.01,1,435,-5,-2117,435,-2117
alpha 0.01,1,436,-5,-2122,436,-2122
alpha 0.01,1,437,-5,-2127,437,-2127
alpha 0.01,1,438,-5,-2132,438,-2132
alpha 0.01,1,439,-5,-2137,439,-2137
alpha 0.01,1,440,-6,-2143,440,-2143
alpha 0.01,1,441,-6,-2149,441,-2149
alpha 0.01,1,442,-5,-2154,442,-2154
alpha 0.01,1,443,-5,-2159,443,-2159
alpha 0.01,1,444,-5,-2164,444,-2164
alpha 0.01,1,445,-6,-2170,445,-2170
alpha 0.01,1,446,-8,-2178,446,-2178
alpha 0.01,1,447,-8,-2186,447,-2186
alpha 0.01,1,448,-8,-2194,448,-2194
alpha 0.01,1,449,-8,-2202,449,-2202
alpha 0.01,1,450,-8,-2210,450,-2210
alpha 0.01,1,451,-8,-2218,451,-2218
alpha 0.01,1,452,-8,-2226,452,-2226
alpha 0.01,1,453,-8,-2234,453,-2234
alpha 0.01,1,454,-8,-2242,454,-2242
alpha 0.01,1,455,-8,-2250,455,-2250
alpha 0.01,1,456,-7,-2257,456,-2257
alpha 0.01,1,457,-7,-2264,457,-2264
alpha 0.01,1,458,-7,-2271,458,-2271
alpha 0.01,1,459,-7,-2278,459,-2278
alpha 0.01,1,460,-7,-2285,460,-2285
alpha 0.01,1,461,-7,-2292,461,-2292
alpha 0.01,1,462,-7,-2299,462,-2299
alpha 0.01,1,463,-7,-2306,463,-2306
alpha 0.01,1,464,-7,-2313,464,-2313
alpha 0.01,1,465,-7,-2320,465,-2320
alpha 0.01,1,466,-7,-2327,466,-2327
alpha 0.01,1,467,-7,-2334,467,-2334
alpha 0.01,1,468,-7,-2341,468,-2341
alpha 0.01,1,469,-7,-2348,469,-2348
alpha 0.01,1,470,-7,-2355,470,-2355
alpha 0.01,1,471,-7,-2362,471,-2362
alpha 0.01,1,472,-7,-2369,472,-2369
alpha 0.01,1,473,-7,-2376,473,-2376
alpha 0.01,1,474,-7,-2383,474,-2383
alpha 0.01,1,475,-7,-2390,475,-2390
alpha 0.01,1,476,-7,-2397,476,-2397
alpha 0.01,1,477,-7,-2404,477,-2404
alpha 0.01,1,478,-7,-2411,478,-2411
alpha 0.01,1,479,-7,-2418,479,-2418
alpha 0.01,1,480,-7,-2425,480,-2425
alpha 0.01,1,481,-7,-2432,481,-2432
alpha 0.01,1,482,-7,-2439,482,-2439
alpha 0.01,1,483,-7,-2446,483,-2446
alpha 0.01,1,484,-7,-2453,484,-2453
alpha 0.01,1,485,-7,-2460,485,-2460
alpha 0.01,1,486,-7,-2467,486,-2467
alpha 0.01,1,487,-6,-2473,487,-2473
alpha 0.01,1,488,-6,-2479,488,-2479
alpha 0.01,1,489,-6,-2485,489,-2485
alpha 0.01,1,490,-6,-2491,490,-2491
alpha 0.01,1,491,-6,-2497,491,-2497
alpha 0.01,1,492,-6,-2503,492,-2503
alpha 0.01,1,493,-6,-2509,493,-2509
alpha 0.01,1,494,-5,-2514,494,-2514
alpha 0.01,1,495,-5,-2519,495,-2519
alpha 0.01,1,496,-5,-2524,496,-2524
alpha 0.01,1,497,-5,-2529,497,-2529
alpha 0.01,1,498,-5,-2534,498,-2534
alpha 0.01,1,499,-5,-2539,499,-2539
alpha 0.01,1,500,-5,-2544,500,-2544
alpha 0.01,2,1,4,4,501,-2540
alpha 0.01,2,2,2,6,502,-2538
alpha 0.01,2,3,1,7,503,-2537
alpha 0.01,2,4,1,8,504,-2536
alpha 0.01,2,5,-2,6,505,-2538
alpha 0.01,2,6,-3,3,506,-2541
alpha 0.01,2,7,-3,0,507,-2544
alpha 0.01,2,8,-4,-4,508,-2548
alpha 0.01,2,9,-3,-7,509,-2551
alpha 0.01,2,10,-3,-10,510,-2554
alpha 0.01,2,11,-3,-13,511,-2557
alpha 0.01,2,12,-3,-16,512,-2560
alpha 0.01,2,13,-3,-19,513,-2563
alpha 0.01,2,14,-2,-21,514,-2565
alpha 0.01,2,15,-2,-23,515,-2567
alpha 0.01,2,16,-2,-25,516,-2569
alpha 0.01,2,17,-2,-27,517,-2571
alpha 0.01,2,18,-2,-29,518,-2573
alpha 0.01,2,19,-2,-31,519,-2575
alpha 0.01,2,20,-1,-32,520,-2576
alpha 0.01,2,21,-1,-33,521,-2577
alpha 0.01,2,22,1,-32,522,-2576
alpha 0.01,2,23,1,-31,523,-2575
alpha 0.01,2,24,1,-30,524,-2574
alpha 0.01,2,25,1,-29,525,-2573
alpha 0.01,2,26,1,-28,526,-2572
alpha 0.01,2,27,1,-27,527,-2571
alpha 0.01,2,28,-1,-28,528,-2572
alpha 0.01,2,29,-2,-30,529,-2574
alpha 0.01,2,30,-2,-32,530,-2576
alpha 0.01,2,31,-2,-34,531,-2578
alpha 0.01,2,32,-2,-36,532,-2580
alpha 0.01,2,33,-2,-38,533,-2582
alpha 0.01,2,34,-2,-40,534,-2584
alpha 0.01,2,35,-2,-42,535,-2586
alpha 0.01,2,36,-2,-44,536,-2588
alpha 0.01,2,37,-2,-46,537,-2590
alpha 0.01,2,38,-2,-48,538,-2592
alpha 0.01,2,39,-2,-50,539,-2594
alpha 0.01,2,40,-2,-52,540,-2596
alpha 0.01,2,41,-2,-54,541,-2598
alpha 0.01,2,42,-2,-56,542,-2600
alpha 0.01,2,43,-2,-58,543,-2602
alpha 0.01,2,44,-2,-60,544,-2604
alpha 0.01,2,45,-2,-62,545,-2606
alpha 0.01,2,46,-2,-64,546,-2608
alpha 0.01,2,47,-2,-66,547,-2610
alpha 0.01,2,48,-2,-68,548,-2612
alpha 0.01,2,49,-2,-70,549,-2614
alpha 0.01,2,50,-2,-72,550,-2616
alpha 0.01,2,51,-2,-74,551,-2618
alpha 0.01,2,52,-2,-76,552,-2620
alpha 0.01,2,53,-2,-78,553,-2622
alpha 0.01,2,54,-2,-80,554,-2624
alpha 0.01,2,55,-2,-82,555,-2626
alpha 0.01,2,56,-2,-84,556,-2628
alpha 0.01,2,57,-2,-86,557,-2630
alpha 0.01,2,58,-2,-88,558,-2632
alpha 0.01,2,59,-2,-90,559,-2634
alpha 0.01,2,60,-2,-92,560,-2636
alpha 0.01,2,61,-2,-94,561,-2638
alpha 0.01,2,62,-2,-96,562,-2640
alpha 0.01,2,63,-2,-98,563,-2642
alpha 0.01,2,64,-2,-100,564,-2644
alpha 0.01,2,65,-2,-102,565,-2646
alpha 0.01,2,66,-2,-104,566,-2648
alpha 0.01,2,67,-2,-106,567,-2650
alpha 0.01,2,68,-2,-108,568,-2652
alpha 0.01,2,69,-2,-110,569,-2654
alpha 0.01,2,70,-2,-112,570,-2656
alpha 0.01,2,71,-2,-114,571,-2658
alpha 0.01,2,72,-2,-116,572,-2660
alpha 0.01,2,73,-2,-118,573,-2662
alpha 0.01,2,74,-2,-120,574,-2664
alpha 0.01,2,75,-2,-122,575,-2666
alpha 0.01,2,76,-2,-124,576,-2668
alpha 0.01,2,77,-2,-126,577,-2670
alpha 0.01,2,78,-2,-128,578,-2672
alpha 0.01,2,79,-2,-130,579,-2674
alpha 0.01,2,80,-2,-132,580,-2676
alpha 0.01,2,81,-2,-134,581,-2678
alpha 0.01,2,82,-2,-136,582,-2680
alpha 0.01,2,83,-2,-138,583,-2682
alpha 0.01,2,84,-2,-140,584,-2684
alpha 0.01,2,85,-2,-142,585,-2686
alpha 0.01,2,86,-2,-144,586,-2688
alpha 0.01,2,87,-2,-146,587,-2690
alpha 0.01,2,88,-2,-148,588,-2692
alpha 0.01,2,89,-2,-150,589,-2694
alpha 0.01,2,90,-2,-152,590,-2696
alpha 0.01,2,91,-2,-154,591,-2698
alpha 0.01,2,92,-2,-156,592,-2700
alpha 0.01,2,93,-2,-158,593,-2702
alpha 0.01,2,94,-2,-160,594,-2704
alpha 0.01,2,95,-2,-162,595,-2706
alpha 0.01,2,96,-2,-164,596,-2708
alpha 0.01,2,97,-2,-166,597,-2710
alpha 0.01,2,98,-2,-168,598,-2712
alpha 0.01,2,99,-2,-170,599,-2714
alpha 0.01,2,100,-2,-172,600,-2716
alpha 0.01,2,101,-2,-174,601,-2718
alpha 0.01,2,102,-2,-176,602,-2720
alpha 0.01,2,103,-2,-178,603,-2722
alpha 0.01,2,104,-2,-180,604,-2724
alpha 0.01,2,105,-2,-182,605,-2726
alpha 0.01,2,106,-2,-184,606,-2728
alpha 0.01,2,107,-2,-186,607,-2730
alpha 0.01,2,108,-2,-188,608,-2732
alpha 0.01,2,109,-1,-189,609,-2733
alpha 0.01,2,110,1,-188,610,-2732
alpha 0.01,2,111,1,-187,611,-2731
alpha 0.01,2,112,1,-186,612,-2730
alpha 0.01,2,113,-3,-189,613,-2733
alpha 0.01,2,114,-3,-192,614,-2736
alpha 0.01,2,115,-3,-195,615,-2739
alpha 0.01,2,116,-3,-198,616,-2742
alpha 0.01,2,117,-3,-201,617,-2745
alpha 0.01,2,118,-3,-204,618,-2748
alpha 0.01,2,119,-2,-206,619,-2750
alpha 0.01,2,120,-2,-208,620,-2752
alpha 0.01,2,121,-3,-211,621,-2755
alpha 0.01,2,122,-3,-214,622,-2758
alpha 0.01,2,123,-3,-217,623,-2761
alpha 0.01,2,124,-3,-220,624,-2764
alpha 0.01,2,125,-3,-223,625,-2767
alpha 0.01,2,126,-3,-226,626,-2770
alpha 0.01,2,127,-3,-229,627,-2773
alpha 0.01,2,128,-3,-232,628,-2776
alpha 0.01,2,129,-3,-235,629,-2779
alpha 0.01,2,130,-3,-238,630,-2782
alpha 0.01,2,131,-3,-241,631,-2785
alpha 0.01,2,132,-3,-244,632,-2788
alpha 0.01,2,133,-3,-247,633,-2791
alpha 0.01,2,134,-3,-250,634,-2794
alpha 0.01,2,135,-3,-253,635,-2797
alpha 0.01,2,136,-3,-256,636,-2800
alpha 0.01,2,137,-3,-259,637,-2803
alpha 0.01,2,138,-3,-262,638,-2806
alpha 0.01,2,139,-3,-265,639,-2809
alpha 0.01,2,140,-3,-268,640,-2812
alpha 0.01,2,141,-3,-271,641,-2815
alpha 0.01,2,142,-3,-274,642,-2818
alpha 0.01,2,143,-3,-277,643,-2821
alpha 0.01,2,144,-3,-280,644,-2824
alpha 0.01,2,145,-3,-283,645,-2827
alpha 0.01,2,146,-3,-286,646,-2830
alpha 0.01,2,147,-3,-289,647,-2833
alpha 0.01,2,148,-3,-292,648,-2836
alpha 0.01,2,149,-3,-295,649,-2839
alpha 0.01,2,150,-3,-298,650,-2842
alpha 0.01,2,151,-3,-301,651,-2845
alpha 0.01,2,152,-3,-304,652,-2848
alpha 0.01,2,153,-3,-307,653,-2851
alpha 0.01,2,154,-3,-310,654,-2854
alpha 0.01,2,155,-3,-313,655,-2857
alpha 0.01,2,156,-3,-316,656,-2860
alpha 0.01,2,157,-4,-320,657,-2864
alpha 0.01,2,158,-4,-324,658,-2868
alpha 0.01,2,159,-4,-328,659,-2872
alpha 0.01,2,160,-4,-332,660,-2876
alpha 0.01,2,161,-4,-336,661,-2880
alpha 0.01,2,162,-4,-340,662,-2884
alpha 0.01,2,163,-4,-344,663,-2888
alpha 0.01,2,164,-4,-348,664,-2892
alpha 0.01,2,165,-4,-352,665,-2896
alpha 0.01,2,166,-4,-356,666,-2900
alpha 0.01,2,167,-4,-360,667,-2904
alpha 0.01,2,168,-4,-364,668,-2908
alpha 0.01,2,169,-4,-368,669,-2912
alpha 0.01,2,170,-4,-372,670,-2916
alpha 0.01,2,171,-4,-376,671,-2920
alpha 0.01,2,172,-4,-380,672,-2924
alpha 0.01,2,173,-4,-384,673,-2928
alpha 0.01,2,174,-4,-388,674,-2932
alpha 0.01,2,175,-4,-392,675,-2936
alpha 0.01,2,176,-4,-396,676,-2940
alpha 0.01,2,177,-4,-400,677,-2944
alpha 0.01,2,178,-4,-404,678,-2948
alpha 0.01,2,179,-4,-408,679,-2952
alpha 0.01,2,180,-4,-412,680,-2956
alpha 0.01,2,181,-4,-416,681,-2960
alpha 0.01,2,182,-2,-418,682,-2962
alpha 0.01,2,183,-2,-420,683,-2964
alpha 0.01,2,184,-3,-423,684,-2967
alpha 0.01,2,185,-3,-426,685,-2970
alpha 0.01,2,186,-3,-429,686,-2973
alpha 0.01,2,187,-3,-432,687,-2976
alpha 0.01,2,188,-3,-435,688,-2979
alpha 0.01,2,189,-3,-438,689,-2982
alpha 0.01,2,190,-3,-441,690,-2985
alpha 0.01,2,191,-3,-444,691,-2988
alpha 0.01,2,192,-3,-447,692,-2991
alpha 0.01,2,193,-3,-450,693,-2994
alpha 0.01,2,194,-3,-453,694,-2997
alpha 0.01,2,195,-3,-456,695,-3000
alpha 0.01,2,196,-3,-459,696,-3003
alpha 0.01,2,197,-3,-462,697,-3006
alpha 0.01,2,198,-3,-465,698,-3009
alpha 0.01,2,199,-3,-468,699,-3012
alpha 0.01,2,200,-3,-471,700,-3015
alpha 0.01,2,201,-3,-474,701,-3018
alpha 0.01,2,202,-3,-477,702,-3021
alpha 0.01,2,203,-3,-480,703,-3024
alpha 0.01,2,204,-3,-483,704,-3027
alpha 0.01,2,205,-3,-486,705,-3030
alpha 0.01,2,206,-3,-489,706,-3033
alpha 0.01,2,207,-3,-492,707,-3036
alpha 0.01,2,208,-3,-495,708,-3039
alpha 0.01,2,209,-3,-498,709,-3042
alpha 0.01,2,210,-3,-501,710,-3045
alpha 0.01,2,211,-3,-504,711,-3048
alpha 0.01,2,212,-2,-506,712,-3050
alpha 0.01,2,213,-3,-509,713,-3053
alpha 0.01,2,214,-3,-512,714,-3056
alpha 0.01,2,215,-3,-515,715,-3059
alpha 0.01,2,216,-3,-518,716,-3062
alpha 0.01,2,217,-3,-521,717,-3065
alpha 0.01,2,218,-3,-524,718,-3068
alpha 0.01,2,219,-3,-527,719,-3071
alpha 0.01,2,220,-2,-529,720,-3073
alpha 0.01,2,221,-2,-531,721,-3075
alpha 0.01,2,222,-2,-533,722,-3077
alpha 0.01,2,223,-2,-535,723,-3079
alpha 0.01,2,224,-2,-537,724,-3081
alpha 0.01,2,225,-2,-539,725,-3083
alpha 0.01,2,226,-2,-541,726,-3085
alpha 0.01,2,227,-2,-543,727,-3087
alpha 0.01,2,228,-2,-545,728,-3089
alpha 0.01,2,229,-2,-547,729,-3091
alpha 0.01,2,230,-2,-549,730,-3093
alpha 0.01,2,231,-2,-551,731,-3095
alpha 0.01,2,232,-2,-553,732,-3097
alpha 0.01,2,233,-2,-555,733,-3099
alpha 0.01,2,234,-2,-557,734,-3101
alpha 0.01,2,235,-2,-559,735,-3103
alpha 0.01,2,236,-2,-561,736,-3105
alpha 0.01,2,237,-2,-563,737,-3107
alpha 0.01,2,238,-2,-565,738,-3109
alpha 0.01,2,239,-2,-567,739,-3111
alpha 0.01,2,240,-2,-569,740,-3113
alpha 0.01,2,241,-2,-571,741,-3115
alpha 0.01,2,242,-2,-573,742,-3117
alpha 0.01,2,243,-2,-575,743,-3119
alpha 0.01,2,244,-2,-577,744,-3121
alpha 0.01,2,245,-2,-579,745,-3123
alpha 0.01,2,246,-2,-581,746,-3125
alpha 0.01,2,247,-1,-582,747,-3126
alpha 0.01,2,248,1,-581,748,-3125
alpha 0.01,2,249,1,-580,749,-3124
alpha 0.01,2,250,1,-579,750,-3123
alpha 0.01,2,251,1,-578,751,-3122
alpha 0.01,2,252,2,-576,752,-3120
alpha 0.01,2,253,2,-574,753,-3118
alpha 0.01,2,254,2,-572,754,-3116
alpha 0.01,2,255,2,-570,755,-3114
alpha 0.01,2,256,1,-569,756,-3113
alpha 0.01,2,257,1,-568,757,-3112
alpha 0.01,2,258,-2,-570,758,-3114
alpha 0.01,2,259,-2,-572,759,-3116
alpha 0.01,2,260,-2,-574,760,-3118
alpha 0.01,2,261,-2,-576,761,-3120
alpha 0.01,2,262,-2,-578,762,-3122
alpha 0.01,2,263,-3,-581,763,-3125
alpha 0.01,2,264,-3,-584,764,-3128
alpha 0.01,2,265,-3,-587,765,-3131
alpha 0.01,2,266,1,-586,766,-3130
alpha 0.01,2,267,1,-585,767,-3129
alpha 0.01,2,268,1,-584,768,-3128
alpha 0.01,2,269,1,-583,769,-3127
alpha 0.01,2,270,1,-582,770,-3126
alpha 0.01,2,271,1,-581,771,-3125
alpha 0.01,2,272,1,-580,772,-3124
alpha 0.01,2,273,1,-579,773,-3123
alpha 0.01,2,274,1,-578,774,-3122
alpha 0.01,2,275,1,-577,775,-3121
alpha 0.01,2,276,1,-576,776,-3120
alpha 0.01,2,277,1,-575,777,-3119
alpha 0.01,2,278,1,-574,778,-3118
alpha 0.01,2,279,1,-573,779,-3117
alpha 0.01,2,280,1,-572,780,-3116
alpha 0.01,2,281,1,-571,781,-3115
alpha 0.01,2,282,1,-570,782,-3114
alpha 0.01,2,283,1,-569,783,-3113
alpha 0.01,2,284,1,-568,784,-3112
alpha 0.01,2,285,1,-567,785,-3111
alpha 0.01,2,286,1,-566,786,-3110
alpha 0.01,2,287,1,-565,787,-3109
alpha 0.01,2,288,1,-564,788,-3108
alpha 0.01,2,289,1,-563,789,-3107
alpha 0.01,2,290,1,-562,790,-3106
alpha 0.01,2,291,1,-561,791,-3105
alpha 0.01,2,292,1,-560,792,-3104
alpha 0.01,2,293,-1,-561,793,-3105
alpha 0.01,2,294,-1,-562,794,-3106
alpha 0.01,2,295,-1,-563,795,-3107
alpha 0.01,2,296,-1,-564,796,-3108
alpha 0.01,2,297,-1,-565,797,-3109
alpha 0.01,2,298,1,-564,798,-3108
alpha 0.01,2,299,1,-563,799,-3107
alpha 0.01,2,300,1,-562,800,-3106
alpha 0.01,2,301,2,-560,801,-3104
alpha 0.01,2,302,2,-558,802,-3102
alpha 0.01,2,303,2,-556,803,-3100
alpha 0.01,2,304,2,-554,804,-3098
alpha 0.01,2,305,-1,-555,805,-3099
alpha 0.01,2,306,-2,-557,806,-3101
alpha 0.01,2,307,-2,-559,807,-3103
alpha 0.01,2,308,-2,-561,808,-3105
alpha 0.01,2,309,-2,-563,809,-3107
alpha 0.01,2,310,-2,-565,810,-3109
alpha 0.01,2,311,-2,-567,811,-3111
alpha 0.01,2,312,-2,-569,812,-3113
alpha 0.01,2,313,1,-568,813,-3112
alpha 0.01,2,314,-1,-569,814,-3113
alpha 0.01,2,315,-2,-571,815,-3115
alpha 0.01,2,316,-2,-573,816,-3117
alpha 0.01,2,317,-2,-575,817,-3119
alpha 0.01,2,318,-2,-577,818,-3121
alpha 0.01,2,319,-2,-579,819,-3123
alpha 0.01,2,320,-2,-581,820,-3125
alpha 0.01,2,321,-2,-583,821,-3127
alpha 0.01,2,322,-2,-585,822,-3129
alpha 0.01,2,323,-2,-587,823,-3131
alpha 0.01,2,324,-2,-589,824,-3133
alpha 0.01,2,325,-2,-591,825,-3135
alpha 0.01,2,326,-2,-593,826,-3137
alpha 0.01,2,327,-2,-595,827,-3139
alpha 0.01,2,328,-1,-596,828,-3140
alpha 0.01,2,329,-1,-597,829,-3141
alpha 0.01,2,330,1,-596,830,-3140
alpha 0.01,2,331,1,-595,831,-3139
alpha 0.01,2,332,1,-594,832,-3138
alpha 0.01,2,333,1,-593,833,-3137
alpha 0.01,2,334,1,-592,834,-3136
alpha 0.01,2,335,1,-591,835,-3135
alpha 0.01,2,336,1,-590,836,-3134
alpha 0.01,2,337,1,-589,837,-3133
alpha 0.01,2,338,1,-588,838,-3132
alpha 0.01,2,339,1,-587,839,-3131
alpha 0.01,2,340,1,-586,840,-3130
alpha 0.01,2,341,1,-585,841,-3129
alpha 0.01,2,342,1,-584,842,-3128
alpha 0.01,2,343,1,-583,843,-3127
alpha 0.01,2,344,1,-582,844,-3126
alpha 0.01,2,345,2,-580,845,-3124
alpha 0.01,2,346,2,-578,846,-3122
alpha 0.01,2,347,1,-577,847,-3121
alpha 0.01,2,348,-3,-580,848,-3124
alpha 0.01,2,349,-4,-584,849,-3128
alpha 0.01,2,350,-4,-588,850,-3132
alpha 0.01,2,351,-3,-591,851,-3135
alpha 0.01,2,352,-3,-594,852,-3138
alpha 0.01,2,353,-2,-596,853,-3140
alpha 0.01,2,354,-2,-598,854,-3142
alpha 0.01,2,355,-2,-600,855,-3144
alpha 0.01,2,356,-2,-602,856,-3146
alpha 0.01,2,357,-2,-604,857,-3148
alpha 0.01,2,358,-2,-606,858,-3150
alpha 0.01,2,359,-2,-608,859,-3152
alpha 0.01,2,360,-2,-610,860,-3154
alpha 0.01,2,361,-2,-612,861,-3156
alpha 0.01,2,362,-2,-614,862,-3158
alpha 0.01,2,363,-2,-616,863,-3160
alpha 0.01,2,364,-2,-618,864,-3162
alpha 0.01,2,365,-2,-620,865,-3164
alpha 0.01,2,366,-2,-622,866,-3166
alpha 0.01,2,367,-2,-624,867,-3168
alpha 0.01,2,368,-2,-626,868,-3170
alpha 0.01,2,369,-2,-628,869,-3172
alpha 0.01,2,370,-2,-630,870,-3174
alpha 0.01,2,371,-2,-632,871,-3176
alpha 0.01,2,372,-2,-634,872,-3178
alpha 0.01,2,373,-2,-636,873,-3180
alpha 0.01,2,374,-2,-638,874,-3182
alpha 0.01,2,375,-2,-640,875,-3184
alpha 0.01,2,376,-2,-642,876,-3186
alpha 0.01,2,377,-2,-644,877,-3188
alpha 0.01,2,378,-2,-646,878,-3190
alpha 0.01,2,379,-2,-648,879,-3192
alpha 0.01,2,380,-2,-650,880,-3194
alpha 0.01,2,381,-2,-652,881,-3196
alpha 0.01,2,382,-2,-654,882,-3198
alpha 0.01,2,383,-2,-656,883,-3200
alpha 0.01,2,384,-2,-658,884,-3202
alpha 0.01,2,385,-2,-660,885,-3204
alpha 0.01,2,386,-2,-662,886,-3206
alpha 0.01,2,387,-2,-664,887,-3208
alpha 0.01,2,388,-2,-666,888,-3210
alpha 0.01,2,389,-2,-668,889,-3212
alpha 0.01,2,390,-2,-670,890,-3214
alpha 0.01,2,391,-2,-672,891,-3216
alpha 0.01,2,392,-2,-674,892,-3218
alpha 0.01,2,393,-2,-676,893,-3220
alpha 0.01,2,394,-2,-678,894,-3222
alpha 0.01,2,395,-2,-680,895,-3224
alpha 0.01,2,396,-2,-682,896,-3226
alpha 0.01,2,397,-2,-684,897,-3228
alpha 0.01,2,398,-2,-686,898,-3230
alpha 0.01,2,399,-2,-688,899,-3232
alpha 0.01,2,400,-2,-690,900,-3234
alpha 0.01,2,401,-2,-692,901,-3236
alpha 0.01,2,402,-2,-694,902,-3238
alpha 0.01,2,403,-2,-696,903,-3240
alpha 0.01,2,404,-2,-698,904,-3242
alpha 0.01,2,405,-2,-700,905,-3244
alpha 0.01,2,406,-2,-702,906,-3246
alpha 0.01,2,407,-2,-704,907,-3248
alpha 0.01,2,408,-2,-706,908,-3250
alpha 0.01,2,409,-2,-708,909,-3252
alpha 0.01,2,410,-2,-710,910,-3254
alpha 0.01,2,411,-2,-712,911,-3256
alpha 0.01,2,412,-2,-714,912,-3258
alpha 0.01,2,413,-2,-716,913,-3260
alpha 0.01,2,414,-3,-719,914,-3263
alpha 0.01,2,415,-3,-722,915,-3266
alpha 0.01,2,416,-2,-724,916,-3268
alpha 0.01,2,417,-2,-726,917,-3270
alpha 0.01,2,418,-2,-728,918,-3272
alpha 0.01,2,419,-2,-730,919,-3274
alpha 0.01,2,420,-2,-732,920,-3276
alpha 0.01,2,421,-2,-734,921,-3278
alpha 0.01,2,422,-2,-736,922,-3280
alpha 0.01,2,423,-2,-738,923,-3282
alpha 0.01,2,424,-2,-740,924,-3284
alpha 0.01,2,425,-2,-742,925,-3286
alpha 0.01,2,426,-2,-744,926,-3288
alpha 0.01,2,427,-2,-746,927,-3290
alpha 0.01,2,428,-2,-748,928,-3292
alpha 0.01,2,429,-2,-750,929,-3294
alpha 0.01,2,430,-2,-752,930,-3296
alpha 0.01,2,431,-2,-754,931,-3298
alpha 0.01,2,432,-2,-756,932,-3300
alpha 0.01,2,433,-2,-758,933,-3302
alpha 0.01,2,434,-2,-760,934,-3304
alpha 0.01,2,435,-2,-762,935,-3306
alpha 0.01,2,436,-2,-764,936,-3308
alpha 0.01,2,437,-2,-766,937,-3310
alpha 0.01,2,438,-2,-768,938,-3312
alpha 0.01,2,439,-2,-770,939,-3314
alpha 0.01,2,440,-2,-772,940,-3316
alpha 0.01,2,441,-2,-774,941,-3318
alpha 0.01,2,442,-2,-776,942,-3320
alpha 0.01,2,443,-2,-778,943,-3322
alpha 0.01,2,444,-2,-780,944,-3324
alpha 0.01,2,445,-2,-782,945,-3326
alpha 0.01,2,446,-2,-784,946,-3328
alpha 0.01,2,447,-2,-786,947,-3330
alpha 0.01,2,448,-2,-788,948,-3332
alpha 0.01,2,449,-2,-790,949,-3334
alpha 0.01,2,450,-2,-792,950,-3336
alpha 0.01,2,451,-3,-795,951,-3339
alpha 0.01,2,452,-2,-797,952,-3341
alpha 0.01,2,453,-2,-799,953,-3343
alpha 0.01,2,454,-2,-801,954,-3345
alpha 0.01,2,455,-2,-803,955,-3347
alpha 0.01,2,456,-2,-805,956,-3349
alpha 0.01,2,457,-2,-807,957,-3351
alpha 0.01,2,458,-2,-809,958,-3353
alpha 0.01,2,459,-2,-811,959,-3355
alpha 0.01,2,460,-2,-813,960,-3357
alpha 0.01,2,461,-2,-815,961,-3359
alpha 0.01,2,462,-2,-817,962,-3361
alpha 0.01,2,463,-3,-820,963,-3364
alpha 0.01,2,464,-3,-823,964,-3367
alpha 0.01,2,465,-3,-826,965,-3370
alpha 0.01,2,466,-3,-829,966,-3373
alpha 0.01,2,467,-3,-832,967,-3376
alpha 0.01,2,468,-3,-835,968,-3379
alpha 0.01,2,469,-3,-838,969,-3382
alpha 0.01,2,470,-3,-841,970,-3385
alpha 0.01,2,471,-3,-844,971,-3388
alpha 0.01,2,472,-3,-847,972,-3391
alpha 0.01,2,473,-3,-850,973,-3394
alpha 0.01,2,474,-3,-853,974,-3397
alpha 0.01,2,475,-3,-856,975,-3400
alpha 0.01,2,476,-3,-859,976,-3403
alpha 0.01,2,477,-3,-862,977,-3406
alpha 0.01,2,478,-3,-865,978,-3409
alpha 0.01,2,479,-3,-868,979,-3412
alpha 0.01,2,480,-3,-871,980,-3415
alpha 0.01,2,481,-3,-874,981,-3418
alpha 0.01,2,482,-3,-877,982,-3421
alpha 0.01,2,483,-3,-880,983,-3424
alpha 0.01,2,484,-3,-883,984,-3427
alpha 0.01,2,485,-3,-886,985,-3430
alpha 0.01,2,486,-3,-889,986,-3433
alpha 0.01,2,487,-3,-892,987,-3436
alpha 0.01,2,488,-3,-895,988,-3439
alpha 0.01,2,489,-4,-899,989,-3443
alpha 0.01,2,490,-4,-903,990,-3447
alpha 0.01,2,491,-4,-907,991,-3451
alpha 0.01,2,492,-4,-911,992,-3455
alpha 0.01,2,493,-4,-915,993,-3459
alpha 0.01,2,494,-4,-919,994,-3463
alpha 0.01,2,495,-4,-923,995,-3467
alpha 0.01,2,496,-4,-927,996,-3471
alpha 0.01,2,497,-4,-931,997,-3475
alpha 0.01,2,498,-4,-935,998,-3479
alpha 0.01,2,499,-4,-939,999,-3483
alpha 0.01,2,500,-4,-943,1000,-3487
alpha 0.01,3,1,4,4,1001,-3483
alpha 0.01,3,2,2,6,1002,-3481
alpha 0.01,3,3,1,7,1003,-3480
alpha 0.01,3,4,-1,6,1004,-3481
alpha 0.01,3,5,-1,5,1005,-3482
alpha 0.01,3,6,-1,4,1006,-3483
alpha 0.01,3,7,-1,3,1007,-3484
alpha 0.01,3,8,-1,2,1008,-3485
alpha 0.01,3,9,-2,0,1009,-3487
alpha 0.01,3,10,-2,-2,1010,-3489
alpha 0.01,3,11,-2,-4,1011,-3491
alpha 0.01,3,12,-1,-5,1012,-3492
alpha 0.01,3,13,-1,-6,1013,-3493
alpha 0.01,3,14,-2,-8,1014,-3495
alpha 0.01,3,15,-2,-10,1015,-3497
alpha 0.01,3,16,-2,-12,1016,-3499
alpha 0.01,3,17,-2,-14,1017,-3501
alpha 0.01,3,18,-3,-17,1018,-3504
alpha 0.01,3,19,-3,-20,1019,-3507
alpha 0.01,3,20,-3,-23,1020,-3510
alpha 0.01,3,21,-3,-26,1021,-3513
alpha 0.01,3,22,-4,-30,1022,-3517
alpha 0.01,3,23,-4,-34,1023,-3521
alpha 0.01,3,24,-4,-38,1024,-3525
alpha 0.01,3,25,-4,-42,1025,-3529
alpha 0.01,3,26,-4,-46,1026,-3533
alpha 0.01,3,27,-4,-50,1027,-3537
alpha 0.01,3,28,-4,-54,1028,-3541
alpha 0.01,3,29,-4,-58,1029,-3545
alpha 0.01,3,30,-4,-62,1030,-3549
alpha 0.01,3,31,-4,-66,1031,-3553
alpha 0.01,3,32,-4,-70,1032,-3557
alpha 0.01,3,33,-3,-73,1033,-3560
alpha 0.01,3,34,-3,-76,1034,-3563
alpha 0.01,3,35,-3,-79,1035,-3566
alpha 0.01,3,36,-3,-82,1036,-3569
alpha 0.01,3,37,-3,-85,1037,-3572
alpha 0.01,3,38,-3,-88,1038,-3575
alpha 0.01,3,39,-3,-91,1039,-3578
alpha 0.01,3,40,-3,-94,1040,-3581
alpha 0.01,3,41,-3,-97,1041,-3584
alpha 0.01,3,42,-3,-100,1042,-3587
alpha 0.01,3,43,-4,-104,1043,-3591
alpha 0.01,3,44,-4,-108,1044,-3595
alpha 0.01,3,45,-4,-112,1045,-3599
alpha 0.01,3,46,-4,-116,1046,-3603
alpha 0.01,3,47,-4,-120,1047,-3607
alpha 0.01,3,48,-4,-124,1048,-3611
alpha 0.01,3,49,-4,-128,1049,-3615
alpha 0.01,3,50,-4,-132,1050,-3619
alpha 0.01,3,51,-4,-136,1051,-3623
alpha 0.01,3,52,-4,-140,1052,-3627
alpha 0.01,3,53,-4,-144,1053,-3631
alpha 0.01,3,54,-4,-148,1054,-3635
alpha 0.01,3,55,-3,-151,1055,-3638
alpha 0.01,3,56,-4,-155,1056,-3642
alpha 0.01,3,57,-4,-159,1057,-3646
alpha 0.01,3,58,-4,-163,1058,-3650
alpha 0.01,3,59,-4,-167,1059,-3654
alpha 0.01,3,60,-4,-171,1060,-3658
alpha 0.01,3,61,-3,-174,1061,-3661
alpha 0.01,3,62,-3,-177,1062,-3664
alpha 0.01,3,63,-3,-180,1063,-3667
alpha 0.01,3,64,-3,-183,1064,-3670
alpha 0.01,3,65,-3,-186,1065,-3673
alpha 0.01,3,66,-3,-189,1066,-3676
alpha 0.01,3,67,-3,-192,1067,-3679
alpha 0.01,3,68,-3,-195,1068,-3682
alpha 0.01,3,69,-3,-198,1069,-3685
alpha 0.01,3,70,-3,-201,1070,-3688
alpha 0.01,3,71,-3,-204,1071,-3691
alpha 0.01,3,72,-3,-207,1072,-3694
alpha 0.01,3,73,-3,-210,1073,-3697
alpha 0.01,3,74,-2,-212,1074,-3699
alpha 0.01,3,75,-2,-214,1075,-3701
alpha 0.01,3,76,-2,-216,1076,-3703
alpha 0.01,3,77,-2,-218,1077,-3705
alpha 0.01,3,78,-2,-220,1078,-3707
alpha 0.01,3,79,-2,-222,1079,-3709
alpha 0.01,3,80,-2,-224,1080,-3711
alpha 0.01,3,81,-2,-226,1081,-3713
alpha 0.01,3,82,-2,-228,1082,-3715
alpha 0.01,3,83,-2,-230,1083,-3717
alpha 0.01,3,84,-2,-232,1084,-3719
alpha 0.01,3,85,-2,-234,1085,-3721
alpha 0.01,3,86,-2,-236,1086,-3723
alpha 0.01,3,87,-2,-238,1087,-3725
alpha 0.01,3,88,-2,-240,1088,-3727
alpha 0.01,3,89,-2,-242,1089,-3729
alpha 0.01,3,90,-2,-244,1090,-3731
alpha 0.01,3,91,-2,-246,1091,-3733
alpha 0.01,3,92,-2,-248,1092,-3735
alpha 0.01,3,93,-2,-250,1093,-3737
alpha 0.01,3,94,-2,-252,1094,-3739
alpha 0.01,3,95,-2,-254,1095,-3741
alpha 0.01,3,96,-2,-256,1096,-3743
alpha 0.01,3,97,-2,-258,1097,-3745
alpha 0.01,3,98,-2,-260,1098,-3747
alpha 0.01,3,99,-2,-262,1099,-3749
alpha 0.01,3,100,-2,-264,1100,-3751
alpha 0.01,3,101,-2,-266,1101,-3753
alpha 0.01,3,102,-2,-268,1102,-3755
alpha 0.01,3,103,-2,-270,1103,-3757
alpha 0.01,3,104,-2,-272,1104,-3759
alpha 0.01,3,105,-2,-274,1105,-3761
alpha 0.01,3,106,-2,-276,1106,-3763
alpha 0.01,3,107,-2,-278,1107,-3765
alpha 0.01,3,108,-2,-280,1108,-3767
alpha 0.01,3,109,-2,-282,1109,-3769
alpha 0.01,3,110,-2,-284,1110,-3771
alpha 0.01,3,111,-2,-286,1111,-3773
alpha 0.01,3,112,-2,-288,1112,-3775
alpha 0.01,3,113,-2,-290,1113,-3777
alpha 0.01,3,114,-2,-292,1114,-3779
alpha 0.01,3,115,-2,-294,1115,-3781
alpha 0.01,3,116,-2,-296,1116,-3783
alpha 0.01,3,117,-2,-298,1117,-3785
alpha 0.01,3,118,-2,-300,1118,-3787
alpha 0.01,3,119,-2,-302,1119,-3789
alpha 0.01,3,120,-2,-304,1120,-3791
alpha 0.01,3,121,-2,-306,1121,-3793
alpha 0.01,3,122,-2,-308,1122,-3795
alpha 0.01,3,123,-2,-310,1123,-3797
alpha 0.01,3,124,-2,-312,1124,-3799
alpha 0.01,3,125,-2,-314,1125,-3801
alpha 0.01,3,126,-2,-316,1126,-3803
alpha 0.01,3,127,-2,-318,1127,-3805
alpha 0.01,3,128,-2,-320,1128,-3807
alpha 0.01,3,129,-2,-322,1129,-3809
alpha 0.01,3,130,-2,-324,1130,-3811
alpha 0.01,3,131,-2,-326,1131,-3813
alpha 0.01,3,132,-2,-328,1132,-3815
alpha 0.01,3,133,-2,-330,1133,-3817
alpha 0.01,3,134,-2,-332,1134,-3819
alpha 0.01,3,135,-2,-334,1135,-3821
alpha 0.01,3,136,-2,-336,1136,-3823
alpha 0.01,3,137,-2,-338,1137,-3825
alpha 0.01,3,138,-2,-340,1138,-3827
alpha 0.01,3,139,-2,-342,1139,-3829
alpha 0.01,3,140,-2,-344,1140,-3831
alpha 0.01,3,141,-2,-346,1141,-3833
alpha 0.01,3,142,-2,-348,1142,-3835
alpha 0.01,3,143,-2,-350,1143,-3837
alpha 0.01,3,144,-2,-352,1144,-3839
alpha 0.01,3,145,-2,-354,1145,-3841
alpha 0.01,3,146,-2,-356,1146,-3843
alpha 0.01,3,147,-2,-358,1147,-3845
alpha 0.01,3,148,-2,-360,1148,-3847
alpha 0.01,3,149,-2,-362,1149,-3849
alpha 0.01,3,150,-2,-364,1150,-3851
alpha 0.01,3,151,-2,-366,1151,-3853
alpha 0.01,3,152,-2,-368,1152,-3855
alpha 0.01,3,153,-2,-370,1153,-3857
alpha 0.01,3,154,-2,-372,1154,-3859
alpha 0.01,3,155,-2,-374,1155,-3861
alpha 0.01,3,156,-2,-376,1156,-3863
alpha 0.01,3,157,-2,-378,1157,-3865
alpha 0.01,3,158,-2,-380,1158,-3867
alpha 0.01,3,159,-2,-382,1159,-3869
alpha 0.01,3,160,-2,-384,1160,-3871
alpha 0.01,3,161,-2,-386,1161,-3873
alpha 0.01,3,162,-2,-388,1162,-3875
alpha 0.01,3,163,-2,-390,1163,-3877
alpha 0.01,3,164,-2,-392,1164,-3879
alpha 0.01,3,165,-2,-394,1165,-3881
alpha 0.01,3,166,-2,-396,1166,-3883
alpha 0.01,3,167,-2,-398,1167,-3885
alpha 0.01,3,168,-2,-400,1168,-3887
alpha 0.01,3,169,-2,-402,1169,-3889
alpha 0.01,3,170,-2,-404,1170,-3891
alpha 0.01,3,171,-2,-406,1171,-3893
alpha 0.01,3,172,-2,-408,1172,-3895
alpha 0.01,3,173,-2,-410,1173,-3897
alpha 0.01,3,174,-2,-412,1174,-3899
alpha 0.01,3,175,-2,-414,1175,-3901
alpha 0.01,3,176,-2,-416,1176,-3903
alpha 0.01,3,177,-2,-418,1177,-3905
alpha 0.01,3,178,-2,-420,1178,-3907
alpha 0.01,3,179,-2,-422,1179,-3909
alpha 0.01,3,180,-2,-424,1180,-3911
alpha 0.01,3,181,-2,-426,1181,-3913
alpha 0.01,3,182,-2,-428,1182,-3915
alpha 0.01,3,183,-2,-430,1183,-3917
alpha 0.01,3,184,-2,-432,1184,-3919
alpha 0.01,3,185,-2,-434,1185,-3921
alpha 0.01,3,186,-2,-436,1186,-3923
alpha 0.01,3,187,-2,-438,1187,-3925
alpha 0.01,3,188,-2,-440,1188,-3927
alpha 0.01,3,189,-2,-442,1189,-3929
alpha 0.01,3,190,-2,-444,1190,-3931
alpha 0.01,3,191,-2,-446,1191,-3933
alpha 0.01,3,192,-2,-448,1192,-3935
alpha 0.01,3,193,-2,-450,1193,-3937
alpha 0.01,3,194,-2,-452,1194,-3939
alpha 0.01,3,195,-2,-454,1195,-3941
alpha 0.01,3,196,-2,-456,1196,-3943
alpha 0.01,3,197,-2,-458,1197,-3945
alpha 0.01,3,198,-2,-460,1198,-3947
alpha 0.01,3,199,-2,-462,1199,-3949
alpha 0.01,3,200,-2,-464,1200,-3951
alpha 0.01,3,201,-2,-466,1201,-3953
alpha 0.01,3,202,-2,-468,1202,-3955
alpha 0.01,3,203,-2,-470,1203,-3957
alpha 0.01,3,204,-2,-472,1204,-3959
alpha 0.01,3,205,-2,-474,1205,-3961
alpha 0.01,3,206,-2,-476,1206,-3963
alpha 0.01,3,207,-2,-478,1207,-3965
alpha 0.01,3,208,-2,-480,1208,-3967
alpha 0.01,3,209,-2,-482,1209,-3969
alpha 0.01,3,210,-2,-484,1210,-3971
alpha 0.01,3,211,-3,-487,1211,-3974
alpha 0.01,3,212,-3,-490,1212,-3977
alpha 0.01,3,213,-3,-493,1213,-3980
alpha 0.01,3,214,-2,-495,1214,-3982
alpha 0.01,3,215,-2,-497,1215,-3984
alpha 0.01,3,216,-2,-499,1216,-3986
alpha 0.01,3,217,-2,-501,1217,-3988
alpha 0.01,3,218,-2,-503,1218,-3990
alpha 0.01,3,219,-3,-506,1219,-3993
alpha 0.01,3,220,-3,-509,1220,-3996
alpha 0.01,3,221,-3,-512,1221,-3999
alpha 0.01,3,222,-2,-514,1222,-4001
alpha 0.01,3,223,-1,-515,1223,-4002
alpha 0.01,3,224,-1,-516,1224,-4003
alpha 0.01,3,225,-2,-518,1225,-4005
alpha 0.01,3,226,-2,-520,1226,-4007
alpha 0.01,3,227,-3,-523,1227,-4010
alpha 0.01,3,228,-3,-526,1228,-4013
alpha 0.01,3,229,-3,-529,1229,-4016
alpha 0.01,3,230,-3,-532,1230,-4019
alpha 0.01,3,231,-2,-534,1231,-4021
alpha 0.01,3,232,-2,-536,1232,-4023
alpha 0.01,3,233,-2,-538,1233,-4025
alpha 0.01,3,234,-2,-540,1234,-4027
alpha 0.01,3,235,-2,-542,1235,-4029
alpha 0.01,3,236,-2,-544,1236,-4031
alpha 0.01,3,237,-3,-547,1237,-4034
alpha 0.01,3,238,-3,-550,1238,-4037
alpha 0.01,3,239,-3,-553,1239,-4040
alpha 0.01,3,240,-3,-556,1240,-4043
alpha 0.01,3,241,-3,-559,1241,-4046
alpha 0.01,3,242,-3,-562,1242,-4049
alpha 0.01,3,243,-3,-565,1243,-4052
alpha 0.01,3,244,-3,-568,1244,-4055
alpha 0.01,3,245,-4,-572,1245,-4059
alpha 0.01,3,246,-4,-576,1246,-4063
alpha 0.01,3,247,-4,-580,1247,-4067
alpha 0.01,3,248,-4,-584,1248,-4071
alpha 0.01,3,249,-4,-588,1249,-4075
alpha 0.01,3,250,-4,-592,1250,-4079
alpha 0.01,3,251,-4,-596,1251,-4083
alpha 0.01,3,252,-4,-600,1252,-4087
alpha 0.01,3,253,-4,-604,1253,-4091
alpha 0.01,3,254,-4,-608,1254,-4095
alpha 0.01,3,255,-4,-612,1255,-4099
alpha 0.01,3,256,-4,-616,1256,-4103
alpha 0.01,3,257,-4,-620,1257,-4107
alpha 0.01,3,258,-4,-624,1258,-4111
alpha 0.01,3,259,-4,-628,1259,-4115
alpha 0.01,3,260,-4,-632,1260,-4119
alpha 0.01,3,261,-5,-637,1261,-4124
alpha 0.01,3,262,-5,-642,1262,-4129
alpha 0.01,3,263,-5,-647,1263,-4134
alpha 0.01,3,264,-5,-652,1264,-4139
alpha 0.01,3,265,-5,-657,1265,-4144
alpha 0.01,3,266,-5,-662,1266,-4149
alpha 0.01,3,267,-5,-667,1267,-4154
alpha 0.01,3,268,-5,-672,1268,-4159
alpha 0.01,3,269,-5,-677,1269,-4164
alpha 0.01,3,270,-5,-682,1270,-4169
alpha 0.01,3,271,-5,-687,1271,-4174
alpha 0.01,3,272,-5,-692,1272,-4179
alpha 0.01,3,273,-5,-697,1273,-4184
alpha 0.01,3,274,-5,-702,1274,-4189
alpha 0.01,3,275,-5,-707,1275,-4194
alpha 0.01,3,276,-5,-712,1276,-4199
alpha 0.01,3,277,-5,-717,1277,-4204
alpha 0.01,3,278,-4,-721,1278,-4208
alpha 0.01,3,279,-4,-725,1279,-4212
alpha 0.01,3,280,-4,-729,1280,-4216
alpha 0.01,3,281,-4,-733,1281,-4220
alpha 0.01,3,282,-4,-737,1282,-4224
alpha 0.01,3,283,-4,-741,1283,-4228
alpha 0.01,3,284,-4,-745,1284,-4232
alpha 0.01,3,285,-4,-749,1285,-4236
alpha 0.01,3,286,-4,-753,1286,-4240
alpha 0.01,3,287,-5,-758,1287,-4245
alpha 0.01,3,288,-5,-763,1288,-4250
alpha 0.01,3,289,-6,-769,1289,-4256
alpha 0.01,3,290,-6,-775,1290,-4262
alpha 0.01,3,291,-6,-781,1291,-4268
alpha 0.01,3,292,-4,-785,1292,-4272
alpha 0.01,3,293,-5,-790,1293,-4277
alpha 0.01,3,294,-5,-795,1294,-4282
alpha 0.01,3,295,-5,-800,1295,-4287
alpha 0.01,3,296,-5,-805,1296,-4292
alpha 0.01,3,297,-5,-810,1297,-4297
alpha 0.01,3,298,-5,-815,1298,-4302
alpha 0.01,3,299,-4,-819,1299,-4306
alpha 0.01,3,300,-4,-823,1300,-4310
alpha 0.01,3,301,-4,-827,1301,-4314
alpha 0.01,3,302,-4,-831,1302,-4318
alpha 0.01,3,303,-4,-835,1303,-4322
alpha 0.01,3,304,-4,-839,1304,-4326
alpha 0.01,3,305,-4,-843,1305,-4330
alpha 0.01,3,306,-4,-847,1306,-4334
alpha 0.01,3,307,-4,-851,1307,-4338
alpha 0.01,3,308,-4,-855,1308,-4342
alpha 0.01,3,309,-4,-859,1309,-4346
alpha 0.01,3,310,-3,-862,1310,-4349
alpha 0.01,3,311,-3,-865,1311,-4352
alpha 0.01,3,312,-3,-868,1312,-4355
alpha 0.01,3,313,-3,-871,1313,-4358
alpha 0.01,3,314,-3,-874,1314,-4361
alpha 0.01,3,315,-3,-877,1315,-4364
alpha 0.01,3,316,-3,-880,1316,-4367
alpha 0.01,3,317,-3,-883,1317,-4370
alpha 0.01,3,318,-3,-886,1318,-4373
alpha 0.01,3,319,-3,-889,1319,-4376
alpha 0.01,3,320,-3,-892,1320,-4379
alpha 0.01,3,321,-3,-895,1321,-4382
alpha 0.01,3,322,-3,-898,1322,-4385
alpha 0.01,3,323,-3,-901,1323,-4388
alpha 0.01,3,324,-3,-904,1324,-4391
alpha 0.01,3,325,-3,-907,1325,-4394
alpha 0.01,3,326,-3,-910,1326,-4397
alpha 0.01,3,327,-3,-913,1327,-4400
alpha 0.01,3,328,-3,-916,1328,-4403
alpha 0.01,3,329,-3,-919,1329,-4406
alpha 0.01,3,330,-3,-922,1330,-4409
alpha 0.01,3,331,-3,-925,1331,-4412
alpha 0.01,3,332,-3,-928,1332,-4415
alpha 0.01,3,333,-3,-931,1333,-4418
alpha 0.01,3,334,-3,-934,1334,-4421
alpha 0.01,3,335,-3,-937,1335,-4424
alpha 0.01,3,336,-2,-939,1336,-4426
alpha 0.01,3,337,-2,-941,1337,-4428
alpha 0.01,3,338,-3,-944,1338,-4431
alpha 0.01,3,339,-3,-947,1339,-4434
alpha 0.01,3,340,-5,-952,1340,-4439
alpha 0.01,3,341,-5,-957,1341,-4444
alpha 0.01,3,342,-5,-962,1342,-4449
alpha 0.01,3,343,-5,-967,1343,-4454
alpha 0.01,3,344,-5,-972,1344,-4459
alpha 0.01,3,345,-3,-975,1345,-4462
alpha 0.01,3,346,-3,-978,1346,-4465
alpha 0.01,3,347,-3,-981,1347,-4468
alpha 0.01,3,348,-3,-984,1348,-4471
alpha 0.01,3,349,-3,-987,1349,-4474
alpha 0.01,3,350,-3,-990,1350,-4477
alpha 0.01,3,351,-3,-993,1351,-4480
alpha 0.01,3,352,-3,-996,1352,-4483
alpha 0.01,3,353,-3,-999,1353,-4486
alpha 0.01,3,354,-3,-1002,1354,-4489
alpha 0.01,3,355,-4,-1006,1355,-4493
alpha 0.01,3,356,-4,-1010,1356,-4497
alpha 0.01,3,357,-3,-1013,1357,-4500
alpha 0.01,3,358,-3,-1016,1358,-4503
alpha 0.01,3,359,-3,-1019,1359,-4506
alpha 0.01,3,360,-3,-1022,1360,-4509
alpha 0.01,3,361,-4,-1026,1361,-4513
alpha 0.01,3,362,-4,-1030,1362,-4517
alpha 0.01,3,363,-4,-1034,1363,-4521
alpha 0.01,3,364,-4,-1038,1364,-4525
alpha 0.01,3,365,-4,-1042,1365,-4529
alpha 0.01,3,366,-4,-1046,1366,-4533
alpha 0.01,3,367,-4,-1050,1367,-4537
alpha 0.01,3,368,-4,-1054,1368,-4541
alpha 0.01,3,369,-4,-1058,1369,-4545
alpha 0.01,3,370,-5,-1063,1370,-4550
alpha 0.01,3,371,-5,-1068,1371,-4555
alpha 0.01,3,372,-7,-1075,1372,-4562
alpha 0.01,3,373,-7,-1082,1373,-4569
alpha 0.01,3,374,-7,-1089,1374,-4576
alpha 0.01,3,375,-7,-1096,1375,-4583
alpha 0.01,3,376,-7,-1103,1376,-4590
alpha 0.01,3,377,-5,-1108,1377,-4595
alpha 0.01,3,378,-5,-1113,1378,-4600
alpha 0.01,3,379,-5,-1118,1379,-4605
alpha 0.01,3,380,-5,-1123,1380,-4610
alpha 0.01,3,381,-5,-1128,1381,-4615
alpha 0.01,3,382,-5,-1133,1382,-4620
alpha 0.01,3,383,-5,-1138,1383,-4625
alpha 0.01,3,384,-5,-1143,1384,-4630
alpha 0.01,3,385,-5,-1148,1385,-4635
alpha 0.01,3,386,-5,-1153,1386,-4640
alpha 0.01,3,387,-5,-1158,1387,-4645
alpha 0.01,3,388,-5,-1163,1388,-4650
alpha 0.01,3,389,-5,-1168,1389,-4655
alpha 0.01,3,390,-5,-1173,1390,-4660
alpha 0.01,3,391,-5,-1178,1391,-4665
alpha 0.01,3,392,-5,-1183,1392,-4670
alpha 0.01,3,393,-5,-1188,1393,-4675
alpha 0.01,3,394,-4,-1192,1394,-4679
alpha 0.01,3,395,-4,-1196,1395,-4683
alpha 0.01,3,396,-4,-1200,1396,-4687
alpha 0.01,3,397,-4,-1204,1397,-4691
alpha 0.01,3,398,-4,-1208,1398,-4695
alpha 0.01,3,399,-4,-1212,1399,-4699
alpha 0.01,3,400,-4,-1216,1400,-4703
alpha 0.01,3,401,-4,-1220,1401,-4707
alpha 0.01,3,402,-4,-1224,1402,-4711
alpha 0.01,3,403,-4,-1228,1403,-4715
alpha 0.01,3,404,-5,-1233,1404,-4720
alpha 0.01,3,405,-5,-1238,1405,-4725
alpha 0.01,3,406,-4,-1242,1406,-4729
alpha 0.01,3,407,-4,-1246,1407,-4733
alpha 0.01,3,408,-4,-1250,1408,-4737
alpha 0.01,3,409,-4,-1254,1409,-4741
alpha 0.01,3,410,-4,-1258,1410,-4745
alpha 0.01,3,411,-3,-1261,1411,-4748
alpha 0.01,3,412,-3,-1264,1412,-4751
alpha 0.01,3,413,-3,-1267,1413,-4754
alpha 0.01,3,414,-3,-1270,1414,-4757
alpha 0.01,3,415,-5,-1275,1415,-4762
alpha 0.01,3,416,-5,-1280,1416,-4767
alpha 0.01,3,417,-5,-1285,1417,-4772
alpha 0.01,3,418,-3,-1288,1418,-4775
alpha 0.01,3,419,-3,-1291,1419,-4778
alpha 0.01,3,420,-3,-1294,1420,-4781
alpha 0.01,3,421,-3,-1297,1421,-4784
alpha 0.01,3,422,-3,-1300,1422,-4787
alpha 0.01,3,423,-3,-1303,1423,-4790
alpha 0.01,3,424,-3,-1306,1424,-4793
alpha 0.01,3,425,-3,-1309,1425,-4796
alpha 0.01,3,426,-3,-1312,1426,-4799
alpha 0.01,3,427,-3,-1315,1427,-4802
alpha 0.01,3,428,-3,-1318,1428,-4805
alpha 0.01,3,429,-3,-1321,1429,-4808
alpha 0.01,3,430,-3,-1324,1430,-4811
alpha 0.01,3,431,-3,-1327,1431,-4814
alpha 0.01,3,432,-3,-1330,1432,-4817
alpha 0.01,3,433,-2,-1332,1433,-4819
alpha 0.01,3,434,-2,-1334,1434,-4821
alpha 0.01,3,435,-3,-1337,1435,-4824
alpha 0.01,3,436,-3,-1340,1436,-4827
alpha 0.01,3,437,-3,-1343,1437,-4830
alpha 0.01,3,438,-3,-1346,1438,-4833
alpha 0.01,3,439,-3,-1349,1439,-4836
alpha 0.01,3,440,-2,-1351,1440,-4838
alpha 0.01,3,441,-3,-1354,1441,-4841
alpha 0.01,3,442,-3,-1357,1442,-4844
alpha 0.01,3,443,-5,-1362,1443,-4849
alpha 0.01,3,444,-5,-1367,1444,-4854
alpha 0.01,3,445,-5,-1372,1445,-4859
alpha 0.01,3,446,-3,-1375,1446,-4862
alpha 0.01,3,447,-3,-1378,1447,-4865
alpha 0.01,3,448,-3,-1381,1448,-4868
alpha 0.01,3,449,-3,-1384,1449,-4871
alpha 0.01,3,450,-3,-1387,1450,-4874
alpha 0.01,3,451,-3,-1390,1451,-4877
alpha 0.01,3,452,-3,-1393,1452,-4880
alpha 0.01,3,453,-3,-1396,1453,-4883
alpha 0.01,3,454,-3,-1399,1454,-4886
alpha 0.01,3,455,-6,-1405,1455,-4892
alpha 0.01,3,456,-6,-1411,1456,-4898
alpha 0.01,3,457,-5,-1416,1457,-4903
alpha 0.01,3,458,-5,-1421,1458,-4908
alpha 0.01,3,459,-3,-1424,1459,-4911
alpha 0.01,3,460,-3,-1427,1460,-4914
alpha 0.01,3,461,-4,-1431,1461,-4918
alpha 0.01,3,462,-6,-1437,1462,-4924
alpha 0.01,3,463,-6,-1443,1463,-4930
alpha 0.01,3,464,-6,-1449,1464,-4936
alpha 0.01,3,465,-5,-1454,1465,-4941
alpha 0.01,3,466,-5,-1459,1466,-4946
alpha 0.01,3,467,-6,-1465,1467,-4952
alpha 0.01,3,468,-6,-1471,1468,-4958
alpha 0.01,3,469,-6,-1477,1469,-4964
alpha 0.01,3,470,-6,-1483,1470,-4970
alpha 0.01,3,471,-6,-1489,1471,-4976
alpha 0.01,3,472,-6,-1495,1472,-4982
alpha 0.01,3,473,-6,-1501,1473,-4988
alpha 0.01,3,474,-6,-1507,1474,-4994
alpha 0.01,3,475,-6,-1513,1475,-5000
alpha 0.01,3,476,-6,-1519,1476,-5006
alpha 0.01,3,477,-6,-1525,1477,-5012
alpha 0.01,3,478,-4,-1529,1478,-5016
alpha 0.01,3,479,-4,-1533,1479,-5020
alpha 0.01,3,480,-4,-1537,1480,-5024
alpha 0.01,3,481,-4,-1541,1481,-5028
alpha 0.01,3,482,-4,-1545,1482,-5032
alpha 0.01,3,483,-4,-1549,1483,-5036
alpha 0.01,3,484,-6,-1555,1484,-5042
alpha 0.01,3,485,-6,-1561,1485,-5048
alpha 0.01,3,486,-6,-1567,1486,-5054
alpha 0.01,3,487,-6,-1573,1487,-5060
alpha 0.01,3,488,-6,-1579,1488,-5066
alpha 0.01,3,489,-6,-1585,1489,-5072
alpha 0.01,3,490,-7,-1592,1490,-5079
alpha 0.01,3,491,-7,-1599,1491,-5086
alpha 0.01,3,492,-7,-1606,1492,-5093
alpha 0.01,3,493,-7,-1613,1493,-5100
alpha 0.01,3,494,-7,-1620,1494,-5107
alpha 0.01,3,495,-6,-1626,1495,-5113
alpha 0.01,3,496,-6,-1632,1496,-5119
alpha 0.01,3,497,-6,-1638,1497,-5125
alpha 0.01,3,498,-6,-1644,1498,-5131
alpha 0.01,3,499,-6,-1650,1499,-5137
alpha 0.01,3,500,-6,-1656,1500,-5143
alpha 0.01,4,1,4,4,1501,-5139
alpha 0.01,4,2,4,8,1502,-5135
alpha 0.01,4,3,2,10,1503,-5133
alpha 0.01,4,4,1,11,1504,-5132
alpha 0.01,4,5,-1,10,1505,-5133
alpha 0.01,4,6,-2,8,1506,-5135
alpha 0.01,4,7,-3,5,1507,-5138
alpha 0.01,4,8,-1,4,1508,-5139
alpha 0.01,4,9,2,6,1509,-5137
alpha 0.01,4,10,2,8,1510,-5135
alpha 0.01,4,11,-2,6,1511,-5137
alpha 0.01,4,12,-7,-1,1512,-5144
alpha 0.01,4,13,-7,-8,1513,-5151
alpha 0.01,4,14,-6,-14,1514,-5157
alpha 0.01,4,15,-5,-19,1515,-5162
alpha 0.01,4,16,-5,-24,1516,-5167
alpha 0.01,4,17,-5,-29,1517,-5172
alpha 0.01,4,18,-5,-34,1518,-5177
alpha 0.01,4,19,-5,-39,1519,-5182
alpha 0.01,4,20,-5,-44,1520,-5187
alpha 0.01,4,21,-5,-49,1521,-5192
alpha 0.01,4,22,-5,-54,1522,-5197
alpha 0.01,4,23,-5,-59,1523,-5202
alpha 0.01,4,24,-5,-64,1524,-5207
alpha 0.01,4,25,-5,-69,1525,-5212
alpha 0.01,4,26,-5,-74,1526,-5217
alpha 0.01,4,27,-3,-77,1527,-5220
alpha 0.01,4,28,-3,-80,1528,-5223
alpha 0.01,4,29,-5,-85,1529,-5228
alpha 0.01,4,30,-5,-90,1530,-5233
alpha 0.01,4,31,-5,-95,1531,-5238
alpha 0.01,4,32,-5,-100,1532,-5243
alpha 0.01,4,33,-5,-105,1533,-5248
alpha 0.01,4,34,-5,-110,1534,-5253
alpha 0.01,4,35,-5,-115,1535,-5258
alpha 0.01,4,36,-5,-120,1536,-5263
alpha 0.01,4,37,-5,-125,1537,-5268
alpha 0.01,4,38,-5,-130,1538,-5273
alpha 0.01,4,39,-5,-135,1539,-5278
alpha 0.01,4,40,-5,-140,1540,-5283
alpha 0.01,4,41,-5,-145,1541,-5288
alpha 0.01,4,42,-5,-150,1542,-5293
alpha 0.01,4,43,-5,-155,1543,-5298
alpha 0.01,4,44,-5,-160,1544,-5303
alpha 0.01,4,45,-5,-165,1545,-5308
alpha 0.01,4,46,-5,-170,1546,-5313
alpha 0.01,4,47,-5,-175,1547,-5318
alpha 0.01,4,48,-5,-180,1548,-5323
alpha 0.01,4,49,-5,-185,1549,-5328
alpha 0.01,4,50,-5,-190,1550,-5333
alpha 0.01,4,51,-5,-195,1551,-5338
alpha 0.01,4,52,-5,-200,1552,-5343
alpha 0.01,4,53,-5,-205,1553,-5348
alpha 0.01,4,54,-5,-210,1554,-5353
alpha 0.01,4,55,-5,-215,1555,-5358
alpha 0.01,4,56,-5,-220,1556,-5363
alpha 0.01,4,57,-5,-225,1557,-5368
alpha 0.01,4,58,-5,-230,1558,-5373
alpha 0.01,4,59,-5,-235,1559,-5378
alpha 0.01,4,60,-5,-240,1560,-5383
alpha 0.01,4,61,-5,-245,1561,-5388
alpha 0.01,4,62,-5,-250,1562,-5393
alpha 0.01,4,63,-5,-255,1563,-5398
alpha 0.01,4,64,-5,-260,1564,-5403
alpha 0.01,4,65,-5,-265,1565,-5408
alpha 0.01,4,66,-5,-270,1566,-5413
alpha 0.01,4,67,-5,-275,1567,-5418
alpha 0.01,4,68,-5,-280,1568,-5423
alpha 0.01,4,69,-5,-285,1569,-5428
alpha 0.01,4,70,-5,-290,1570,-5433
alpha 0.01,4,71,-5,-295,1571,-5438
alpha 0.01,4,72,-5,-300,1572,-5443
alpha 0.01,4,73,-5,-305,1573,-5448
alpha 0.01,4,74,-3,-308,1574,-5451
alpha 0.01,4,75,-3,-311,1575,-5454
alpha 0.01,4,76,-3,-314,1576,-5457
alpha 0.01,4,77,-3,-317,1577,-5460
alpha 0.01,4,78,-3,-320,1578,-5463
alpha 0.01,4,79,-3,-323,1579,-5466
alpha 0.01,4,80,-2,-325,1580,-5468
alpha 0.01,4,81,-2,-327,1581,-5470
alpha 0.01,4,82,-2,-329,1582,-5472
alpha 0.01,4,83,-2,-331,1583,-5474
alpha 0.01,4,84,-2,-333,1584,-5476
alpha 0.01,4,85,-2,-335,1585,-5478
alpha 0.01,4,86,-2,-337,1586,-5480
alpha 0.01,4,87,-2,-339,1587,-5482
alpha 0.01,4,88,-3,-342,1588,-5485
alpha 0.01,4,89,-3,-345,1589,-5488
alpha 0.01,4,90,-3,-348,1590,-5491
alpha 0.01,4,91,-3,-351,1591,-5494
alpha 0.01,4,92,-3,-354,1592,-5497
alpha 0.01,4,93,-3,-357,1593,-5500
alpha 0.01,4,94,-3,-360,1594,-5503
alpha 0.01,4,95,-3,-363,1595,-5506
alpha 0.01,4,96,-3,-366,1596,-5509
alpha 0.01,4,97,-3,-369,1597,-5512
alpha 0.01,4,98,-3,-372,1598,-5515
alpha 0.01,4,99,-2,-374,1599,-5517
alpha 0.01,4,100,-2,-376,1600,-5519
alpha 0.01,4,101,-2,-378,1601,-5521
alpha 0.01,4,102,-2,-380,1602,-5523
alpha 0.01,4,103,-2,-382,1603,-5525
alpha 0.01,4,104,-2,-384,1604,-5527
alpha 0.01,4,105,-2,-386,1605,-5529
alpha 0.01,4,106,-2,-388,1606,-5531
alpha 0.01,4,107,-2,-390,1607,-5533
alpha 0.01,4,108,-2,-392,1608,-5535
alpha 0.01,4,109,-2,-394,1609,-5537
alpha 0.01,4,110,-2,-396,1610,-5539
alpha 0.01,4,111,-2,-398,1611,-5541
alpha 0.01,4,112,-2,-400,1612,-5543
alpha 0.01,4,113,-2,-402,1613,-5545
alpha 0.01,4,114,-3,-405,1614,-5548
alpha 0.01,4,115,-3,-408,1615,-5551
alpha 0.01,4,116,-3,-411,1616,-5554
alpha 0.01,4,117,-3,-414,1617,-5557
alpha 0.01,4,118,-3,-417,1618,-5560
alpha 0.01,4,119,-3,-420,1619,-5563
alpha 0.01,4,120,-3,-423,1620,-5566
alpha 0.01,4,121,-3,-426,1621,-5569
alpha 0.01,4,122,-3,-429,1622,-5572
alpha 0.01,4,123,-3,-432,1623,-5575
alpha 0.01,4,124,-4,-436,1624,-5579
alpha 0.01,4,125,-4,-440,1625,-5583
alpha 0.01,4,126,-6,-446,1626,-5589
alpha 0.01,4,127,-6,-452,1627,-5595
alpha 0.01,4,128,-7,-459,1628,-5602
alpha 0.01,4,129,-7,-466,1629,-5609
alpha 0.01,4,130,-5,-471,1630,-5614
alpha 0.01,4,131,-5,-476,1631,-5619
alpha 0.01,4,132,-5,-481,1632,-5624
alpha 0.01,4,133,-5,-486,1633,-5629
alpha 0.01,4,134,-5,-491,1634,-5634
alpha 0.01,4,135,-5,-496,1635,-5639
alpha 0.01,4,136,-5,-501,1636,-5644
alpha 0.01,4,137,-5,-506,1637,-5649
alpha 0.01,4,138,-7,-513,1638,-5656
alpha 0.01,4,139,-7,-520,1639,-5663
alpha 0.01,4,140,-7,-527,1640,-5670
alpha 0.01,4,141,-7,-534,1641,-5677
alpha 0.01,4,142,-7,-541,1642,-5684
alpha 0.01,4,143,-7,-548,1643,-5691
alpha 0.01,4,144,-7,-555,1644,-5698
alpha 0.01,4,145,-5,-560,1645,-5703
alpha 0.01,4,146,-7,-567,1646,-5710
alpha 0.01,4,147,-7,-574,1647,-5717
alpha 0.01,4,148,-7,-581,1648,-5724
alpha 0.01,4,149,-7,-588,1649,-5731
alpha 0.01,4,150,-7,-595,1650,-5738
alpha 0.01,4,151,-7,-602,1651,-5745
alpha 0.01,4,152,-7,-609,1652,-5752
alpha 0.01,4,153,-7,-616,1653,-5759
alpha 0.01,4,154,-7,-623,1654,-5766
alpha 0.01,4,155,-7,-630,1655,-5773
alpha 0.01,4,156,-7,-637,1656,-5780
alpha 0.01,4,157,-7,-644,1657,-5787
alpha 0.01,4,158,-7,-651,1658,-5794
alpha 0.01,4,159,-7,-658,1659,-5801
alpha 0.01,4,160,-7,-665,1660,-5808
alpha 0.01,4,161,-7,-672,1661,-5815
alpha 0.01,4,162,-7,-679,1662,-5822
alpha 0.01,4,163,-7,-686,1663,-5829
alpha 0.01,4,164,-7,-693,1664,-5836
alpha 0.01,4,165,-7,-700,1665,-5843
alpha 0.01,4,166,-7,-707,1666,-5850
alpha 0.01,4,167,-7,-714,1667,-5857
alpha 0.01,4,168,-7,-721,1668,-5864
alpha 0.01,4,169,-7,-728,1669,-5871
alpha 0.01,4,170,-7,-735,1670,-5878
alpha 0.01,4,171,-7,-742,1671,-5885
alpha 0.01,4,172,-7,-749,1672,-5892
alpha 0.01,4,173,-7,-756,1673,-5899
alpha 0.01,4,174,-7,-763,1674,-5906
alpha 0.01,4,175,-7,-770,1675,-5913
alpha 0.01,4,176,-7,-777,1676,-5920
alpha 0.01,4,177,-7,-784,1677,-5927
alpha 0.01,4,178,-7,-791,1678,-5934
alpha 0.01,4,179,-7,-798,1679,-5941
alpha 0.01,4,180,-6,-804,1680,-5947
alpha 0.01,4,181,-7,-811,1681,-5954
alpha 0.01,4,182,-7,-818,1682,-5961
alpha 0.01,4,183,-7,-825,1683,-5968
alpha 0.01,4,184,-7,-832,1684,-5975
alpha 0.01,4,185,-6,-838,1685,-5981
alpha 0.01,4,186,-6,-844,1686,-5987
alpha 0.01,4,187,-6,-850,1687,-5993
alpha 0.01,4,188,-6,-856,1688,-5999
alpha 0.01,4,189,-6,-862,1689,-6005
alpha 0.01,4,190,-6,-868,1690,-6011
alpha 0.01,4,191,-6,-874,1691,-6017
alpha 0.01,4,192,-6,-880,1692,-6023
alpha 0.01,4,193,-6,-886,1693,-6029
alpha 0.01,4,194,-6,-892,1694,-6035
alpha 0.01,4,195,-6,-898,1695,-6041
alpha 0.01,4,196,-5,-903,1696,-6046
alpha 0.01,4,197,-5,-908,1697,-6051
alpha 0.01,4,198,-5,-913,1698,-6056
alpha 0.01,4,199,-5,-918,1699,-6061
alpha 0.01,4,200,-5,-923,1700,-6066
alpha 0.01,4,201,-5,-928,1701,-6071
alpha 0.01,4,202,-5,-933,1702,-6076
alpha 0.01,4,203,-5,-938,1703,-6081
alpha 0.01,4,204,-5,-943,1704,-6086
alpha 0.01,4,205,-5,-948,1705,-6091
alpha 0.01,4,206,-5,-953,1706,-6096
alpha 0.01,4,207,-5,-958,1707,-6101
alpha 0.01,4,208,-5,-963,1708,-6106
alpha 0.01,4,209,-5,-968,1709,-6111
alpha 0.01,4,210,-5,-973,1710,-6116
alpha 0.01,4,211,-5,-978,1711,-6121
alpha 0.01,4,212,-5,-983,1712,-6126
alpha 0.01,4,213,-5,-988,1713,-6131
alpha 0.01,4,214,-5,-993,1714,-6136
alpha 0.01,4,215,-5,-998,1715,-6141
alpha 0.01,4,216,-5,-1003,1716,-6146
alpha 0.01,4,217,-5,-1008,1717,-6151
alpha 0.01,4,218,-5,-1013,1718,-6156
alpha 0.01,4,219,-5,-1018,1719,-6161
alpha 0.01,4,220,-5,-1023,1720,-6166
alpha 0.01,4,221,-5,-1028,1721,-6171
alpha 0.01,4,222,-5,-1033,1722,-6176
alpha 0.01,4,223,-5,-1038,1723,-6181
alpha 0.01,4,224,-5,-1043,1724,-6186
alpha 0.01,4,225,-5,-1048,1725,-6191
alpha 0.01,4,226,-5,-1053,1726,-6196
alpha 0.01,4,227,-5,-1058,1727,-6201
alpha 0.01,4,228,-5,-1063,1728,-6206
alpha 0.01,4,229,-5,-1068,1729,-6211
alpha 0.01,4,230,-5,-1073,1730,-6216
alpha 0.01,4,231,-5,-1078,1731,-6221
alpha 0.01,4,232,-5,-1083,1732,-6226
alpha 0.01,4,233,-5,-1088,1733,-6231
alpha 0.01,4,234,-5,-1093,1734,-6236
alpha 0.01,4,235,-5,-1098,1735,-6241
alpha 0.01,4,236,-5,-1103,1736,-6246
alpha 0.01,4,237,-5,-1108,1737,-6251
alpha 0.01,4,238,-5,-1113,1738,-6256
alpha 0.01,4,239,-5,-1118,1739,-6261
alpha 0.01,4,240,-5,-1123,1740,-6266
alpha 0.01,4,241,-5,-1128,1741,-6271
alpha 0.01,4,242,-5,-1133,1742,-6276
alpha 0.01,4,243,-5,-1138,1743,-6281
alpha 0.01,4,244,-5,-1143,1744,-6286
alpha 0.01,4,245,-5,-1148,1745,-6291
alpha 0.01,4,246,-5,-1153,1746,-6296
alpha 0.01,4,247,-5,-1158,1747,-6301
alpha 0.01,4,248,-5,-1163,1748,-6306
alpha 0.01,4,249,-5,-1168,1749,-6311
alpha 0.01,4,250,-5,-1173,1750,-6316
alpha 0.01,4,251,-6,-1179,1751,-6322
alpha 0.01,4,252,-6,-1185,1752,-6328
alpha 0.01,4,253,-6,-1191,1753,-6334
alpha 0.01,4,254,-6,-1197,1754,-6340
alpha 0.01,4,255,-6,-1203,1755,-6346
alpha 0.01,4,256,-6,-1209,1756,-6352
alpha 0.01,4,257,-6,-1215,1757,-6358
alpha 0.01,4,258,-6,-1221,1758,-6364
alpha 0.01,4,259,-6,-1227,1759,-6370
alpha 0.01,4,260,-6,-1233,1760,-6376
alpha 0.01,4,261,-6,-1239,1761,-6382
alpha 0.01,4,262,-6,-1245,1762,-6388
alpha 0.01,4,263,-6,-1251,1763,-6394
alpha 0.01,4,264,-6,-1257,1764,-6400
alpha 0.01,4,265,-6,-1263,1765,-6406
alpha 0.01,4,266,-6,-1269,1766,-6412
alpha 0.01,4,267,-6,-1275,1767,-6418
alpha 0.01,4,268,-6,-1281,1768,-6424
alpha 0.01,4,269,-6,-1287,1769,-6430
alpha 0.01,4,270,-6,-1293,1770,-6436
alpha 0.01,4,271,-6,-1299,1771,-6442
alpha 0.01,4,272,-6,-1305,1772,-6448
alpha 0.01,4,273,-6,-1311,1773,-6454
alpha 0.01,4,274,-6,-1317,1774,-6460
alpha 0.01,4,275,-6,-1323,1775,-6466
alpha 0.01,4,276,-6,-1329,1776,-6472
alpha 0.01,4,277,-6,-1335,1777,-6478
alpha 0.01,4,278,-6,-1341,1778,-6484
alpha 0.01,4,279,-6,-1347,1779,-6490
alpha 0.01,4,280,-6,-1353,1780,-6496
alpha 0.01,4,281,-6,-1359,1781,-6502
alpha 0.01,4,282,-6,-1365,1782,-6508
alpha 0.01,4,283,-6,-1371,1783,-6514
alpha 0.01,4,284,-6,-1377,1784,-6520
alpha 0.01,4,285,-6,-1383,1785,-6526
alpha 0.01,4,286,-6,-1389,1786,-6532
alpha 0.01,4,287,-6,-1395,1787,-6538
alpha 0.01,4,288,-6,-1401,1788,-6544
alpha 0.01,4,289,-6,-1407,1789,-6550
alpha 0.01,4,290,-5,-1412,1790,-6555
alpha 0.01,4,291,-3,-1415,1791,-6558
alpha 0.01,4,292,-3,-1418,1792,-6561
alpha 0.01,4,293,-3,-1421,1793,-6564
alpha 0.01,4,294,-3,-1424,1794,-6567
alpha 0.01,4,295,-3,-1427,1795,-6570
alpha 0.01,4,296,-3,-1430,1796,-6573
alpha 0.01,4,297,-3,-1433,1797,-6576
alpha 0.01,4,298,-3,-1436,1798,-6579
alpha 0.01,4,299,-3,-1439,1799,-6582
alpha 0.01,4,300,-3,-1442,1800,-6585
alpha 0.01,4,301,-3,-1445,1801,-6588
alpha 0.01,4,302,-3,-1448,1802,-6591
alpha 0.01,4,303,-3,-1451,1803,-6594
alpha 0.01,4,304,-3,-1454,1804,-6597
alpha 0.01,4,305,-3,-1457,1805,-6600
alpha 0.01,4,306,-3,-1460,1806,-6603
alpha 0.01,4,307,-3,-1463,1807,-6606
alpha 0.01,4,308,-3,-1466,1808,-6609
alpha 0.01,4,309,-3,-1469,1809,-6612
alpha 0.01,4,310,-3,-1472,1810,-6615
alpha 0.01,4,311,-5,-1477,1811,-6620
alpha 0.01,4,312,-3,-1480,1812,-6623
alpha 0.01,4,313,-3,-1483,1813,-6626
alpha 0.01,4,314,-3,-1486,1814,-6629
alpha 0.01,4,315,-3,-1489,1815,-6632
alpha 0.01,4,316,-2,-1491,1816,-6634
alpha 0.01,4,317,-2,-1493,1817,-6636
alpha 0.01,4,318,-2,-1495,1818,-6638
alpha 0.01,4,319,-2,-1497,1819,-6640
alpha 0.01,4,320,-2,-1499,1820,-6642
alpha 0.01,4,321,-2,-1501,1821,-6644
alpha 0.01,4,322,-2,-1503,1822,-6646
alpha 0.01,4,323,-2,-1505,1823,-6648
alpha 0.01,4,324,-2,-1507,1824,-6650
alpha 0.01,4,325,-2,-1509,1825,-6652
alpha 0.01,4,326,-2,-1511,1826,-6654
alpha 0.01,4,327,-2,-1513,1827,-6656
alpha 0.01,4,328,-2,-1515,1828,-6658
alpha 0.01,4,329,-2,-1517,1829,-6660
alpha 0.01,4,330,-2,-1519,1830,-6662
alpha 0.01,4,331,-2,-1521,1831,-6664
alpha 0.01,4,332,-2,-1523,1832,-6666
alpha 0.01,4,333,-2,-1525,1833,-6668
alpha 0.01,4,334,-2,-1527,1834,-6670
alpha 0.01,4,335,-2,-1529,1835,-6672
alpha 0.01,4,336,-2,-1531,1836,-6674
alpha 0.01,4,337,-3,-1534,1837,-6677
alpha 0.01,4,338,-3,-1537,1838,-6680
alpha 0.01,4,339,-3,-1540,1839,-6683
alpha 0.01,4,340,-3,-1543,1840,-6686
alpha 0.01,4,341,-3,-1546,1841,-6689
alpha 0.01,4,342,-3,-1549,1842,-6692
alpha 0.01,4,343,-3,-1552,1843,-6695
alpha 0.01,4,344,-3,-1555,1844,-6698
alpha 0.01,4,345,-3,-1558,1845,-6701
alpha 0.01,4,346,-3,-1561,1846,-6704
alpha 0.01,4,347,-3,-1564,1847,-6707
alpha 0.01,4,348,-3,-1567,1848,-6710
alpha 0.01,4,349,-3,-1570,1849,-6713
alpha 0.01,4,350,-3,-1573,1850,-6716
alpha 0.01,4,351,-3,-1576,1851,-6719
alpha 0.01,4,352,-3,-1579,1852,-6722
alpha 0.01,4,353,-4,-1583,1853,-6726
alpha 0.01,4,354,-5,-1588,1854,-6731
alpha 0.01,4,355,-5,-1593,1855,-6736
alpha 0.01,4,356,-5,-1598,1856,-6741
alpha 0.01,4,357,-5,-1603,1857,-6746
alpha 0.01,4,358,-5,-1608,1858,-6751
alpha 0.01,4,359,-5,-1613,1859,-6756
alpha 0.01,4,360,-5,-1618,1860,-6761
alpha 0.01,4,361,-4,-1622,1861,-6765
alpha 0.01,4,362,-4,-1626,1862,-6769
alpha 0.01,4,363,-4,-1630,1863,-6773
alpha 0.01,4,364,-4,-1634,1864,-6777
alpha 0.01,4,365,-4,-1638,1865,-6781
alpha 0.01,4,366,-4,-1642,1866,-6785
alpha 0.01,4,367,-4,-1646,1867,-6789
alpha 0.01,4,368,-4,-1650,1868,-6793
alpha 0.01,4,369,-4,-1654,1869,-6797
alpha 0.01,4,370,-4,-1658,1870,-6801
alpha 0.01,4,371,-4,-1662,1871,-6805
alpha 0.01,4,372,-4,-1666,1872,-6809
alpha 0.01,4,373,-4,-1670,1873,-6813
alpha 0.01,4,374,-4,-1674,1874,-6817
alpha 0.01,4,375,-4,-1678,1875,-6821
alpha 0.01,4,376,-4,-1682,1876,-6825
alpha 0.01,4,377,-4,-1686,1877,-6829
alpha 0.01,4,378,-4,-1690,1878,-6833
alpha 0.01,4,379,-4,-1694,1879,-6837
alpha 0.01,4,380,-4,-1698,1880,-6841
alpha 0.01,4,381,-4,-1702,1881,-6845
alpha 0.01,4,382,-4,-1706,1882,-6849
alpha 0.01,4,383,-4,-1710,1883,-6853
alpha 0.01,4,384,-4,-1714,1884,-6857
alpha 0.01,4,385,-4,-1718,1885,-6861
alpha 0.01,4,386,-4,-1722,1886,-6865
alpha 0.01,4,387,-4,-1726,1887,-6869
alpha 0.01,4,388,-4,-1730,1888,-6873
alpha 0.01,4,389,-4,-1734,1889,-6877
alpha 0.01,4,390,-5,-1739,1890,-6882
alpha 0.01,4,391,-5,-1744,1891,-6887
alpha 0.01,4,392,-5,-1749,1892,-6892
alpha 0.01,4,393,-5,-1754,1893,-6897
alpha 0.01,4,394,-5,-1759,1894,-6902
alpha 0.01,4,395,-5,-1764,1895,-6907
alpha 0.01,4,396,-5,-1769,1896,-6912
alpha 0.01,4,397,-5,-1774,1897,-6917
alpha 0.01,4,398,-5,-1779,1898,-6922
alpha 0.01,4,399,-5,-1784,1899,-6927
alpha 0.01,4,400,-5,-1789,1900,-6932
alpha 0.01,4,401,-5,-1794,1901,-6937
alpha 0.01,4,402,-5,-1799,1902,-6942
alpha 0.01,4,403,-5,-1804,1903,-6947
alpha 0.01,4,404,-5,-1809,1904,-6952
alpha 0.01,4,405,-5,-1814,1905,-6957
alpha 0.01,4,406,-5,-1819,1906,-6962
alpha 0.01,4,407,-6,-1825,1907,-6968
alpha 0.01,4,408,-6,-1831,1908,-6974
alpha 0.01,4,409,-6,-1837,1909,-6980
alpha 0.01,4,410,-6,-1843,1910,-6986
alpha 0.01,4,411,-6,-1849,1911,-6992
alpha 0.01,4,412,-6,-1855,1912,-6998
alpha 0.01,4,413,-6,-1861,1913,-7004
alpha 0.01,4,414,-6,-1867,1914,-7010
alpha 0.01,4,415,-6,-1873,1915,-7016
alpha 0.01,4,416,-6,-1879,1916,-7022
alpha 0.01,4,417,-6,-1885,1917,-7028
alpha 0.01,4,418,-6,-1891,1918,-7034
alpha 0.01,4,419,-8,-1899,1919,-7042
alpha 0.01,4,420,-7,-1906,1920,-7049
alpha 0.01,4,421,-7,-1913,1921,-7056
alpha 0.01,4,422,-7,-1920,1922,-7063
alpha 0.01,4,423,-7,-1927,1923,-7070
alpha 0.01,4,424,-7,-1934,1924,-7077
alpha 0.01,4,425,-7,-1941,1925,-7084
alpha 0.01,4,426,-7,-1948,1926,-7091
alpha 0.01,4,427,-7,-1955,1927,-7098
alpha 0.01,4,428,-7,-1962,1928,-7105
alpha 0.01,4,429,-7,-1969,1929,-7112
alpha 0.01,4,430,-7,-1976,1930,-7119
alpha 0.01,4,431,-7,-1983,1931,-7126
alpha 0.01,4,432,-7,-1990,1932,-7133
alpha 0.01,4,433,-7,-1997,1933,-7140
alpha 0.01,4,434,-7,-2004,1934,-7147
alpha 0.01,4,435,-7,-2011,1935,-7154
alpha 0.01,4,436,-7,-2018,1936,-7161
alpha 0.01,4,437,-7,-2025,1937,-7168
alpha 0.01,4,438,-7,-2032,1938,-7175
alpha 0.01,4,439,-7,-2039,1939,-7182
alpha 0.01,4,440,-7,-2046,1940,-7189
alpha 0.01,4,441,-7,-2053,1941,-7196
alpha 0.01,4,442,-7,-2060,1942,-7203
alpha 0.01,4,443,-7,-2067,1943,-7210
alpha 0.01,4,444,-7,-2074,1944,-7217
alpha 0.01,4,445,-6,-2080,1945,-7223
alpha 0.01,4,446,-6,-2086,1946,-7229
alpha 0.01,4,447,-6,-2092,1947,-7235
alpha 0.01,4,448,-6,-2098,1948,-7241
alpha 0.01,4,449,-6,-2104,1949,-7247
alpha 0.01,4,450,-3,-2107,1950,-7250
alpha 0.01,4,451,-3,-2110,1951,-7253
alpha 0.01,4,452,-3,-2113,1952,-7256
alpha 0.01,4,453,-3,-2116,1953,-7259
alpha 0.01,4,454,-5,-2121,1954,-7264
alpha 0.01,4,455,-5,-2126,1955,-7269
alpha 0.01,4,456,-5,-2131,1956,-7274
alpha 0.01,4,457,-5,-2136,1957,-7279
alpha 0.01,4,458,-5,-2141,1958,-7284
alpha 0.01,4,459,-5,-2146,1959,-7289
alpha 0.01,4,460,-5,-2151,1960,-7294
alpha 0.01,4,461,-5,-2156,1961,-7299
alpha 0.01,4,462,-5,-2161,1962,-7304
alpha 0.01,4,463,-5,-2166,1963,-7309
alpha 0.01,4,464,-5,-2171,1964,-7314
alpha 0.01,4,465,-3,-2174,1965,-7317
alpha 0.01,4,466,-3,-2177,1966,-7320
alpha 0.01,4,467,-5,-2182,1967,-7325
alpha 0.01,4,468,-5,-2187,1968,-7330
alpha 0.01,4,469,-5,-2192,1969,-7335
alpha 0.01,4,470,-5,-2197,1970,-7340
alpha 0.01,4,471,-5,-2202,1971,-7345
alpha 0.01,4,472,-5,-2207,1972,-7350
alpha 0.01,4,473,-5,-2212,1973,-7355
alpha 0.01,4,474,-5,-2217,1974,-7360
alpha 0.01,4,475,-5,-2222,1975,-7365
alpha 0.01,4,476,-6,-2228,1976,-7371
alpha 0.01,4,477,-6,-2234,1977,-7377
alpha 0.01,4,478,-6,-2240,1978,-7383
alpha 0.01,4,479,-6,-2246,1979,-7389
alpha 0.01,4,480,-6,-2252,1980,-7395
alpha 0.01,4,481,-6,-2258,1981,-7401
alpha 0.01,4,482,-6,-2264,1982,-7407
alpha 0.01,4,483,-6,-2270,1983,-7413
alpha 0.01,4,484,-7,-2277,1984,-7420
alpha 0.01,4,485,-7,-2284,1985,-7427
alpha 0.01,4,486,-7,-2291,1986,-7434
alpha 0.01,4,487,-7,-2298,1987,-7441
alpha 0.01,4,488,-7,-2305,1988,-7448
alpha 0.01,4,489,-5,-2310,1989,-7453
alpha 0.01,4,490,-5,-2315,1990,-7458
alpha 0.01,4,491,-5,-2320,1991,-7463
alpha 0.01,4,492,-5,-2325,1992,-7468
alpha 0.01,4,493,-5,-2330,1993,-7473
alpha 0.01,4,494,-5,-2335,1994,-7478
alpha 0.01,4,495,-5,-2340,1995,-7483
alpha 0.01,4,496,-5,-2345,1996,-7488
alpha 0.01,4,497,-5,-2350,1997,-7493
alpha 0.01,4,498,-5,-2355,1998,-7498
alpha 0.01,4,499,-5,-2360,1999,-7503
alpha 0.01,4,500,-5,-2365,2000,-7508
alpha 0.01,5,1,4,4,2001,-7504
alpha 0.01,5,2,2,6,2002,-7502
alpha 0.01,5,3,1,7,2003,-7501
alpha 0.01,5,4,-2,5,2004,-7503
alpha 0.01,5,5,-4,1,2005,-7507
alpha 0.01,5,6,-6,-5,2006,-7513
alpha 0.01,5,7,-6,-11,2007,-7519
alpha 0.01,5,8,-10,-21,2008,-7529
alpha 0.01,5,9,-8,-29,2009,-7537
alpha 0.01,5,10,-8,-37,2010,-7545
alpha 0.01,5,11,-7,-44,2011,-7552
alpha 0.01,5,12,-7,-51,2012,-7559
alpha 0.01,5,13,-7,-58,2013,-7566
alpha 0.01,5,14,-7,-65,2014,-7573
alpha 0.01,5,15,-7,-72,2015,-7580
alpha 0.01,5,16,-7,-79,2016,-7587
alpha 0.01,5,17,-7,-86,2017,-7594
alpha 0.01,5,18,-8,-94,2018,-7602
alpha 0.01,5,19,-8,-102,2019,-7610
alpha 0.01,5,20,-8,-110,2020,-7618
alpha 0.01,5,21,-8,-118,2021,-7626
alpha 0.01,5,22,-8,-126,2022,-7634
alpha 0.01,5,23,-8,-134,2023,-7642
alpha 0.01,5,24,-8,-142,2024,-7650
alpha 0.01,5,25,-8,-150,2025,-7658
alpha 0.01,5,26,-8,-158,2026,-7666
alpha 0.01,5,27,-8,-166,2027,-7674
alpha 0.01,5,28,-8,-174,2028,-7682
alpha 0.01,5,29,-8,-182,2029,-7690
alpha 0.01,5,30,-8,-190,2030,-7698
alpha 0.01,5,31,-8,-198,2031,-7706
alpha 0.01,5,32,-8,-206,2032,-7714
alpha 0.01,5,33,-8,-214,2033,-7722
alpha 0.01,5,34,-8,-222,2034,-7730
alpha 0.01,5,35,-8,-230,2035,-7738
alpha 0.01,5,36,-8,-238,2036,-7746
alpha 0.01,5,37,-8,-246,2037,-7754
alpha 0.01,5,38,-8,-254,2038,-7762
alpha 0.01,5,39,-8,-262,2039,-7770
alpha 0.01,5,40,-8,-270,2040,-7778
alpha 0.01,5,41,-8,-278,2041,-7786
alpha 0.01,5,42,-8,-286,2042,-7794
alpha 0.01,5,43,-8,-294,2043,-7802
alpha 0.01,5,44,-8,-302,2044,-7810
alpha 0.01,5,45,-8,-310,2045,-7818
alpha 0.01,5,46,-8,-318,2046,-7826
alpha 0.01,5,47,-8,-326,2047,-7834
alpha 0.01,5,48,-8,-334,2048,-7842
alpha 0.01,5,49,-8,-342,2049,-7850
alpha 0.01,5,50,-8,-350,2050,-7858
alpha 0.01,5,51,-8,-358,2051,-7866
alpha 0.01,5,52,-8,-366,2052,-7874
alpha 0.01,5,53,-5,-371,2053,-7879
alpha 0.01,5,54,-5,-376,2054,-7884
alpha 0.01,5,55,-5,-381,2055,-7889
alpha 0.01,5,56,-5,-386,2056,-7894
alpha 0.01,5,57,-5,-391,2057,-7899
alpha 0.01,5,58,-5,-396,2058,-7904
alpha 0.01,5,59,-5,-401,2059,-7909
alpha 0.01,5,60,-5,-406,2060,-7914
alpha 0.01,5,61,-5,-411,2061,-7919
alpha 0.01,5,62,-5,-416,2062,-7924
alpha 0.01,5,63,-5,-421,2063,-7929
alpha 0.01,5,64,-5,-426,2064,-7934
alpha 0.01,5,65,-5,-431,2065,-7939
alpha 0.01,5,66,-5,-436,2066,-7944
alpha 0.01,5,67,-5,-441,2067,-7949
alpha 0.01,5,68,-5,-446,2068,-7954
alpha 0.01,5,69,-5,-451,2069,-7959
alpha 0.01,5,70,-5,-456,2070,-7964
alpha 0.01,5,71,-5,-461,2071,-7969
alpha 0.01,5,72,-5,-466,2072,-7974
alpha 0.01,5,73,-5,-471,2073,-7979
alpha 0.01,5,74,-5,-476,2074,-7984
alpha 0.01,5,75,-5,-481,2075,-7989
alpha 0.01,5,76,-4,-485,2076,-7993
alpha 0.01,5,77,-4,-489,2077,-7997
alpha 0.01,5,78,-4,-493,2078,-8001
alpha 0.01,5,79,-4,-497,2079,-8005
alpha 0.01,5,80,-4,-501,2080,-8009
alpha 0.01,5,81,-4,-505,2081,-8013
alpha 0.01,5,82,-4,-509,2082,-8017
alpha 0.01,5,83,-3,-512,2083,-8020
alpha 0.01,5,84,-3,-515,2084,-8023
alpha 0.01,5,85,-3,-518,2085,-8026
alpha 0.01,5,86,-3,-521,2086,-8029
alpha 0.01,5,87,1,-520,2087,-8028
alpha 0.01,5,88,1,-519,2088,-8027
alpha 0.01,5,89,1,-518,2089,-8026
alpha 0.01,5,90,1,-517,2090,-8025
alpha 0.01,5,91,-3,-520,2091,-8028
alpha 0.01,5,92,-3,-523,2092,-8031
alpha 0.01,5,93,-2,-525,2093,-8033
alpha 0.01,5,94,-2,-527,2094,-8035
alpha 0.01,5,95,-3,-530,2095,-8038
alpha 0.01,5,96,-3,-533,2096,-8041
alpha 0.01,5,97,-3,-536,2097,-8044
alpha 0.01,5,98,-5,-541,2098,-8049
alpha 0.01,5,99,-5,-546,2099,-8054
alpha 0.01,5,100,-5,-551,2100,-8059
alpha 0.01,5,101,-5,-556,2101,-8064
alpha 0.01,5,102,-5,-561,2102,-8069
alpha 0.01,5,103,-5,-566,2103,-8074
alpha 0.01,5,104,-5,-571,2104,-8079
alpha 0.01,5,105,-5,-576,2105,-8084
alpha 0.01,5,106,-5,-581,2106,-8089
alpha 0.01,5,107,-5,-586,2107,-8094
alpha 0.01,5,108,-5,-591,2108,-8099
alpha 0.01,5,109,-5,-596,2109,-8104
alpha 0.01,5,110,-5,-601,2110,-8109
alpha 0.01,5,111,-5,-606,2111,-8114
alpha 0.01,5,112,-5,-611,2112,-8119
alpha 0.01,5,113,-5,-616,2113,-8124
alpha 0.01,5,114,-5,-621,2114,-8129
alpha 0.01,5,115,-5,-626,2115,-8134
alpha 0.01,5,116,-5,-631,2116,-8139
alpha 0.01,5,117,-5,-636,2117,-8144
alpha 0.01,5,118,-5,-641,2118,-8149
alpha 0.01,5,119,-5,-646,2119,-8154
alpha 0.01,5,120,-5,-651,2120,-8159
alpha 0.01,5,121,-5,-656,2121,-8164
alpha 0.01,5,122,-5,-661,2122,-8169
alpha 0.01,5,123,-5,-666,2123,-8174
alpha 0.01,5,124,-5,-671,2124,-8179
alpha 0.01,5,125,-5,-676,2125,-8184
alpha 0.01,5,126,-5,-681,2126,-8189
alpha 0.01,5,127,-5,-686,2127,-8194
alpha 0.01,5,128,-5,-691,2128,-8199
alpha 0.01,5,129,-6,-697,2129,-8205
alpha 0.01,5,130,-7,-704,2130,-8212
alpha 0.01,5,131,-7,-711,2131,-8219
alpha 0.01,5,132,-6,-717,2132,-8225
alpha 0.01,5,133,-6,-723,2133,-8231
alpha 0.01,5,134,-6,-729,2134,-8237
alpha 0.01,5,135,-6,-735,2135,-8243
alpha 0.01,5,136,-7,-742,2136,-8250
alpha 0.01,5,137,-7,-749,2137,-8257
alpha 0.01,5,138,-7,-756,2138,-8264
alpha 0.01,5,139,-7,-763,2139,-8271
alpha 0.01,5,140,-7,-770,2140,-8278
alpha 0.01,5,141,-7,-777,2141,-8285
alpha 0.01,5,142,-7,-784,2142,-8292
alpha 0.01,5,143,-7,-791,2143,-8299
alpha 0.01,5,144,-7,-798,2144,-8306
alpha 0.01,5,145,-7,-805,2145,-8313
alpha 0.01,5,146,-7,-812,2146,-8320
alpha 0.01,5,147,-7,-819,2147,-8327
alpha 0.01,5,148,-7,-826,2148,-8334
alpha 0.01,5,149,-7,-833,2149,-8341
alpha 0.01,5,150,-7,-840,2150,-8348
alpha 0.01,5,151,-7,-847,2151,-8355
alpha 0.01,5,152,-7,-854,2152,-8362
alpha 0.01,5,153,-7,-861,2153,-8369
alpha 0.01,5,154,-7,-868,2154,-8376
alpha 0.01,5,155,-7,-875,2155,-8383
alpha 0.01,5,156,-7,-882,2156,-8390
alpha 0.01,5,157,-7,-889,2157,-8397
alpha 0.01,5,158,-7,-896,2158,-8404
alpha 0.01,5,159,-7,-903,2159,-8411
alpha 0.01,5,160,-7,-910,2160,-8418
alpha 0.01,5,161,-7,-917,2161,-8425
alpha 0.01,5,162,-7,-924,2162,-8432
alpha 0.01,5,163,-7,-931,2163,-8439
alpha 0.01,5,164,-7,-938,2164,-8446
alpha 0.01,5,165,-7,-945,2165,-8453
alpha 0.01,5,166,-7,-952,2166,-8460
alpha 0.01,5,167,-7,-959,2167,-8467
alpha 0.01,5,168,-7,-966,2168,-8474
alpha 0.01,5,169,-7,-973,2169,-8481
alpha 0.01,5,170,-7,-980,2170,-8488
alpha 0.01,5,171,-7,-987,2171,-8495
alpha 0.01,5,172,-7,-994,2172,-8502
alpha 0.01,5,173,-7,-1001,2173,-8509
alpha 0.01,5,174,-7,-1008,2174,-8516
alpha 0.01,5,175,-7,-1015,2175,-8523
alpha 0.01,5,176,-7,-1022,2176,-8530
alpha 0.01,5,177,-7,-1029,2177,-8537
alpha 0.01,5,178,-7,-1036,2178,-8544
alpha 0.01,5,179,-7,-1043,2179,-8551
alpha 0.01,5,180,-7,-1050,2180,-8558
alpha 0.01,5,181,-7,-1057,2181,-8565
alpha 0.01,5,182,-7,-1064,2182,-8572
alpha 0.01,5,183,-7,-1071,2183,-8579
alpha 0.01,5,184,-7,-1078,2184,-8586
alpha 0.01,5,185,-7,-1085,2185,-8593
alpha 0.01,5,186,-7,-1092,2186,-8600
alpha 0.01,5,187,-7,-1099,2187,-8607
alpha 0.01,5,188,-7,-1106,2188,-8614
alpha 0.01,5,189,-7,-1113,2189,-8621
alpha 0.01,5,190,-7,-1120,2190,-8628
alpha 0.01,5,191,-7,-1127,2191,-8635
alpha 0.01,5,192,-7,-1134,2192,-8642
alpha 0.01,5,193,-7,-1141,2193,-8649
alpha 0.01,5,194,-7,-1148,2194,-8656
alpha 0.01,5,195,-7,-1155,2195,-8663
alpha 0.01,5,196,-7,-1162,2196,-8670
alpha 0.01,5,197,-7,-1169,2197,-8677
alpha 0.01,5,198,-7,-1176,2198,-8684
alpha 0.01,5,199,-7,-1183,2199,-8691
alpha 0.01,5,200,-7,-1190,2200,-8698
alpha 0.01,5,201,-7,-1197,2201,-8705
alpha 0.01,5,202,-7,-1204,2202,-8712
alpha 0.01,5,203,-7,-1211,2203,-8719
alpha 0.01,5,204,-7,-1218,2204,-8726
alpha 0.01,5,205,-7,-1225,2205,-8733
alpha 0.01,5,206,-7,-1232,2206,-8740
alpha 0.01,5,207,-7,-1239,2207,-8747
alpha 0.01,5,208,-7,-1246,2208,-8754
alpha 0.01,5,209,-6,-1252,2209,-8760
alpha 0.01,5,210,-6,-1258,2210,-8766
alpha 0.01,5,211,-6,-1264,2211,-8772
alpha 0.01,5,212,-6,-1270,2212,-8778
alpha 0.01,5,213,-6,-1276,2213,-8784
alpha 0.01,5,214,-5,-1281,2214,-8789
alpha 0.01,5,215,-5,-1286,2215,-8794
alpha 0.01,5,216,-5,-1291,2216,-8799
alpha 0.01,5,217,-5,-1296,2217,-8804
alpha 0.01,5,218,-5,-1301,2218,-8809
alpha 0.01,5,219,-5,-1306,2219,-8814
alpha 0.01,5,220,-5,-1311,2220,-8819
alpha 0.01,5,221,-5,-1316,2221,-8824
alpha 0.01,5,222,-5,-1321,2222,-8829
alpha 0.01,5,223,-5,-1326,2223,-8834
alpha 0.01,5,224,-5,-1331,2224,-8839
alpha 0.01,5,225,-5,-1336,2225,-8844
alpha 0.01,5,226,-5,-1341,2226,-8849
alpha 0.01,5,227,-5,-1346,2227,-8854
alpha 0.01,5,228,-5,-1351,2228,-8859
alpha 0.01,5,229,-5,-1356,2229,-8864
alpha 0.01,5,230,-5,-1361,2230,-8869
alpha 0.01,5,231,-5,-1366,2231,-8874
alpha 0.01,5,232,-5,-1371,2232,-8879
alpha 0.01,5,233,-5,-1376,2233,-8884
alpha 0.01,5,234,-6,-1382,2234,-8890
alpha 0.01,5,235,-6,-1388,2235,-8896
alpha 0.01,5,236,-6,-1394,2236,-8902
alpha 0.01,5,237,-7,-1401,2237,-8909
alpha 0.01,5,238,-6,-1407,2238,-8915
alpha 0.01,5,239,-6,-1413,2239,-8921
alpha 0.01,5,240,-7,-1420,2240,-8928
alpha 0.01,5,241,-7,-1427,2241,-8935
alpha 0.01,5,242,-7,-1434,2242,-8942
alpha 0.01,5,243,-7,-1441,2243,-8949
alpha 0.01,5,244,-7,-1448,2244,-8956
alpha 0.01,5,245,-7,-1455,2245,-8963
alpha 0.01,5,246,-7,-1462,2246,-8970
alpha 0.01,5,247,-7,-1469,2247,-8977
alpha 0.01,5,248,-7,-1476,2248,-8984
alpha 0.01,5,249,-7,-1483,2249,-8991
alpha 0.01,5,250,-7,-1490,2250,-8998
alpha 0.01,5,251,-7,-1497,2251,-9005
alpha 0.01,5,252,-7,-1504,2252,-9012
alpha 0.01,5,253,-7,-1511,2253,-9019
alpha 0.01,5,254,-7,-1518,2254,-9026
alpha 0.01,5,255,-7,-1525,2255,-9033
alpha 0.01,5,256,-7,-1532,2256,-9040
alpha 0.01,5,257,-7,-1539,2257,-9047
alpha 0.01,5,258,-7,-1546,2258,-9054
alpha 0.01,5,259,-7,-1553,2259,-9061
alpha 0.01,5,260,-7,-1560,2260,-9068
alpha 0.01,5,261,-7,-1567,2261,-9075
alpha 0.01,5,262,-7,-1574,2262,-9082
alpha 0.01,5,263,-7,-1581,2263,-9089
alpha 0.01,5,264,-7,-1588,2264,-9096
alpha 0.01,5,265,-7,-1595,2265,-9103
alpha 0.01,5,266,-7,-1602,2266,-9110
alpha 0.01,5,267,-7,-1609,2267,-9117
alpha 0.01,5,268,-7,-1616,2268,-9124
alpha 0.01,5,269,-7,-1623,2269,-9131
alpha 0.01,5,270,-7,-1630,2270,-9138
alpha 0.01,5,271,-7,-1637,2271,-9145
alpha 0.01,5,272,-7,-1644,2272,-9152
alpha 0.01,5,273,-7,-1651,2273,-9159
alpha 0.01,5,274,-7,-1658,2274,-9166
alpha 0.01,5,275,-7,-1665,2275,-9173
alpha 0.01,5,276,-7,-1672,2276,-9180
alpha 0.01,5,277,-7,-1679,2277,-9187
alpha 0.01,5,278,-7,-1686,2278,-9194
alpha 0.01,5,279,-7,-1693,2279,-9201
alpha 0.01,5,280,-7,-1700,2280,-9208
alpha 0.01,5,281,-7,-1707,2281,-9215
alpha 0.01,5,282,-7,-1714,2282,-9222
alpha 0.01,5,283,-7,-1721,2283,-9229
alpha 0.01,5,284,-7,-1728,2284,-9236
alpha 0.01,5,285,-7,-1735,2285,-9243
alpha 0.01,5,286,-7,-1742,2286,-9250
alpha 0.01,5,287,-7,-1749,2287,-9257
alpha 0.01,5,288,-7,-1756,2288,-9264
alpha 0.01,5,289,-5,-1761,2289,-9269
alpha 0.01,5,290,-5,-1766,2290,-9274
alpha 0.01,5,291,-5,-1771,2291,-9279
alpha 0.01,5,292,-6,-1777,2292,-9285
alpha 0.01,5,293,-6,-1783,2293,-9291
alpha 0.01,5,294,-6,-1789,2294,-9297
alpha 0.01,5,295,-6,-1795,2295,-9303
alpha 0.01,5,296,-5,-1800,2296,-9308
alpha 0.01,5,297,-5,-1805,2297,-9313
alpha 0.01,5,298,-5,-1810,2298,-9318
alpha 0.01,5,299,-5,-1815,2299,-9323
alpha 0.01,5,300,-5,-1820,2300,-9328
alpha 0.01,5,301,-4,-1824,2301,-9332
alpha 0.01,5,302,-4,-1828,2302,-9336
alpha 0.01,5,303,-4,-1832,2303,-9340
alpha 0.01,5,304,-5,-1837,2304,-9345
alpha 0.01,5,305,-7,-1844,2305,-9352
alpha 0.01,5,306,-7,-1851,2306,-9359
alpha 0.01,5,307,-7,-1858,2307,-9366
alpha 0.01,5,308,-7,-1865,2308,-9373
alpha 0.01,5,309,-7,-1872,2309,-9380
alpha 0.01,5,310,-7,-1879,2310,-9387
alpha 0.01,5,311,-7,-1886,2311,-9394
alpha 0.01,5,312,-7,-1893,2312,-9401
alpha 0.01,5,313,-7,-1900,2313,-9408
alpha 0.01,5,314,-7,-1907,2314,-9415
alpha 0.01,5,315,-4,-1911,2315,-9419
alpha 0.01,5,316,-4,-1915,2316,-9423
alpha 0.01,5,317,-4,-1919,2317,-9427
alpha 0.01,5,318,-4,-1923,2318,-9431
alpha 0.01,5,319,-4,-1927,2319,-9435
alpha 0.01,5,320,-3,-1930,2320,-9438
alpha 0.01,5,321,2,-1928,2321,-9436
alpha 0.01,5,322,1,-1927,2322,-9435
alpha 0.01,5,323,4,-1923,2323,-9431
alpha 0.01,5,324,-2,-1925,2324,-9433
alpha 0.01,5,325,-2,-1927,2325,-9435
alpha 0.01,5,326,-5,-1932,2326,-9440
alpha 0.01,5,327,-5,-1937,2327,-9445
alpha 0.01,5,328,-5,-1942,2328,-9450
alpha 0.01,5,329,-5,-1947,2329,-9455
alpha 0.01,5,330,-5,-1952,2330,-9460
alpha 0.01,5,331,-5,-1957,2331,-9465
alpha 0.01,5,332,-6,-1963,2332,-9471
alpha 0.01,5,333,-5,-1968,2333,-9476
alpha 0.01,5,334,-3,-1971,2334,-9479
alpha 0.01,5,335,-3,-1974,2335,-9482
alpha 0.01,5,336,-2,-1976,2336,-9484
alpha 0.01,5,337,-2,-1978,2337,-9486
alpha 0.01,5,338,-2,-1980,2338,-9488
alpha 0.01,5,339,-4,-1984,2339,-9492
alpha 0.01,5,340,-4,-1988,2340,-9496
alpha 0.01,5,341,-4,-1992,2341,-9500
alpha 0.01,5,342,-4,-1996,2342,-9504
alpha 0.01,5,343,-4,-2000,2343,-9508
alpha 0.01,5,344,-6,-2006,2344,-9514
alpha 0.01,5,345,-6,-2012,2345,-9520
alpha 0.01,5,346,-6,-2018,2346,-9526
alpha 0.01,5,347,-5,-2023,2347,-9531
alpha 0.01,5,348,-5,-2028,2348,-9536
alpha 0.01,5,349,-5,-2033,2349,-9541
alpha 0.01,5,350,-5,-2038,2350,-9546
alpha 0.01,5,351,-5,-2043,2351,-9551
alpha 0.01,5,352,-5,-2048,2352,-9556
alpha 0.01,5,353,-5,-2053,2353,-9561
alpha 0.01,5,354,-5,-2058,2354,-9566
alpha 0.01,5,355,-5,-2063,2355,-9571
alpha 0.01,5,356,-5,-2068,2356,-9576
alpha 0.01,5,357,-5,-2073,2357,-9581
alpha 0.01,5,358,-5,-2078,2358,-9586
alpha 0.01,5,359,-5,-2083,2359,-9591
alpha 0.01,5,360,-5,-2088,2360,-9596
alpha 0.01,5,361,-5,-2093,2361,-9601
alpha 0.01,5,362,-5,-2098,2362,-9606
alpha 0.01,5,363,-5,-2103,2363,-9611
alpha 0.01,5,364,-5,-2108,2364,-9616
alpha 0.01,5,365,-5,-2113,2365,-9621
alpha 0.01,5,366,-5,-2118,2366,-9626
alpha 0.01,5,367,-5,-2123,2367,-9631
alpha 0.01,5,368,-5,-2128,2368,-9636
alpha 0.01,5,369,-5,-2133,2369,-9641
alpha 0.01,5,370,-5,-2138,2370,-9646
alpha 0.01,5,371,-5,-2143,2371,-9651
alpha 0.01,5,372,-5,-2148,2372,-9656
alpha 0.01,5,373,-5,-2153,2373,-9661
alpha 0.01,5,374,-5,-2158,2374,-9666
alpha 0.01,5,375,-5,-2163,2375,-9671
alpha 0.01,5,376,-5,-2168,2376,-9676
alpha 0.01,5,377,-5,-2173,2377,-9681
alpha 0.01,5,378,-5,-2178,2378,-9686
alpha 0.01,5,379,-5,-2183,2379,-9691
alpha 0.01,5,380,-5,-2188,2380,-9696
alpha 0.01,5,381,-5,-2193,2381,-9701
alpha 0.01,5,382,-5,-2198,2382,-9706
alpha 0.01,5,383,-5,-2203,2383,-9711
alpha 0.01,5,384,-5,-2208,2384,-9716
alpha 0.01,5,385,-5,-2213,2385,-9721
alpha 0.01,5,386,-5,-2218,2386,-9726
alpha 0.01,5,387,-5,-2223,2387,-9731
alpha 0.01,5,388,-5,-2228,2388,-9736
alpha 0.01,5,389,-5,-2233,2389,-9741
alpha 0.01,5,390,-5,-2238,2390,-9746
alpha 0.01,5,391,-5,-2243,2391,-9751
alpha 0.01,5,392,-5,-2248,2392,-9756
alpha 0.01,5,393,-5,-2253,2393,-9761
alpha 0.01,5,394,-5,-2258,2394,-9766
alpha 0.01,5,395,-5,-2263,2395,-9771
alpha 0.01,5,396,-5,-2268,2396,-9776
alpha 0.01,5,397,-5,-2273,2397,-9781
alpha 0.01,5,398,-5,-2278,2398,-9786
alpha 0.01,5,399,-5,-2283,2399,-9791
alpha 0.01,5,400,-5,-2288,2400,-9796
alpha 0.01,5,401,-5,-2293,2401,-9801
alpha 0.01,5,402,-5,-2298,2402,-9806
alpha 0.01,5,403,-5,-2303,2403,-9811
alpha 0.01,5,404,-5,-2308,2404,-9816
alpha 0.01,5,405,-5,-2313,2405,-9821
alpha 0.01,5,406,-5,-2318,2406,-9826
alpha 0.01,5,407,-5,-2323,2407,-9831
alpha 0.01,5,408,-5,-2328,2408,-9836
alpha 0.01,5,409,-5,-2333,2409,-9841
alpha 0.01,5,410,-6,-2339,2410,-9847
alpha 0.01,5,411,-6,-2345,2411,-9853
alpha 0.01,5,412,-6,-2351,2412,-9859
alpha 0.01,5,413,-7,-2358,2413,-9866
alpha 0.01,5,414,-7,-2365,2414,-9873
alpha 0.01,5,415,-7,-2372,2415,-9880
alpha 0.01,5,416,-7,-2379,2416,-9887
alpha 0.01,5,417,-7,-2386,2417,-9894
alpha 0.01,5,418,-7,-2393,2418,-9901
alpha 0.01,5,419,-7,-2400,2419,-9908
alpha 0.01,5,420,-7,-2407,2420,-9915
alpha 0.01,5,421,-7,-2414,2421,-9922
alpha 0.01,5,422,-8,-2422,2422,-9930
alpha 0.01,5,423,-8,-2430,2423,-9938
alpha 0.01,5,424,-8,-2438,2424,-9946
alpha 0.01,5,425,-8,-2446,2425,-9954
alpha 0.01,5,426,-8,-2454,2426,-9962
alpha 0.01,5,427,-8,-2462,2427,-9970
alpha 0.01,5,428,-10,-2472,2428,-9980
alpha 0.01,5,429,-10,-2482,2429,-9990
alpha 0.01,5,430,-10,-2492,2430,-10000
alpha 0.01,5,431,-10,-2502,2431,-10010
alpha 0.01,5,432,-10,-2512,2432,-10020
alpha 0.01,5,433,-10,-2522,2433,-10030
alpha 0.01,5,434,-10,-2532,2434,-10040
alpha 0.01,5,435,-10,-2542,2435,-10050
alpha 0.01,5,436,-10,-2552,2436,-10060
alpha 0.01,5,437,-10,-2562,2437,-10070
alpha 0.01,5,438,-10,-2572,2438,-10080
alpha 0.01,5,439,-10,-2582,2439,-10090
alpha 0.01,5,440,-10,-2592,2440,-10100
alpha 0.01,5,441,-10,-2602,2441,-10110
alpha 0.01,5,442,-10,-2612,2442,-10120
alpha 0.01,5,443,-10,-2622,2443,-10130
alpha 0.01,5,444,-10,-2632,2444,-10140
alpha 0.01,5,445,-10,-2642,2445,-10150
alpha 0.01,5,446,-10,-2652,2446,-10160
alpha 0.01,5,447,-10,-2662,2447,-10170
alpha 0.01,5,448,-10,-2672,2448,-10180
alpha 0.01,5,449,-10,-2682,2449,-10190
alpha 0.01,5,450,-10,-2692,2450,-10200
alpha 0.01,5,451,-10,-2702,2451,-10210
alpha 0.01,5,452,-10,-2712,2452,-10220
alpha 0.01,5,453,-10,-2722,2453,-10230
alpha 0.01,5,454,-10,-2732,2454,-10240
alpha 0.01,5,455,-10,-2742,2455,-10250
alpha 0.01,5,456,-10,-2752,2456,-10260
alpha 0.01,5,457,-8,-2760,2457,-10268
alpha 0.01,5,458,-7,-2767,2458,-10275
alpha 0.01,5,459,-7,-2774,2459,-10282
alpha 0.01,5,460,-7,-2781,2460,-10289
alpha 0.01,5,461,-7,-2788,2461,-10296
alpha 0.01,5,462,-7,-2795,2462,-10303
alpha 0.01,5,463,-7,-2802,2463,-10310
alpha 0.01,5,464,-7,-2809,2464,-10317
alpha 0.01,5,465,-7,-2816,2465,-10324
alpha 0.01,5,466,-7,-2823,2466,-10331
alpha 0.01,5,467,-7,-2830,2467,-10338
alpha 0.01,5,468,-5,-2835,2468,-10343
alpha 0.01,5,469,-5,-2840,2469,-10348
alpha 0.01,5,470,-5,-2845,2470,-10353
alpha 0.01,5,471,-5,-2850,2471,-10358
alpha 0.01,5,472,-5,-2855,2472,-10363
alpha 0.01,5,473,-4,-2859,2473,-10367
alpha 0.01,5,474,-2,-2861,2474,-10369
alpha 0.01,5,475,1,-2860,2475,-10368
alpha 0.01,5,476,-4,-2864,2476,-10372
alpha 0.01,5,477,-5,-2869,2477,-10377
alpha 0.01,5,478,-5,-2874,2478,-10382
alpha 0.01,5,479,-5,-2879,2479,-10387
alpha 0.01,5,480,-6,-2885,2480,-10393
alpha 0.01,5,481,-7,-2892,2481,-10400
alpha 0.01,5,482,-7,-2899,2482,-10407
alpha 0.01,5,483,-7,-2906,2483,-10414
alpha 0.01,5,484,-7,-2913,2484,-10421
alpha 0.01,5,485,-6,-2919,2485,-10427
alpha 0.01,5,486,-6,-2925,2486,-10433
alpha 0.01,5,487,-5,-2930,2487,-10438
alpha 0.01,5,488,-5,-2935,2488,-10443
alpha 0.01,5,489,-5,-2940,2489,-10448
alpha 0.01,5,490,-4,-2944,2490,-10452
alpha 0.01,5,491,-3,-2947,2491,-10455
alpha 0.01,5,492,-5,-2952,2492,-10460
alpha 0.01,5,493,-7,-2959,2493,-10467
alpha 0.01,5,494,-10,-2969,2494,-10477
alpha 0.01,5,495,-10,-2979,2495,-10487
alpha 0.01,5,496,-10,-2989,2496,-10497
alpha 0.01,5,497,-8,-2997,2497,-10505
alpha 0.01,5,498,-7,-3004,2498,-10512
alpha 0.01,5,499,-5,-3009,2499,-10517
alpha 0.01,5,500,-6,-3015,2500,-10523
alpha 0.01,1,1,4,4,1,4
alpha 0.01,1,2,4,8,2,8
alpha 0.01,1,3,4,12,3,12
alpha 0.01,1,4,2,14,4,14
alpha 0.01,1,5,2,16,5,16
alpha 0.01,1,6,1,17,6,17
alpha 0.01,1,7,1,18,7,18
alpha 0.01,1,8,-1,17,8,17
alpha 0.01,1,9,-2,15,9,15
alpha 0.01,1,10,-2,13,10,13
alpha 0.01,1,11,-2,11,11,11
alpha 0.01,1,12,-3,8,12,8
alpha 0.01,1,13,-5,3,13,3
alpha 0.01,1,14,-5,-2,14,-2
alpha 0.01,1,15,-5,-7,15,-7
alpha 0.01,1,16,-5,-12,16,-12
alpha 0.01,1,17,-5,-17,17,-17
alpha 0.01,1,18,-5,-22,18,-22
alpha 0.01,1,19,-10,-32,19,-32
alpha 0.01,1,20,-10,-42,20,-42
alpha 0.01,1,21,-10,-52,21,-52
alpha 0.01,1,22,-10,-62,22,-62
alpha 0.01,1,23,-10,-72,23,-72
alpha 0.01,1,24,-10,-82,24,-82
alpha 0.01,1,25,-10,-92,25,-92
alpha 0.01,1,26,-10,-102,26,-102
alpha 0.01,1,27,-10,-112,27,-112
alpha 0.01,1,28,-10,-122,28,-122
alpha 0.01,1,29,-10,-132,29,-132
alpha 0.01,1,30,-10,-142,30,-142
alpha 0.01,1,31,-10,-152,31,-152
alpha 0.01,1,32,-10,-162,32,-162
alpha 0.01,1,33,-7,-169,33,-169
alpha 0.01,1,34,-7,-176,34,-176
alpha 0.01,1,35,-8,-184,35,-184
alpha 0.01,1,36,-10,-194,36,-194
alpha 0.01,1,37,-10,-204,37,-204
alpha 0.01,1,38,-10,-214,38,-214
alpha 0.01,1,39,-8,-222,39,-222
alpha 0.01,1,40,-7,-229,40,-229
alpha 0.01,1,41,-6,-235,41,-235
alpha 0.01,1,42,-6,-241,42,-241
alpha 0.01,1,43,-5,-246,43,-246
alpha 0.01,1,44,-5,-251,44,-251
alpha 0.01,1,45,-5,-256,45,-256
alpha 0.01,1,46,-5,-261,46,-261
alpha 0.01,1,47,-5,-266,47,-266
alpha 0.01,1,48,-5,-271,48,-271
alpha 0.01,1,49,-5,-276,49,-276
alpha 0.01,1,50,-5,-281,50,-281
alpha 0.01,1,51,-5,-286,51,-286
alpha 0.01,1,52,-5,-291,52,-291
alpha 0.01,1,53,-5,-296,53,-296
alpha 0.01,1,54,-5,-301,54,-301
alpha 0.01,1,55,-5,-306,55,-306
alpha 0.01,1,56,-5,-311,56,-311
alpha 0.01,1,57,-5,-316,57,-316
alpha 0.01,1,58,-5,-321,58,-321
alpha 0.01,1,59,-5,-326,59,-326
alpha 0.01,1,60,-5,-331,60,-331
alpha 0.01,1,61,-5,-336,61,-336
alpha 0.01,1,62,-5,-341,62,-341
alpha 0.01,1,63,-5,-346,63,-346
alpha 0.01,1,64,-5,-351,64,-351
alpha 0.01,1,65,-5,-356,65,-356
alpha 0.01,1,66,-5,-361,66,-361
alpha 0.01,1,67,-5,-366,67,-366
alpha 0.01,1,68,-5,-371,68,-371
alpha 0.01,1,69,-5,-376,69,-376
alpha 0.01,1,70,-5,-381,70,-381
alpha 0.01,1,71,-5,-386,71,-386
alpha 0.01,1,72,-5,-391,72,-391
alpha 0.01,1,73,-5,-396,73,-396
alpha 0.01,1,74,-5,-401,74,-401
alpha 0.01,1,75,-5,-406,75,-406
alpha 0.01,1,76,-5,-411,76,-411
alpha 0.01,1,77,-3,-414,77,-414
alpha 0.01,1,78,-3,-417,78,-417
alpha 0.01,1,79,-3,-420,79,-420
alpha 0.01,1,80,-3,-423,80,-423
alpha 0.01,1,81,-3,-426,81,-426
alpha 0.01,1,82,-2,-428,82,-428
alpha 0.01,1,83,-3,-431,83,-431
alpha 0.01,1,84,-4,-435,84,-435
alpha 0.01,1,85,-4,-439,85,-439
alpha 0.01,1,86,-4,-443,86,-443
alpha 0.01,1,87,-4,-447,87,-447
alpha 0.01,1,88,-4,-451,88,-451
alpha 0.01,1,89,-3,-454,89,-454
alpha 0.01,1,90,-3,-457,90,-457
alpha 0.01,1,91,-3,-460,91,-460
alpha 0.01,1,92,-3,-463,92,-463
alpha 0.01,1,93,-3,-466,93,-466
alpha 0.01,1,94,-3,-469,94,-469
alpha 0.01,1,95,-3,-472,95,-472
alpha 0.01,1,96,-2,-474,96,-474
alpha 0.01,1,97,1,-473,97,-473
alpha 0.01,1,98,1,-472,98,-472
alpha 0.01,1,99,-1,-473,99,-473
alpha 0.01,1,100,-1,-474,100,-474
alpha 0.01,1,101,1,-473,101,-473
alpha 0.01,1,102,-2,-475,102,-475
alpha 0.01,1,103,-2,-477,103,-477
alpha 0.01,1,104,1,-476,104,-476
alpha 0.01,1,105,1,-475,105,-475
alpha 0.01,1,106,1,-474,106,-474
alpha 0.01,1,107,-1,-475,107,-475
alpha 0.01,1,108,-2,-477,108,-477
alpha 0.01,1,109,-2,-479,109,-479
alpha 0.01,1,110,-2,-481,110,-481
alpha 0.01,1,111,-2,-483,111,-483
alpha 0.01,1,112,-2,-485,112,-485
alpha 0.01,1,113,-2,-487,113,-487
alpha 0.01,1,114,-2,-489,114,-489
alpha 0.01,1,115,-2,-491,115,-491
alpha 0.01,1,116,-2,-493,116,-493
alpha 0.01,1,117,-2,-495,117,-495
alpha 0.01,1,118,-2,-497,118,-497
alpha 0.01,1,119,-2,-499,119,-499
alpha 0.01,1,120,-2,-501,120,-501
alpha 0.01,1,121,-2,-503,121,-503
alpha 0.01,1,122,-2,-505,122,-505
alpha 0.01,1,123,-2,-507,123,-507
alpha 0.01,1,124,-2,-509,124,-509
alpha 0.01,1,125,-2,-511,125,-511
alpha 0.01,1,126,-2,-513,126,-513
alpha 0.01,1,127,-2,-515,127,-515
alpha 0.01,1,128,-2,-517,128,-517
alpha 0.01,1,129,-2,-519,129,-519
alpha 0.01,1,130,-3,-522,130,-522
alpha 0.01,1,131,-3,-525,131,-525
alpha 0.01,1,132,-3,-528,132,-528
alpha 0.01,1,133,-3,-531,133,-531
alpha 0.01,1,134,-3,-534,134,-534
alpha 0.01,1,135,-3,-537,135,-537
alpha 0.01,1,136,-3,-540,136,-540
alpha 0.01,1,137,-4,-544,137,-544
alpha 0.01,1,138,-4,-548,138,-548
alpha 0.01,1,139,-4,-552,139,-552
alpha 0.01,1,140,-4,-556,140,-556
alpha 0.01,1,141,-4,-560,141,-560
alpha 0.01,1,142,-4,-564,142,-564
alpha 0.01,1,143,-4,-568,143,-568
alpha 0.01,1,144,-4,-572,144,-572
alpha 0.01,1,145,-5,-577,145,-577
alpha 0.01,1,146,-5,-582,146,-582
alpha 0.01,1,147,-5,-587,147,-587
alpha 0.01,1,148,-5,-592,148,-592
alpha 0.01,1,149,-5,-597,149,-597
alpha 0.01,1,150,-4,-601,150,-601
alpha 0.01,1,151,-4,-605,151,-605
alpha 0.01,1,152,-4,-609,152,-609
alpha 0.01,1,153,-4,-613,153,-613
alpha 0.01,1,154,-4,-617,154,-617
alpha 0.01,1,155,-4,-621,155,-621
alpha 0.01,1,156,-4,-625,156,-625
alpha 0.01,1,157,-4,-629,157,-629
alpha 0.01,1,158,-4,-633,158,-633
alpha 0.01,1,159,-4,-637,159,-637
alpha 0.01,1,160,-4,-641,160,-641
alpha 0.01,1,161,-4,-645,161,-645
alpha 0.01,1,162,-4,-649,162,-649
alpha 0.01,1,163,-5,-654,163,-654
alpha 0.01,1,164,-5,-659,164,-659
alpha 0.01,1,165,-6,-665,165,-665
alpha 0.01,1,166,-6,-671,166,-671
alpha 0.01,1,167,-6,-677,167,-677
alpha 0.01,1,168,-6,-683,168,-683
alpha 0.01,1,169,-6,-689,169,-689
alpha 0.01,1,170,-6,-695,170,-695
alpha 0.01,1,171,-6,-701,171,-701
alpha 0.01,1,172,-6,-707,172,-707
alpha 0.01,1,173,-6,-713,173,-713
alpha 0.01,1,174,-6,-719,174,-719
alpha 0.01,1,175,-6,-725,175,-725
alpha 0.01,1,176,-6,-731,176,-731
alpha 0.01,1,177,-6,-737,177,-737
alpha 0.01,1,178,-6,-743,178,-743
alpha 0.01,1,179,-6,-749,179,-749
alpha 0.01,1,180,-6,-755,180,-755
alpha 0.01,1,181,-6,-761,181,-761
alpha 0.01,1,182,-6,-767,182,-767
alpha 0.01,1,183,-6,-773,183,-773
alpha 0.01,1,184,-6,-779,184,-779
alpha 0.01,1,185,-6,-785,185,-785
alpha 0.01,1,186,-6,-791,186,-791
alpha 0.01,1,187,-8,-799,187,-799
alpha 0.01,1,188,-8,-807,188,-807
alpha 0.01,1,189,-6,-813,189,-813
alpha 0.01,1,190,-8,-821,190,-821
alpha 0.01,1,191,-8,-829,191,-829
alpha 0.01,1,192,-8,-837,192,-837
alpha 0.01,1,193,-8,-845,193,-845
alpha 0.01,1,194,-8,-853,194,-853
alpha 0.01,1,195,-8,-861,195,-861
alpha 0.01,1,196,-8,-869,196,-869
alpha 0.01,1,197,-8,-877,197,-877
alpha 0.01,1,198,-8,-885,198,-885
alpha 0.01,1,199,-8,-893,199,-893
alpha 0.01,1,200,-8,-901,200,-901
alpha 0.01,1,201,-8,-909,201,-909
alpha 0.01,1,202,-8,-917,202,-917
alpha 0.01,1,203,-8,-925,203,-925
alpha 0.01,1,204,-8,-933,204,-933
alpha 0.01,1,205,-8,-941,205,-941
alpha 0.01,1,206,-8,-949,206,-949
alpha 0.01,1,207,-8,-957,207,-957
alpha 0.01,1,208,-8,-965,208,-965
alpha 0.01,1,209,-8,-973,209,-973
alpha 0.01,1,210,-8,-981,210,-981
alpha 0.01,1,211,-8,-989,211,-989
alpha 0.01,1,212,-8,-997,212,-997
alpha 0.01,1,213,-8,-1005,213,-1005
alpha 0.01,1,214,-8,-1013,214,-1013
alpha 0.01,1,215,-8,-1021,215,-1021
alpha 0.01,1,216,-8,-1029,216,-1029
alpha 0.01,1,217,-8,-1037,217,-1037
alpha 0.01,1,218,-8,-1045,218,-1045
alpha 0.01,1,219,-8,-1053,219,-1053
alpha 0.01,1,220,-8,-1061,220,-1061
alpha 0.01,1,221,-8,-1069,221,-1069
alpha 0.01,1,222,-7,-1076,222,-1076
alpha 0.01,1,223,-7,-1083,223,-1083
alpha 0.01,1,224,-7,-1090,224,-1090
alpha 0.01,1,225,-7,-1097,225,-1097
alpha 0.01,1,226,-7,-1104,226,-1104
alpha 0.01,1,227,-7,-1111,227,-1111
alpha 0.01,1,228,-7,-1118,228,-1118
alpha 0.01,1,229,-7,-1125,229,-1125
alpha 0.01,1,230,-7,-1132,230,-1132
alpha 0.01,1,231,-7,-1139,231,-1139
alpha 0.01,1,232,-7,-1146,232,-1146
alpha 0.01,1,233,-7,-1153,233,-1153
alpha 0.01,1,234,-7,-1160,234,-1160
alpha 0.01,1,235,-7,-1167,235,-1167
alpha 0.01,1,236,-7,-1174,236,-1174
alpha 0.01,1,237,-7,-1181,237,-1181
alpha 0.01,1,238,-6,-1187,238,-1187
alpha 0.01,1,239,-6,-1193,239,-1193
alpha 0.01,1,240,-6,-1199,240,-1199
alpha 0.01,1,241,-6,-1205,241,-1205
alpha 0.01,1,242,-6,-1211,242,-1211
alpha 0.01,1,243,-6,-1217,243,-1217
alpha 0.01,1,244,-6,-1223,244,-1223
alpha 0.01,1,245,-5,-1228,245,-1228
alpha 0.01,1,246,-5,-1233,246,-1233
alpha 0.01,1,247,-5,-1238,247,-1238
alpha 0.01,1,248,-5,-1243,248,-1243
alpha 0.01,1,249,-5,-1248,249,-1248
alpha 0.01,1,250,-5,-1253,250,-1253
alpha 0.01,1,251,-5,-1258,251,-1258
alpha 0.01,1,252,-5,-1263,252,-1263
alpha 0.01,1,253,-5,-1268,253,-1268
alpha 0.01,1,254,-5,-1273,254,-1273
alpha 0.01,1,255,-5,-1278,255,-1278
alpha 0.01,1,256,-5,-1283,256,-1283
alpha 0.01,1,257,-5,-1288,257,-1288
alpha 0.01,1,258,-5,-1293,258,-1293
alpha 0.01,1,259,-5,-1298,259,-1298
alpha 0.01,1,260,-5,-1303,260,-1303
alpha 0.01,1,261,-6,-1309,261,-1309
alpha 0.01,1,262,-6,-1315,262,-1315
alpha 0.01,1,263,-6,-1321,263,-1321
alpha 0.01,1,264,-6,-1327,264,-1327
alpha 0.01,1,265,-6,-1333,265,-1333
alpha 0.01,1,266,-7,-1340,266,-1340
alpha 0.01,1,267,-7,-1347,267,-1347
alpha 0.01,1,268,-7,-1354,268,-1354
alpha 0.01,1,269,-7,-1361,269,-1361
alpha 0.01,1,270,-7,-1368,270,-1368
alpha 0.01,1,271,-7,-1375,271,-1375
alpha 0.01,1,272,-7,-1382,272,-1382
alpha 0.01,1,273,-7,-1389,273,-1389
alpha 0.01,1,274,-7,-1396,274,-1396
alpha 0.01,1,275,-7,-1403,275,-1403
alpha 0.01,1,276,-7,-1410,276,-1410
alpha 0.01,1,277,-7,-1417,277,-1417
alpha 0.01,1,278,-7,-1424,278,-1424
alpha 0.01,1,279,-7,-1431,279,-1431
alpha 0.01,1,280,-7,-1438,280,-1438
alpha 0.01,1,281,-7,-1445,281,-1445
alpha 0.01,1,282,-7,-1452,282,-1452
alpha 0.01,1,283,-7,-1459,283,-1459
alpha 0.01,1,284,-7,-1466,284,-1466
alpha 0.01,1,285,-7,-1473,285,-1473
alpha 0.01,1,286,-7,-1480,286,-1480
alpha 0.01,1,287,-7,-1487,287,-1487
alpha 0.01,1,288,-7,-1494,288,-1494
alpha 0.01,1,289,-7,-1501,289,-1501
alpha 0.01,1,290,-7,-1508,290,-1508
alpha 0.01,1,291,-7,-1515,291,-1515
alpha 0.01,1,292,-7,-1522,292,-1522
alpha 0.01,1,293,-7,-1529,293,-1529
alpha 0.01,1,294,-7,-1536,294,-1536
alpha 0.01,1,295,-7,-1543,295,-1543
alpha 0.01,1,296,-7,-1550,296,-1550
alpha 0.01,1,297,-7,-1557,297,-1557
alpha 0.01,1,298,-7,-1564,298,-1564
alpha 0.01,1,299,-7,-1571,299,-1571
alpha 0.01,1,300,-7,-1578,300,-1578
alpha 0.01,1,301,-7,-1585,301,-1585
alpha 0.01,1,302,-7,-1592,302,-1592
alpha 0.01,1,303,-7,-1599,303,-1599
alpha 0.01,1,304,-7,-1606,304,-1606
alpha 0.01,1,305,-5,-1611,305,-1611
alpha 0.01,1,306,-6,-1617,306,-1617
alpha 0.01,1,307,-5,-1622,307,-1622
alpha 0.01,1,308,-5,-1627,308,-1627
alpha 0.01,1,309,-5,-1632,309,-1632
alpha 0.01,1,310,-5,-1637,310,-1637
alpha 0.01,1,311,-5,-1642,311,-1642
alpha 0.01,1,312,-5,-1647,312,-1647
alpha 0.01,1,313,-5,-1652,313,-1652
alpha 0.01,1,314,-5,-1657,314,-1657
alpha 0.01,1,315,-5,-1662,315,-1662
alpha 0.01,1,316,-5,-1667,316,-1667
alpha 0.01,1,317,-5,-1672,317,-1672
alpha 0.01,1,318,-5,-1677,318,-1677
alpha 0.01,1,319,-5,-1682,319,-1682
alpha 0.01,1,320,-5,-1687,320,-1687
alpha 0.01,1,321,-5,-1692,321,-1692
alpha 0.01,1,322,-7,-1699,322,-1699
alpha 0.01,1,323,-7,-1706,323,-1706
alpha 0.01,1,324,-7,-1713,324,-1713
alpha 0.01,1,325,-7,-1720,325,-1720
alpha 0.01,1,326,-5,-1725,326,-1725
alpha 0.01,1,327,-5,-1730,327,-1730
alpha 0.01,1,328,-5,-1735,328,-1735
alpha 0.01,1,329,-5,-1740,329,-1740
alpha 0.01,1,330,-5,-1745,330,-1745
alpha 0.01,1,331,-4,-1749,331,-1749
alpha 0.01,1,332,-4,-1753,332,-1753
alpha 0.01,1,333,-5,-1758,333,-1758
alpha 0.01,1,334,-5,-1763,334,-1763
alpha 0.01,1,335,-4,-1767,335,-1767
alpha 0.01,1,336,-4,-1771,336,-1771
alpha 0.01,1,337,-4,-1775,337,-1775
alpha 0.01,1,338,-4,-1779,338,-1779
alpha 0.01,1,339,-4,-1783,339,-1783
alpha 0.01,1,340,-4,-1787,340,-1787
alpha 0.01,1,341,-3,-1790,341,-1790
alpha 0.01,1,342,-3,-1793,342,-1793
alpha 0.01,1,343,-3,-1796,343,-1796
alpha 0.01,1,344,-3,-1799,344,-1799
alpha 0.01,1,345,-2,-1801,345,-1801
alpha 0.01,1,346,-2,-1803,346,-1803
alpha 0.01,1,347,-2,-1805,347,-1805
alpha 0.01,1,348,-2,-1807,348,-1807
alpha 0.01,1,349,-2,-1809,349,-1809
alpha 0.01,1,350,-2,-1811,350,-1811
alpha 0.01,1,351,-2,-1813,351,-1813
alpha 0.01,1,352,-2,-1815,352,-1815
alpha 0.01,1,353,-2,-1817,353,-1817
alpha 0.01,1,354,-2,-1819,354,-1819
alpha 0.01,1,355,-2,-1821,355,-1821
alpha 0.01,1,356,-2,-1823,356,-1823
alpha 0.01,1,357,-3,-1826,357,-1826
alpha 0.01,1,358,-5,-1831,358,-1831
alpha 0.01,1,359,-3,-1834,359,-1834
alpha 0.01,1,360,-3,-1837,360,-1837
alpha 0.01,1,361,-3,-1840,361,-1840
alpha 0.01,1,362,-3,-1843,362,-1843
alpha 0.01,1,363,-3,-1846,363,-1846
alpha 0.01,1,364,-3,-1849,364,-1849
alpha 0.01,1,365,-3,-1852,365,-1852
alpha 0.01,1,366,-3,-1855,366,-1855
alpha 0.01,1,367,-3,-1858,367,-1858
alpha 0.01,1,368,-3,-1861,368,-1861
alpha 0.01,1,369,-3,-1864,369,-1864
alpha 0.01,1,370,-3,-1867,370,-1867
alpha 0.01,1,371,-3,-1870,371,-1870
alpha 0.01,1,372,-3,-1873,372,-1873
alpha 0.01,1,373,-3,-1876,373,-1876
alpha 0.01,1,374,-3,-1879,374,-1879
alpha 0.01,1,375,-3,-1882,375,-1882
alpha 0.01,1,376,-3,-1885,376,-1885
alpha 0.01,1,377,-3,-1888,377,-1888
alpha 0.01,1,378,-2,-1890,378,-1890
alpha 0.01,1,379,-2,-1892,379,-1892
alpha 0.01,1,380,-2,-1894,380,-1894
alpha 0.01,1,381,-2,-1896,381,-1896
alpha 0.01,1,382,-2,-1898,382,-1898
alpha 0.01,1,383,-2,-1900,383,-1900
alpha 0.01,1,384,-2,-1902,384,-1902
alpha 0.01,1,385,-3,-1905,385,-1905
alpha 0.01,1,386,-3,-1908,386,-1908
alpha 0.01,1,387,-3,-1911,387,-1911
alpha 0.01,1,388,-3,-1914,388,-1914
alpha 0.01,1,389,-3,-1917,389,-1917
alpha 0.01,1,390,-3,-1920,390,-1920
alpha 0.01,1,391,-3,-1923,391,-1923
alpha 0.01,1,392,-3,-1926,392,-1926
alpha 0.01,1,393,-3,-1929,393,-1929
alpha 0.01,1,394,-3,-1932,394,-1932
alpha 0.01,1,395,-3,-1935,395,-1935
alpha 0.01,1,396,-4,-1939,396,-1939
alpha 0.01,1,397,-4,-1943,397,-1943
alpha 0.01,1,398,-4,-1947,398,-1947
alpha 0.01,1,399,-4,-1951,399,-1951
alpha 0.01,1,400,-4,-1955,400,-1955
alpha 0.01,1,401,-4,-1959,401,-1959
alpha 0.01,1,402,-4,-1963,402,-1963
alpha 0.01,1,403,-4,-1967,403,-1967
alpha 0.01,1,404,-4,-1971,404,-1971
alpha 0.01,1,405,-4,-1975,405,-1975
alpha 0.01,1,406,-4,-1979,406,-1979
alpha 0.01,1,407,-4,-1983,407,-1983
alpha 0.01,1,408,-4,-1987,408,-1987
alpha 0.01,1,409,-4,-1991,409,-1991
alpha 0.01,1,410,-4,-1995,410,-1995
alpha 0.01,1,411,-4,-1999,411,-1999
alpha 0.01,1,412,-4,-2003,412,-2003
alpha 0.01,1,413,-4,-2007,413,-2007
alpha 0.01,1,414,-5,-2012,414,-2012
alpha 0.01,1,415,-5,-2017,415,-2017
alpha 0.01,1,416,-5,-2022,416,-2022
alpha 0.01,1,417,-5,-2027,417,-2027
alpha 0.01,1,418,-5,-2032,418,-2032
alpha 0.01,1,419,-5,-2037,419,-2037
alpha 0.01,1,420,-5,-2042,420,-2042
alpha 0.01,1,421,-5,-2047,421,-2047
alpha 0.01,1,422,-5,-2052,422,-2052
alpha 0.01,1,423,-5,-2057,423,-2057
alpha 0.01,1,424,-5,-2062,424,-2062
alpha 0.01,1,425,-5,-2067,425,-2067
alpha 0.01,1,426,-5,-2072,426,-2072
alpha 0.01,1,427,-5,-2077,427,-2077
alpha 0.01,1,428,-5,-2082,428,-2082
alpha 0.01,1,429,-5,-2087,429,-2087
alpha 0.01,1,430,-5,-2092,430,-2092
alpha 0.01,1,431,-5,-2097,431,-2097
alpha 0.01,1,432,-5,-2102,432,-2102
alpha 0.01,1,433,-5,-2107,433,-2107
alpha 0.01,1,434,-5,-2112,434,-2112
alpha 0.01,1,435,-5,-2117,435,-2117
alpha 0.01,1,436,-5,-2122,436,-2122
alpha 0.01,1,437,-5,-2127,437,-2127
alpha 0.01,1,438,-5,-2132,438,-2132
alpha 0.01,1,439,-5,-2137,439,-2137
alpha 0.01,1,440,-6,-2143,440,-2143
alpha 0.01,1,441,-6,-2149,441,-2149
alpha 0.01,1,442,-5,-2154,442,-2154
alpha 0.01,1,443,-5,-2159,443,-2159
alpha 0.01,1,444,-5,-2164,444,-2164
alpha 0.01,1,445,-6,-2170,445,-2170
alpha 0.01,1,446,-8,-2178,446,-2178
alpha 0.01,1,447,-8,-2186,447,-2186
alpha 0.01,1,448,-8,-2194,448,-2194
alpha 0.01,1,449,-8,-2202,449,-2202
alpha 0.01,1,450,-8,-2210,450,-2210
alpha 0.01,1,451,-8,-2218,451,-2218
alpha 0.01,1,452,-8,-2226,452,-2226
alpha 0.01,1,453,-8,-2234,453,-2234
alpha 0.01,1,454,-8,-2242,454,-2242
alpha 0.01,1,455,-8,-2250,455,-2250
alpha 0.01,1,456,-7,-2257,456,-2257
alpha 0.01,1,457,-7,-2264,457,-2264
alpha 0.01,1,458,-7,-2271,458,-2271
alpha 0.01,1,459,-7,-2278,459,-2278
alpha 0.01,1,460,-7,-2285,460,-2285
alpha 0.01,1,461,-7,-2292,461,-2292
alpha 0.01,1,462,-7,-2299,462,-2299
alpha 0.01,1,463,-7,-2306,463,-2306
alpha 0.01,1,464,-7,-2313,464,-2313
alpha 0.01,1,465,-7,-2320,465,-2320
alpha 0.01,1,466,-7,-2327,466,-2327
alpha 0.01,1,467,-7,-2334,467,-2334
alpha 0.01,1,468,-7,-2341,468,-2341
alpha 0.01,1,469,-7,-2348,469,-2348
alpha 0.01,1,470,-7,-2355,470,-2355
alpha 0.01,1,471,-7,-2362,471,-2362
alpha 0.01,1,472,-7,-2369,472,-2369
alpha 0.01,1,473,-7,-2376,473,-2376
alpha 0.01,1,474,-7,-2383,474,-2383
alpha 0.01,1,475,-7,-2390,475,-2390
alpha 0.01,1,476,-7,-2397,476,-2397
alpha 0.01,1,477,-7,-2404,477,-2404
alpha 0.01,1,478,-7,-2411,478,-2411
alpha 0.01,1,479,-7,-2418,479,-2418
alpha 0.01,1,480,-7,-2425,480,-2425
alpha 0.01,1,481,-7,-2432,481,-2432
alpha 0.01,1,482,-7,-2439,482,-2439
alpha 0.01,1,483,-7,-2446,483,-2446
alpha 0.01,1,484,-7,-2453,484,-2453
alpha 0.01,1,485,-7,-2460,485,-2460
alpha 0.01,1,486,-7,-2467,486,-2467
alpha 0.01,1,487,-6,-2473,487,-2473
alpha 0.01,1,488,-6,-2479,488,-2479
alpha 0.01,1,489,-6,-2485,489,-2485
alpha 0.01,1,490,-6,-2491,490,-2491
alpha 0.01,1,491,-6,-2497,491,-2497
alpha 0.01,1,492,-6,-2503,492,-2503
alpha 0.01,1,493,-6,-2509,493,-2509
alpha 0.01,1,494,-5,-2514,494,-2514
alpha 0.01,1,495,-5,-2519,495,-2519
alpha 0.01,1,496,-5,-2524,496,-2524
alpha 0.01,1,497,-5,-2529,497,-2529
alpha 0.01,1,498,-5,-2534,498,-2534
alpha 0.01,1,499,-5,-2539,499,-2539
alpha 0.01,1,500,-5,-2544,500,-2544
alpha 0.01,2,1,4,4,501,-2540
alpha 0.01,2,2,2,6,502,-2538
alpha 0.01,2,3,1,7,503,-2537
alpha 0.01,2,4,1,8,504,-2536
alpha 0.01,2,5,-2,6,505,-2538
alpha 0.01,2,6,-3,3,506,-2541
alpha 0.01,2,7,-3,0,507,-2544
alpha 0.01,2,8,-4,-4,508,-2548
alpha 0.01,2,9,-3,-7,509,-2551
alpha 0.01,2,10,-3,-10,510,-2554
alpha 0.01,2,11,-3,-13,511,-2557
alpha 0.01,2,12,-3,-16,512,-2560
alpha 0.01,2,13,-3,-19,513,-2563
alpha 0.01,2,14,-2,-21,514,-2565
alpha 0.01,2,15,-2,-23,515,-2567
alpha 0.01,2,16,-2,-25,516,-2569
alpha 0.01,2,17,-2,-27,517,-2571
alpha 0.01,2,18,-2,-29,518,-2573
alpha 0.01,2,19,-2,-31,519,-2575
alpha 0.01,2,20,-1,-32,520,-2576
alpha 0.01,2,21,-1,-33,521,-2577
alpha 0.01,2,22,1,-32,522,-2576
alpha 0.01,2,23,1,-31,523,-2575
alpha 0.01,2,24,1,-30,524,-2574
alpha 0.01,2,25,1,-29,525,-2573
alpha 0.01,2,26,1,-28,526,-2572
alpha 0.01,2,27,1,-27,527,-2571
alpha 0.01,2,28,-1,-28,528,-2572
alpha 0.01,2,29,-2,-30,529,-2574
alpha 0.01,2,30,-2,-32,530,-2576
alpha 0.01,2,31,-2,-34,531,-2578
alpha 0.01,2,32,-2,-36,532,-2580
alpha 0.01,2,33,-2,-38,533,-2582
alpha 0.01,2,34,-2,-40,534,-2584
alpha 0.01,2,35,-2,-42,535,-2586
alpha 0.01,2,36,-2,-44,536,-2588
alpha 0.01,2,37,-2,-46,537,-2590
alpha 0.01,2,38,-2,-48,538,-2592
alpha 0.01,2,39,-2,-50,539,-2594
alpha 0.01,2,40,-2,-52,540,-2596
alpha 0.01,2,41,-2,-54,541,-2598
alpha 0.01,2,42,-2,-56,542,-2600
alpha 0.01,2,43,-2,-58,543,-2602
alpha 0.01,2,44,-2,-60,544,-2604
alpha 0.01,2,45,-2,-62,545,-2606
alpha 0.01,2,46,-2,-64,546,-2608
alpha 0.01,2,47,-2,-66,547,-2610
alpha 0.01,2,48,-2,-68,548,-2612
alpha 0.01,2,49,-2,-70,549,-2614
alpha 0.01,2,50,-2,-72,550,-2616
alpha 0.01,2,51,-2,-74,551,-2618
alpha 0.01,2,52,-2,-76,552,-2620
alpha 0.01,2,53,-2,-78,553,-2622
alpha 0.01,2,54,-2,-80,554,-2624
alpha 0.01,2,55,-2,-82,555,-2626
alpha 0.01,2,56,-2,-84,556,-2628
alpha 0.01,2,57,-2,-86,557,-2630
alpha 0.01,2,58,-2,-88,558,-2632
alpha 0.01,2,59,-2,-90,559,-2634
alpha 0.01,2,60,-2,-92,560,-2636
alpha 0.01,2,61,-2,-94,561,-2638
alpha 0.01,2,62,-2,-96,562,-2640
alpha 0.01,2,63,-2,-98,563,-2642
alpha 0.01,2,64,-2,-100,564,-2644
alpha 0.01,2,65,-2,-102,565,-2646
alpha 0.01,2,66,-2,-104,566,-2648
alpha 0.01,2,67,-2,-106,567,-2650
alpha 0.01,2,68,-2,-108,568,-2652
alpha 0.01,2,69,-2,-110,569,-2654
alpha 0.01,2,70,-2,-112,570,-2656
alpha 0.01,2,71,-2,-114,571,-2658
alpha 0.01,2,72,-2,-116,572,-2660
alpha 0.01,2,73,-2,-118,573,-2662
alpha 0.01,2,74,-2,-120,574,-2664
alpha 0.01,2,75,-2,-122,575,-2666
alpha 0.01,2,76,-2,-124,576,-2668
alpha 0.01,2,77,-2,-126,577,-2670
alpha 0.01,2,78,-2,-128,578,-2672
alpha 0.01,2,79,-2,-130,579,-2674
alpha 0.01,2,80,-2,-132,580,-2676
alpha 0.01,2,81,-2,-134,581,-2678
alpha 0.01,2,82,-2,-136,582,-2680
alpha 0.01,2,83,-2,-138,583,-2682
alpha 0.01,2,84,-2,-140,584,-2684
alpha 0.01,2,85,-2,-142,585,-2686
alpha 0.01,2,86,-2,-144,586,-2688
alpha 0.01,2,87,-2,-146,587,-2690
alpha 0.01,2,88,-2,-148,588,-2692
alpha 0.01,2,89,-2,-150,589,-2694
alpha 0.01,2,90,-2,-152,590,-2696
alpha 0.01,2,91,-2,-154,591,-2698
alpha 0.01,2,92,-2,-156,592,-2700
alpha 0.01,2,93,-2,-158,593,-2702
alpha 0.01,2,94,-2,-160,594,-2704
alpha 0.01,2,95,-2,-162,595,-2706
alpha 0.01,2,96,-2,-164,596,-2708
alpha 0.01,2,97,-2,-166,597,-2710
alpha 0.01,2,98,-2,-168,598,-2712
alpha 0.01,2,99,-2,-170,599,-2714
alpha 0.01,2,100,-2,-172,600,-2716
alpha 0.01,2,101,-2,-174,601,-2718
alpha 0.01,2,102,-2,-176,602,-2720
alpha 0.01,2,103,-2,-178,603,-2722
alpha 0.01,2,104,-2,-180,604,-2724
alpha 0.01,2,105,-2,-182,605,-2726
alpha 0.01,2,106,-2,-184,606,-2728
alpha 0.01,2,107,-2,-186,607,-2730
alpha 0.01,2,108,-2,-188,608,-2732
alpha 0.01,2,109,-1,-189,609,-2733
alpha 0.01,2,110,1,-188,610,-2732
alpha 0.01,2,111,1,-187,611,-2731
alpha 0.01,2,112,1,-186,612,-2730
alpha 0.01,2,113,-3,-189,613,-2733
alpha 0.01,2,114,-3,-192,614,-2736
alpha 0.01,2,115,-3,-195,615,-2739
alpha 0.01,2,116,-3,-198,616,-2742
alpha 0.01,2,117,-3,-201,617,-2745
alpha 0.01,2,118,-3,-204,618,-2748
alpha 0.01,2,119,-2,-206,619,-2750
alpha 0.01,2,120,-2,-208,620,-2752
alpha 0.01,2,121,-3,-211,621,-2755
alpha 0.01,2,122,-3,-214,622,-2758
alpha 0.01,2,123,-3,-217,623,-2761
alpha 0.01,2,124,-3,-220,624,-2764
alpha 0.01,2,125,-3,-223,625,-2767
alpha 0.01,2,126,-3,-226,626,-2770
alpha 0.01,2,127,-3,-229,627,-2773
alpha 0.01,2,128,-3,-232,628,-2776
alpha 0.01,2,129,-3,-235,629,-2779
alpha 0.01,2,130,-3,-238,630,-2782
alpha 0.01,2,131,-3,-241,631,-2785
alpha 0.01,2,132,-3,-244,632,-2788
alpha 0.01,2,133,-3,-247,633,-2791
alpha 0.01,2,134,-3,-250,634,-2794
alpha 0.01,2,135,-3,-253,635,-2797
alpha 0.01,2,136,-3,-256,636,-2800
alpha 0.01,2,137,-3,-259,637,-2803
alpha 0.01,2,138,-3,-262,638,-2806
alpha 0.01,2,139,-3,-265,639,-2809
alpha 0.01,2,140,-3,-268,640,-2812
alpha 0.01,2,141,-3,-271,641,-2815
alpha 0.01,2,142,-3,-274,642,-2818
alpha 0.01,2,143,-3,-277,643,-2821
alpha 0.01,2,144,-3,-280,644,-2824
alpha 0.01,2,145,-3,-283,645,-2827
alpha 0.01,2,146,-3,-286,646,-2830
alpha 0.01,2,147,-3,-289,647,-2833
alpha 0.01,2,148,-3,-292,648,-2836
alpha 0.01,2,149,-3,-295,649,-2839
alpha 0.01,2,150,-3,-298,650,-2842
alpha 0.01,2,151,-3,-301,651,-2845
alpha 0.01,2,152,-3,-304,652,-2848
alpha 0.01,2,153,-3,-307,653,-2851
alpha 0.01,2,154,-3,-310,654,-2854
alpha 0.01,2,155,-3,-313,655,-2857
alpha 0.01,2,156,-3,-316,656,-2860
alpha 0.01,2,157,-4,-320,657,-2864
alpha 0.01,2,158,-4,-324,658,-2868
alpha 0.01,2,159,-4,-328,659,-2872
alpha 0.01,2,160,-4,-332,660,-2876
alpha 0.01,2,161,-4,-336,661,-2880
alpha 0.01,2,162,-4,-340,662,-2884
alpha 0.01,2,163,-4,-344,663,-2888
alpha 0.01,2,164,-4,-348,664,-2892
alpha 0.01,2,165,-4,-352,665,-2896
alpha 0.01,2,166,-4,-356,666,-2900
alpha 0.01,2,167,-4,-360,667,-2904
alpha 0.01,2,168,-4,-364,668,-2908
alpha 0.01,2,169,-4,-368,669,-2912
alpha 0.01,2,170,-4,-372,670,-2916
alpha 0.01,2,171,-4,-376,671,-2920
alpha 0.01,2,172,-4,-380,672,-2924
alpha 0.01,2,173,-4,-384,673,-2928
alpha 0.01,2,174,-4,-388,674,-2932
alpha 0.01,2,175,-4,-392,675,-2936
alpha 0.01,2,176,-4,-396,676,-2940
alpha 0.01,2,177,-4,-400,677,-2944
alpha 0.01,2,178,-4,-404,678,-2948
alpha 0.01,2,179,-4,-408,679,-2952
alpha 0.01,2,180,-4,-412,680,-2956
alpha 0.01,2,181,-4,-416,681,-2960
alpha 0.01,2,182,-2,-418,682,-2962
alpha 0.01,2,183,-2,-420,683,-2964
alpha 0.01,2,184,-3,-423,684,-2967
alpha 0.01,2,185,-3,-426,685,-2970
alpha 0.01,2,186,-3,-429,686,-2973
alpha 0.01,2,187,-3,-432,687,-2976
alpha 0.01,2,188,-3,-435,688,-2979
alpha 0.01,2,189,-3,-438,689,-2982
alpha 0.01,2,190,-3,-441,690,-2985
alpha 0.01,2,191,-3,-444,691,-2988
alpha 0.01,2,192,-3,-447,692,-2991
alpha 0.01,2,193,-3,-450,693,-2994
alpha 0.01,2,194,-3,-453,694,-2997
alpha 0.01,2,195,-3,-456,695,-3000
alpha 0.01,2,196,-3,-459,696,-3003
alpha 0.01,2,197,-3,-462,697,-3006
alpha 0.01,2,198,-3,-465,698,-3009
alpha 0.01,2,199,-3,-468,699,-3012
alpha 0.01,2,200,-3,-471,700,-3015
alpha 0.01,2,201,-3,-474,701,-3018
alpha 0.01,2,202,-3,-477,702,-3021
alpha 0.01,2,203,-3,-480,703,-3024
alpha 0.01,2,204,-3,-483,704,-3027
alpha 0.01,2,205,-3,-486,705,-3030
alpha 0.01,2,206,-3,-489,706,-3033
alpha 0.01,2,207,-3,-492,707,-3036
alpha 0.01,2,208,-3,-495,708,-3039
alpha 0.01,2,209,-3,-498,709,-3042
alpha 0.01,2,210,-3,-501,710,-3045
alpha 0.01,2,211,-3,-504,711,-3048
alpha 0.01,2,212,-2,-506,712,-3050
alpha 0.01,2,213,-3,-509,713,-3053
alpha 0.01,2,214,-3,-512,714,-3056
alpha 0.01,2,215,-3,-515,715,-3059
alpha 0.01,2,216,-3,-518,716,-3062
alpha 0.01,2,217,-3,-521,717,-3065
alpha 0.01,2,218,-3,-524,718,-3068
alpha 0.01,2,219,-3,-527,719,-3071
alpha 0.01,2,220,-2,-529,720,-3073
alpha 0.01,2,221,-2,-531,721,-3075
alpha 0.01,2,222,-2,-533,722,-3077
alpha 0.01,2,223,-2,-535,723,-3079
alpha 0.01,2,224,-2,-537,724,-3081
alpha 0.01,2,225,-2,-539,725,-3083
alpha 0.01,2,226,-2,-541,726,-3085
alpha 0.01,2,227,-2,-543,727,-3087
alpha 0.01,2,228,-2,-545,728,-3089
alpha 0.01,2,229,-2,-547,729,-3091
alpha 0.01,2,230,-2,-549,730,-3093
alpha 0.01,2,231,-2,-551,731,-3095
alpha 0.01,2,232,-2,-553,732,-3097
alpha 0.01,2,233,-2,-555,733,-3099
alpha 0.01,2,234,-2,-557,734,-3101
alpha 0.01,2,235,-2,-559,735,-3103
alpha 0.01,2,236,-2,-561,736,-3105
alpha 0.01,2,237,-2,-563,737,-3107
alpha 0.01,2,238,-2,-565,738,-3109
alpha 0.01,2,239,-2,-567,739,-3111
alpha 0.01,2,240,-2,-569,740,-3113
alpha 0.01,2,241,-2,-571,741,-3115
alpha 0.01,2,242,-2,-573,742,-3117
alpha 0.01,2,243,-2,-575,743,-3119
alpha 0.01,2,244,-2,-577,744,-3121
alpha 0.01,2,245,-2,-579,745,-3123
alpha 0.01,2,246,-2,-581,746,-3125
alpha 0.01,2,247,-1,-582,747,-3126
alpha 0.01,2,248,1,-581,748,-3125
alpha 0.01,2,249,1,-580,749,-3124
alpha 0.01,2,250,1,-579,750,-3123
alpha 0.01,2,251,1,-578,751,-3122
alpha 0.01,2,252,2,-576,752,-3120
alpha 0.01,2,253,2,-574,753,-3118
alpha 0.01,2,254,2,-572,754,-3116
alpha 0.01,2,255,2,-570,755,-3114
alpha 0.01,2,256,1,-569,756,-3113
alpha 0.01,2,257,1,-568,757,-3112
alpha 0.01,2,258,-2,-570,758,-3114
alpha 0.01,2,259,-2,-572,759,-3116
alpha 0.01,2,260,-2,-574,760,-3118
alpha 0.01,2,261,-2,-576,761,-3120
alpha 0.01,2,262,-2,-578,762,-3122
alpha 0.01,2,263,-3,-581,763,-3125
alpha 0.01,2,264,-3,-584,764,-3128
alpha 0.01,2,265,-3,-587,765,-3131
alpha 0.01,2,266,1,-586,766,-3130
alpha 0.01,2,267,1,-585,767,-3129
alpha 0.01,2,268,1,-584,768,-3128
alpha 0.01,2,269,1,-583,769,-3127
alpha 0.01,2,270,1,-582,770,-3126
alpha 0.01,2,271,1,-581,771,-3125
alpha 0.01,2,272,1,-580,772,-3124
alpha 0.01,2,273,1,-579,773,-3123
alpha 0.01,2,274,1,-578,774,-3122
alpha 0.01,2,275,1,-577,775,-3121
alpha 0.01,2,276,1,-576,776,-3120
alpha 0.01,2,277,1,-575,777,-3119
alpha 0.01,2,278,1,-574,778,-3118
alpha 0.01,2,279,1,-573,779,-3117
alpha 0.01,2,280,1,-572,780,-3116
alpha 0.01,2,281,1,-571,781,-3115
alpha 0.01,2,282,1,-570,782,-3114
alpha 0.01,2,283,1,-569,783,-3113
alpha 0.01,2,284,1,-568,784,-3112
alpha 0.01,2,285,1,-567,785,-3111
alpha 0.01,2,286,1,-566,786,-3110
alpha 0.01,2,287,1,-565,787,-3109
alpha 0.01,2,288,1,-564,788,-3108
alpha 0.01,2,289,1,-563,789,-3107
alpha 0.01,2,290,1,-562,790,-3106
alpha 0.01,2,291,1,-561,791,-3105
alpha 0.01,2,292,1,-560,792,-3104
alpha 0.01,2,293,-1,-561,793,-3105
alpha 0.01,2,294,-1,-562,794,-3106
alpha 0.01,2,295,-1,-563,795,-3107
alpha 0.01,2,296,-1,-564,796,-3108
alpha 0.01,2,297,-1,-565,797,-3109
alpha 0.01,2,298,1,-564,798,-3108
alpha 0.01,2,299,1,-563,799,-3107
alpha 0.01,2,300,1,-562,800,-3106
alpha 0.01,2,301,2,-560,801,-3104
alpha 0.01,2,302,2,-558,802,-3102
alpha 0.01,2,303,2,-556,803,-3100
alpha 0.01,2,304,2,-554,804,-3098
alpha 0.01,2,305,-1,-555,805,-3099
alpha 0.01,2,306,-2,-557,806,-3101
alpha 0.01,2,307,-2,-559,807,-3103
alpha 0.01,2,308,-2,-561,808,-3105
alpha 0.01,2,309,-2,-563,809,-3107
alpha 0.01,2,310,-2,-565,810,-3109
alpha 0.01,2,311,-2,-567,811,-3111
alpha 0.01,2,312,-2,-569,812,-3113
alpha 0.01,2,313,1,-568,813,-3112
alpha 0.01,2,314,-1,-569,814,-3113
alpha 0.01,2,315,-2,-571,815,-3115
alpha 0.01,2,316,-2,-573,816,-3117
alpha 0.01,2,317,-2,-575,817,-3119
alpha 0.01,2,318,-2,-577,818,-3121
alpha 0.01,2,319,-2,-579,819,-3123
alpha 0.01,2,320,-2,-581,820,-3125
alpha 0.01,2,321,-2,-583,821,-3127
alpha 0.01,2,322,-2,-585,822,-3129
alpha 0.01,2,323,-2,-587,823,-3131
alpha 0.01,2,324,-2,-589,824,-3133
alpha 0.01,2,325,-2,-591,825,-3135
alpha 0.01,2,326,-2,-593,826,-3137
alpha 0.01,2,327,-2,-595,827,-3139
alpha 0.01,2,328,-1,-596,828,-3140
alpha 0.01,2,329,-1,-597,829,-3141
alpha 0.01,2,330,1,-596,830,-3140
alpha 0.01,2,331,1,-595,831,-3139
alpha 0.01,2,332,1,-594,832,-3138
alpha 0.01,2,333,1,-593,833,-3137
alpha 0.01,2,334,1,-592,834,-3136
alpha 0.01,2,335,1,-591,835,-3135
alpha 0.01,2,336,1,-590,836,-3134
alpha 0.01,2,337,1,-589,837,-3133
alpha 0.01,2,338,1,-588,838,-3132
alpha 0.01,2,339,1,-587,839,-3131
alpha 0.01,2,340,1,-586,840,-3130
alpha 0.01,2,341,1,-585,841,-3129
alpha 0.01,2,342,1,-584,842,-3128
alpha 0.01,2,343,1,-583,843,-3127
alpha 0.01,2,344,1,-582,844,-3126
alpha 0.01,2,345,2,-580,845,-3124
alpha 0.01,2,346,2,-578,846,-3122
alpha 0.01,2,347,1,-577,847,-3121
alpha 0.01,2,348,-3,-580,848,-3124
alpha 0.01,2,349,-4,-584,849,-3128
alpha 0.01,2,350,-4,-588,850,-3132
alpha 0.01,2,351,-3,-591,851,-3135
alpha 0.01,2,352,-3,-594,852,-3138
alpha 0.01,2,353,-2,-596,853,-3140
alpha 0.01,2,354,-2,-598,854,-3142
alpha 0.01,2,355,-2,-600,855,-3144
alpha 0.01,2,356,-2,-602,856,-3146
alpha 0.01,2,357,-2,-604,857,-3148
alpha 0.01,2,358,-2,-606,858,-3150
alpha 0.01,2,359,-2,-608,859,-3152
alpha 0.01,2,360,-2,-610,860,-3154
alpha 0.01,2,361,-2,-612,861,-3156
alpha 0.01,2,362,-2,-614,862,-3158
alpha 0.01,2,363,-2,-616,863,-3160
alpha 0.01,2,364,-2,-618,864,-3162
alpha 0.01,2,365,-2,-620,865,-3164
alpha 0.01,2,366,-2,-622,866,-3166
alpha 0.01,2,367,-2,-624,867,-3168
alpha 0.01,2,368,-2,-626,868,-3170
alpha 0.01,2,369,-2,-628,869,-3172
alpha 0.01,2,370,-2,-630,870,-3174
alpha 0.01,2,371,-2,-632,871,-3176
alpha 0.01,2,372,-2,-634,872,-3178
alpha 0.01,2,373,-2,-636,873,-3180
alpha 0.01,2,374,-2,-638,874,-3182
alpha 0.01,2,375,-2,-640,875,-3184
alpha 0.01,2,376,-2,-642,876,-3186
alpha 0.01,2,377,-2,-644,877,-3188
alpha 0.01,2,378,-2,-646,878,-3190
alpha 0.01,2,379,-2,-648,879,-3192
alpha 0.01,2,380,-2,-650,880,-3194
alpha 0.01,2,381,-2,-652,881,-3196
alpha 0.01,2,382,-2,-654,882,-3198
alpha 0.01,2,383,-2,-656,883,-3200
alpha 0.01,2,384,-2,-658,884,-3202
alpha 0.01,2,385,-2,-660,885,-3204
alpha 0.01,2,386,-2,-662,886,-3206
alpha 0.01,2,387,-2,-664,887,-3208
alpha 0.01,2,388,-2,-666,888,-3210
alpha 0.01,2,389,-2,-668,889,-3212
alpha 0.01,2,390,-2,-670,890,-3214
alpha 0.01,2,391,-2,-672,891,-3216
alpha 0.01,2,392,-2,-674,892,-3218
alpha 0.01,2,393,-2,-676,893,-3220
alpha 0.01,2,394,-2,-678,894,-3222
alpha 0.01,2,395,-2,-680,895,-3224
alpha 0.01,2,396,-2,-682,896,-3226
alpha 0.01,2,397,-2,-684,897,-3228
alpha 0.01,2,398,-2,-686,898,-3230
alpha 0.01,2,399,-2,-688,899,-3232
alpha 0.01,2,400,-2,-690,900,-3234
alpha 0.01,2,401,-2,-692,901,-3236
alpha 0.01,2,402,-2,-694,902,-3238
alpha 0.01,2,403,-2,-696,903,-3240
alpha 0.01,2,404,-2,-698,904,-3242
alpha 0.01,2,405,-2,-700,905,-3244
alpha 0.01,2,406,-2,-702,906,-3246
alpha 0.01,2,407,-2,-704,907,-3248
alpha 0.01,2,408,-2,-706,908,-3250
alpha 0.01,2,409,-2,-708,909,-3252
alpha 0.01,2,410,-2,-710,910,-3254
alpha 0.01,2,411,-2,-712,911,-3256
alpha 0.01,2,412,-2,-714,912,-3258
alpha 0.01,2,413,-2,-716,913,-3260
alpha 0.01,2,414,-3,-719,914,-3263
alpha 0.01,2,415,-3,-722,915,-3266
alpha 0.01,2,416,-2,-724,916,-3268
alpha 0.01,2,417,-2,-726,917,-3270
alpha 0.01,2,418,-2,-728,918,-3272
alpha 0.01,2,419,-2,-730,919,-3274
alpha 0.01,2,420,-2,-732,920,-3276
alpha 0.01,2,421,-2,-734,921,-3278
alpha 0.01,2,422,-2,-736,922,-3280
alpha 0.01,2,423,-2,-738,923,-3282
alpha 0.01,2,424,-2,-740,924,-3284
alpha 0.01,2,425,-2,-742,925,-3286
alpha 0.01,2,426,-2,-744,926,-3288
alpha 0.01,2,427,-2,-746,927,-3290
alpha 0.01,2,428,-2,-748,928,-3292
alpha 0.01,2,429,-2,-750,929,-3294
alpha 0.01,2,430,-2,-752,930,-3296
alpha 0.01,2,431,-2,-754,931,-3298
alpha 0.01,2,432,-2,-756,932,-3300
alpha 0.01,2,433,-2,-758,933,-3302
alpha 0.01,2,434,-2,-760,934,-3304
alpha 0.01,2,435,-2,-762,935,-3306
alpha 0.01,2,436,-2,-764,936,-3308
alpha 0.01,2,437,-2,-766,937,-3310
alpha 0.01,2,438,-2,-768,938,-3312
alpha 0.01,2,439,-2,-770,939,-3314
alpha 0.01,2,440,-2,-772,940,-3316
alpha 0.01,2,441,-2,-774,941,-3318
alpha 0.01,2,442,-2,-776,942,-3320
alpha 0.01,2,443,-2,-778,943,-3322
alpha 0.01,2,444,-2,-780,944,-3324
alpha 0.01,2,445,-2,-782,945,-3326
alpha 0.01,2,446,-2,-784,946,-3328
alpha 0.01,2,447,-2,-786,947,-3330
alpha 0.01,2,448,-2,-788,948,-3332
alpha 0.01,2,449,-2,-790,949,-3334
alpha 0.01,2,450,-2,-792,950,-3336
alpha 0.01,2,451,-3,-795,951,-3339
alpha 0.01,2,452,-2,-797,952,-3341
alpha 0.01,2,453,-2,-799,953,-3343
alpha 0.01,2,454,-2,-801,954,-3345
alpha 0.01,2,455,-2,-803,955,-3347
alpha 0.01,2,456,-2,-805,956,-3349
alpha 0.01,2,457,-2,-807,957,-3351
alpha 0.01,2,458,-2,-809,958,-3353
alpha 0.01,2,459,-2,-811,959,-3355
alpha 0.01,2,460,-2,-813,960,-3357
alpha 0.01,2,461,-2,-815,961,-3359
alpha 0.01,2,462,-2,-817,962,-3361
alpha 0.01,2,463,-3,-820,963,-3364
alpha 0.01,2,464,-3,-823,964,-3367
alpha 0.01,2,465,-3,-826,965,-3370
alpha 0.01,2,466,-3,-829,966,-3373
alpha 0.01,2,467,-3,-832,967,-3376
alpha 0.01,2,468,-3,-835,968,-3379
alpha 0.01,2,469,-3,-838,969,-3382
alpha 0.01,2,470,-3,-841,970,-3385
alpha 0.01,2,471,-3,-844,971,-3388
alpha 0.01,2,472,-3,-847,972,-3391
alpha 0.01,2,473,-3,-850,973,-3394
alpha 0.01,2,474,-3,-853,974,-3397
alpha 0.01,2,475,-3,-856,975,-3400
alpha 0.01,2,476,-3,-859,976,-3403
alpha 0.01,2,477,-3,-862,977,-3406
alpha 0.01,2,478,-3,-865,978,-3409
alpha 0.01,2,479,-3,-868,979,-3412
alpha 0.01,2,480,-3,-871,980,-3415
alpha 0.01,2,481,-3,-874,981,-3418
alpha 0.01,2,482,-3,-877,982,-3421
alpha 0.01,2,483,-3,-880,983,-3424
alpha 0.01,2,484,-3,-883,984,-3427
alpha 0.01,2,485,-3,-886,985,-3430
alpha 0.01,2,486,-3,-889,986,-3433
alpha 0.01,2,487,-3,-892,987,-3436
alpha 0.01,2,488,-3,-895,988,-3439
alpha 0.01,2,489,-4,-899,989,-3443
alpha 0.01,2,490,-4,-903,990,-3447
alpha 0.01,2,491,-4,-907,991,-3451
alpha 0.01,2,492,-4,-911,992,-3455
alpha 0.01,2,493,-4,-915,993,-3459
alpha 0.01,2,494,-4,-919,994,-3463
alpha 0.01,2,495,-4,-923,995,-3467
alpha 0.01,2,496,-4,-927,996,-3471
alpha 0.01,2,497,-4,-931,997,-3475
alpha 0.01,2,498,-4,-935,998,-3479
alpha 0.01,2,499,-4,-939,999,-3483
alpha 0.01,2,500,-4,-943,1000,-3487
alpha 0.01,3,1,4,4,1001,-3483
alpha 0.01,3,2,2,6,1002,-3481
alpha 0.01,3,3,1,7,1003,-3480
alpha 0.01,3,4,-1,6,1004,-3481
alpha 0.01,3,5,-1,5,1005,-3482
alpha 0.01,3,6,-1,4,1006,-3483
alpha 0.01,3,7,-1,3,1007,-3484
alpha 0.01,3,8,-1,2,1008,-3485
alpha 0.01,3,9,-2,0,1009,-3487
alpha 0.01,3,10,-2,-2,1010,-3489
alpha 0.01,3,11,-2,-4,1011,-3491
alpha 0.01,3,12,-1,-5,1012,-3492
alpha 0.01,3,13,-1,-6,1013,-3493
alpha 0.01,3,14,-2,-8,1014,-3495
alpha 0.01,3,15,-2,-10,1015,-3497
alpha 0.01,3,16,-2,-12,1016,-3499
alpha 0.01,3,17,-2,-14,1017,-3501
alpha 0.01,3,18,-3,-17,1018,-3504
alpha 0.01,3,19,-3,-20,1019,-3507
alpha 0.01,3,20,-3,-23,1020,-3510
alpha 0.01,3,21,-3,-26,1021,-3513
alpha 0.01,3,22,-4,-30,1022,-3517
alpha 0.01,3,23,-4,-34,1023,-3521
alpha 0.01,3,24,-4,-38,1024,-3525
alpha 0.01,3,25,-4,-42,1025,-3529
alpha 0.01,3,26,-4,-46,1026,-3533
alpha 0.01,3,27,-4,-50,1027,-3537
alpha 0.01,3,28,-4,-54,1028,-3541
alpha 0.01,3,29,-4,-58,1029,-3545
alpha 0.01,3,30,-4,-62,1030,-3549
alpha 0.01,3,31,-4,-66,1031,-3553
alpha 0.01,3,32,-4,-70,1032,-3557
alpha 0.01,3,33,-3,-73,1033,-3560
alpha 0.01,3,34,-3,-76,1034,-3563
alpha 0.01,3,35,-3,-79,1035,-3566
alpha 0.01,3,36,-3,-82,1036,-3569
alpha 0.01,3,37,-3,-85,1037,-3572
alpha 0.01,3,38,-3,-88,1038,-3575
alpha 0.01,3,39,-3,-91,1039,-3578
alpha 0.01,3,40,-3,-94,1040,-3581
alpha 0.01,3,41,-3,-97,1041,-3584
alpha 0.01,3,42,-3,-100,1042,-3587
alpha 0.01,3,43,-4,-104,1043,-3591
alpha 0.01,3,44,-4,-108,1044,-3595
alpha 0.01,3,45,-4,-112,1045,-3599
alpha 0.01,3,46,-4,-116,1046,-3603
alpha 0.01,3,47,-4,-120,1047,-3607
alpha 0.01,3,48,-4,-124,1048,-3611
alpha 0.01,3,49,-4,-128,1049,-3615
alpha 0.01,3,50,-4,-132,1050,-3619
alpha 0.01,3,51,-4,-136,1051,-3623
alpha 0.01,3,52,-4,-140,1052,-3627
alpha 0.01,3,53,-4,-144,1053,-3631
alpha 0.01,3,54,-4,-148,1054,-3635
alpha 0.01,3,55,-3,-151,1055,-3638
alpha 0.01,3,56,-4,-155,1056,-3642
alpha 0.01,3,57,-4,-159,1057,-3646
alpha 0.01,3,58,-4,-163,1058,-3650
alpha 0.01,3,59,-4,-167,1059,-3654
alpha 0.01,3,60,-4,-171,1060,-3658
alpha 0.01,3,61,-3,-174,1061,-3661
alpha 0.01,3,62,-3,-177,1062,-3664
alpha 0.01,3,63,-3,-180,1063,-3667
alpha 0.01,3,64,-3,-183,1064,-3670
alpha 0.01,3,65,-3,-186,1065,-3673
alpha 0.01,3,66,-3,-189,1066,-3676
alpha 0.01,3,67,-3,-192,1067,-3679
alpha 0.01,3,68,-3,-195,1068,-3682
alpha 0.01,3,69,-3,-198,1069,-3685
alpha 0.01,3,70,-3,-201,1070,-3688
alpha 0.01,3,71,-3,-204,1071,-3691
alpha 0.01,3,72,-3,-207,1072,-3694
alpha 0.01,3,73,-3,-210,1073,-3697
alpha 0.01,3,74,-2,-212,1074,-3699
alpha 0.01,3,75,-2,-214,1075,-3701
alpha 0.01,3,76,-2,-216,1076,-3703
alpha 0.01,3,77,-2,-218,1077,-3705
alpha 0.01,3,78,-2,-220,1078,-3707
alpha 0.01,3,79,-2,-222,1079,-3709
alpha 0.01,3,80,-2,-224,1080,-3711
alpha 0.01,3,81,-2,-226,1081,-3713
alpha 0.01,3,82,-2,-228,1082,-3715
alpha 0.01,3,83,-2,-230,1083,-3717
alpha 0.01,3,84,-2,-232,1084,-3719
alpha 0.01,3,85,-2,-234,1085,-3721
alpha 0.01,3,86,-2,-236,1086,-3723
alpha 0.01,3,87,-2,-238,1087,-3725
alpha 0.01,3,88,-2,-240,1088,-3727
alpha 0.01,3,89,-2,-242,1089,-3729
alpha 0.01,3,90,-2,-244,1090,-3731
alpha 0.01,3,91,-2,-246,1091,-3733
alpha 0.01,3,92,-2,-248,1092,-3735
alpha 0.01,3,93,-2,-250,1093,-3737
alpha 0.01,3,94,-2,-252,1094,-3739
alpha 0.01,3,95,-2,-254,1095,-3741
alpha 0.01,3,96,-2,-256,1096,-3743
alpha 0.01,3,97,-2,-258,1097,-3745
alpha 0.01,3,98,-2,-260,1098,-3747
alpha 0.01,3,99,-2,-262,1099,-3749
alpha 0.01,3,100,-2,-264,1100,-3751
alpha 0.01,3,101,-2,-266,1101,-3753
alpha 0.01,3,102,-2,-268,1102,-3755
alpha 0.01,3,103,-2,-270,1103,-3757
alpha 0.01,3,104,-2,-272,1104,-3759
alpha 0.01,3,105,-2,-274,1105,-3761
alpha 0.01,3,106,-2,-276,1106,-3763
alpha 0.01,3,107,-2,-278,1107,-3765
alpha 0.01,3,108,-2,-280,1108,-3767
alpha 0.01,3,109,-2,-282,1109,-3769
alpha 0.01,3,110,-2,-284,1110,-3771
alpha 0.01,3,111,-2,-286,1111,-3773
alpha 0.01,3,112,-2,-288,1112,-3775
alpha 0.01,3,113,-2,-290,1113,-3777
alpha 0.01,3,114,-2,-292,1114,-3779
alpha 0.01,3,115,-2,-294,1115,-3781
alpha 0.01,3,116,-2,-296,1116,-3783
alpha 0.01,3,117,-2,-298,1117,-3785
alpha 0.01,3,118,-2,-300,1118,-3787
alpha 0.01,3,119,-2,-302,1119,-3789
alpha 0.01,3,120,-2,-304,1120,-3791
alpha 0.01,3,121,-2,-306,1121,-3793
alpha 0.01,3,122,-2,-308,1122,-3795
alpha 0.01,3,123,-2,-310,1123,-3797
alpha 0.01,3,124,-2,-312,1124,-3799
alpha 0.01,3,125,-2,-314,1125,-3801
alpha 0.01,3,126,-2,-316,1126,-3803
alpha 0.01,3,127,-2,-318,1127,-3805
alpha 0.01,3,128,-2,-320,1128,-3807
alpha 0.01,3,129,-2,-322,1129,-3809
alpha 0.01,3,130,-2,-324,1130,-3811
alpha 0.01,3,131,-2,-326,1131,-3813
alpha 0.01,3,132,-2,-328,1132,-3815
alpha 0.01,3,133,-2,-330,1133,-3817
alpha 0.01,3,134,-2,-332,1134,-3819
alpha 0.01,3,135,-2,-334,1135,-3821
alpha 0.01,3,136,-2,-336,1136,-3823
alpha 0.01,3,137,-2,-338,1137,-3825
alpha 0.01,3,138,-2,-340,1138,-3827
alpha 0.01,3,139,-2,-342,1139,-3829
alpha 0.01,3,140,-2,-344,1140,-3831
alpha 0.01,3,141,-2,-346,1141,-3833
alpha 0.01,3,142,-2,-348,1142,-3835
alpha 0.01,3,143,-2,-350,1143,-3837
alpha 0.01,3,144,-2,-352,1144,-3839
alpha 0.01,3,145,-2,-354,1145,-3841
alpha 0.01,3,146,-2,-356,1146,-3843
alpha 0.01,3,147,-2,-358,1147,-3845
alpha 0.01,3,148,-2,-360,1148,-3847
alpha 0.01,3,149,-2,-362,1149,-3849
alpha 0.01,3,150,-2,-364,1150,-3851
alpha 0.01,3,151,-2,-366,1151,-3853
alpha 0.01,3,152,-2,-368,1152,-3855
alpha 0.01,3,153,-2,-370,1153,-3857
alpha 0.01,3,154,-2,-372,1154,-3859
alpha 0.01,3,155,-2,-374,1155,-3861
alpha 0.01,3,156,-2,-376,1156,-3863
alpha 0.01,3,157,-2,-378,1157,-3865
alpha 0.01,3,158,-2,-380,1158,-3867
alpha 0.01,3,159,-2,-382,1159,-3869
alpha 0.01,3,160,-2,-384,1160,-3871
alpha 0.01,3,161,-2,-386,1161,-3873
alpha 0.01,3,162,-2,-388,1162,-3875
alpha 0.01,3,163,-2,-390,1163,-3877
alpha 0.01,3,164,-2,-392,1164,-3879
alpha 0.01,3,165,-2,-394,1165,-3881
alpha 0.01,3,166,-2,-396,1166,-3883
alpha 0.01,3,167,-2,-398,1167,-3885
alpha 0.01,3,168,-2,-400,1168,-3887
alpha 0.01,3,169,-2,-402,1169,-3889
alpha 0.01,3,170,-2,-404,1170,-3891
alpha 0.01,3,171,-2,-406,1171,-3893
alpha 0.01,3,172,-2,-408,1172,-3895
alpha 0.01,3,173,-2,-410,1173,-3897
alpha 0.01,3,174,-2,-412,1174,-3899
alpha 0.01,3,175,-2,-414,1175,-3901
alpha 0.01,3,176,-2,-416,1176,-3903
alpha 0.01,3,177,-2,-418,1177,-3905
alpha 0.01,3,178,-2,-420,1178,-3907
alpha 0.01,3,179,-2,-422,1179,-3909
alpha 0.01,3,180,-2,-424,1180,-3911
alpha 0.01,3,181,-2,-426,1181,-3913
alpha 0.01,3,182,-2,-428,1182,-3915
alpha 0.01,3,183,-2,-430,1183,-3917
alpha 0.01,3,184,-2,-432,1184,-3919
alpha 0.01,3,185,-2,-434,1185,-3921
alpha 0.01,3,186,-2,-436,1186,-3923
alpha 0.01,3,187,-2,-438,1187,-3925
alpha 0.01,3,188,-2,-440,1188,-3927
alpha 0.01,3,189,-2,-442,1189,-3929
alpha 0.01,3,190,-2,-444,1190,-3931
alpha 0.01,3,191,-2,-446,1191,-3933
alpha 0.01,3,192,-2,-448,1192,-3935
alpha 0.01,3,193,-2,-450,1193,-3937
alpha 0.01,3,194,-2,-452,1194,-3939
alpha 0.01,3,195,-2,-454,1195,-3941
alpha 0.01,3,196,-2,-456,1196,-3943
alpha 0.01,3,197,-2,-458,1197,-3945
alpha 0.01,3,198,-2,-460,1198,-3947
alpha 0.01,3,199,-2,-462,1199,-3949
alpha 0.01,3,200,-2,-464,1200,-3951
alpha 0.01,3,201,-2,-466,1201,-3953
alpha 0.01,3,202,-2,-468,1202,-3955
alpha 0.01,3,203,-2,-470,1203,-3957
alpha 0.01,3,204,-2,-472,1204,-3959
alpha 0.01,3,205,-2,-474,1205,-3961
alpha 0.01,3,206,-2,-476,1206,-3963
alpha 0.01,3,207,-2,-478,1207,-3965
alpha 0.01,3,208,-2,-480,1208,-3967
alpha 0.01,3,209,-2,-482,1209,-3969
alpha 0.01,3,210,-2,-484,1210,-3971
alpha 0.01,3,211,-3,-487,1211,-3974
alpha 0.01,3,212,-3,-490,1212,-3977
alpha 0.01,3,213,-3,-493,1213,-3980
alpha 0.01,3,214,-2,-495,1214,-3982
alpha 0.01,3,215,-2,-497,1215,-3984
alpha 0.01,3,216,-2,-499,1216,-3986
alpha 0.01,3,217,-2,-501,1217,-3988
alpha 0.01,3,218,-2,-503,1218,-3990
alpha 0.01,3,219,-3,-506,1219,-3993
alpha 0.01,3,220,-3,-509,1220,-3996
alpha 0.01,3,221,-3,-512,1221,-3999
alpha 0.01,3,222,-2,-514,1222,-4001
alpha 0.01,3,223,-1,-515,1223,-4002
alpha 0.01,3,224,-1,-516,1224,-4003
alpha 0.01,3,225,-2,-518,1225,-4005
alpha 0.01,3,226,-2,-520,1226,-4007
alpha 0.01,3,227,-3,-523,1227,-4010
alpha 0.01,3,228,-3,-526,1228,-4013
alpha 0.01,3,229,-3,-529,1229,-4016
alpha 0.01,3,230,-3,-532,1230,-4019
alpha 0.01,3,231,-2,-534,1231,-4021
alpha 0.01,3,232,-2,-536,1232,-4023
alpha 0.01,3,233,-2,-538,1233,-4025
alpha 0.01,3,234,-2,-540,1234,-4027
alpha 0.01,3,235,-2,-542,1235,-4029
alpha 0.01,3,236,-2,-544,1236,-4031
alpha 0.01,3,237,-3,-547,1237,-4034
alpha 0.01,3,238,-3,-550,1238,-4037
alpha 0.01,3,239,-3,-553,1239,-4040
alpha 0.01,3,240,-3,-556,1240,-4043
alpha 0.01,3,241,-3,-559,1241,-4046
alpha 0.01,3,242,-3,-562,1242,-4049
alpha 0.01,3,243,-3,-565,1243,-4052
alpha 0.01,3,244,-3,-568,1244,-4055
alpha 0.01,3,245,-4,-572,1245,-4059
alpha 0.01,3,246,-4,-576,1246,-4063
alpha 0.01,3,247,-4,-580,1247,-4067
alpha 0.01,3,248,-4,-584,1248,-4071
alpha 0.01,3,249,-4,-588,1249,-4075
alpha 0.01,3,250,-4,-592,1250,-4079
alpha 0.01,3,251,-4,-596,1251,-4083
alpha 0.01,3,252,-4,-600,1252,-4087
alpha 0.01,3,253,-4,-604,1253,-4091
alpha 0.01,3,254,-4,-608,1254,-4095
alpha 0.01,3,255,-4,-612,1255,-4099
alpha 0.01,3,256,-4,-616,1256,-4103
alpha 0.01,3,257,-4,-620,1257,-4107
alpha 0.01,3,258,-4,-624,1258,-4111
alpha 0.01,3,259,-4,-628,1259,-4115
alpha 0.01,3,260,-4,-632,1260,-4119
alpha 0.01,3,261,-5,-637,1261,-4124
alpha 0.01,3,262,-5,-642,1262,-4129
alpha 0.01,3,263,-5,-647,1263,-4134
alpha 0.01,3,264,-5,-652,1264,-4139
alpha 0.01,3,265,-5,-657,1265,-4144
alpha 0.01,3,266,-5,-662,1266,-4149
alpha 0.01,3,267,-5,-667,1267,-4154
alpha 0.01,3,268,-5,-672,1268,-4159
alpha 0.01,3,269,-5,-677,1269,-4164
alpha 0.01,3,270,-5,-682,1270,-4169
alpha 0.01,3,271,-5,-687,1271,-4174
alpha 0.01,3,272,-5,-692,1272,-4179
alpha 0.01,3,273,-5,-697,1273,-4184
alpha 0.01,3,274,-5,-702,1274,-4189
alpha 0.01,3,275,-5,-707,1275,-4194
alpha 0.01,3,276,-5,-712,1276,-4199
alpha 0.01,3,277,-5,-717,1277,-4204
alpha 0.01,3,278,-4,-721,1278,-4208
alpha 0.01,3,279,-4,-725,1279,-4212
alpha 0.01,3,280,-4,-729,1280,-4216
alpha 0.01,3,281,-4,-733,1281,-4220
alpha 0.01,3,282,-4,-737,1282,-4224
alpha 0.01,3,283,-4,-741,1283,-4228
alpha 0.01,3,284,-4,-745,1284,-4232
alpha 0.01,3,285,-4,-749,1285,-4236
alpha 0.01,3,286,-4,-753,1286,-4240
alpha 0.01,3,287,-5,-758,1287,-4245
alpha 0.01,3,288,-5,-763,1288,-4250
alpha 0.01,3,289,-6,-769,1289,-4256
alpha 0.01,3,290,-6,-775,1290,-4262
alpha 0.01,3,291,-6,-781,1291,-4268
alpha 0.01,3,292,-4,-785,1292,-4272
alpha 0.01,3,293,-5,-790,1293,-4277
alpha 0.01,3,294,-5,-795,1294,-4282
alpha 0.01,3,295,-5,-800,1295,-4287
alpha 0.01,3,296,-5,-805,1296,-4292
alpha 0.01,3,297,-5,-810,1297,-4297
alpha 0.01,3,298,-5,-815,1298,-4302
alpha 0.01,3,299,-4,-819,1299,-4306
alpha 0.01,3,300,-4,-823,1300,-4310
alpha 0.01,3,301,-4,-827,1301,-4314
alpha 0.01,3,302,-4,-831,1302,-4318
alpha 0.01,3,303,-4,-835,1303,-4322
alpha 0.01,3,304,-4,-839,1304,-4326
alpha 0.01,3,305,-4,-843,1305,-4330
alpha 0.01,3,306,-4,-847,1306,-4334
alpha 0.01,3,307,-4,-851,1307,-4338
alpha 0.01,3,308,-4,-855,1308,-4342
alpha 0.01,3,309,-4,-859,1309,-4346
alpha 0.01,3,310,-3,-862,1310,-4349
alpha 0.01,3,311,-3,-865,1311,-4352
alpha 0.01,3,312,-3,-868,1312,-4355
alpha 0.01,3,313,-3,-871,1313,-4358
alpha 0.01,3,314,-3,-874,1314,-4361
alpha 0.01,3,315,-3,-877,1315,-4364
alpha 0.01,3,316,-3,-880,1316,-4367
alpha 0.01,3,317,-3,-883,1317,-4370
alpha 0.01,3,318,-3,-886,1318,-4373
alpha 0.01,3,319,-3,-889,1319,-4376
alpha 0.01,3,320,-3,-892,1320,-4379
alpha 0.01,3,321,-3,-895,1321,-4382
alpha 0.01,3,322,-3,-898,1322,-4385
alpha 0.01,3,323,-3,-901,1323,-4388
alpha 0.01,3,324,-3,-904,1324,-4391
alpha 0.01,3,325,-3,-907,1325,-4394
alpha 0.01,3,326,-3,-910,1326,-4397
alpha 0.01,3,327,-3,-913,1327,-4400
alpha 0.01,3,328,-3,-916,1328,-4403
alpha 0.01,3,329,-3,-919,1329,-4406
alpha 0.01,3,330,-3,-922,1330,-4409
alpha 0.01,3,331,-3,-925,1331,-4412
alpha 0.01,3,332,-3,-928,1332,-4415
alpha 0.01,3,333,-3,-931,1333,-4418
alpha 0.01,3,334,-3,-934,1334,-4421
alpha 0.01,3,335,-3,-937,1335,-4424
alpha 0.01,3,336,-2,-939,1336,-4426
alpha 0.01,3,337,-2,-941,1337,-4428
alpha 0.01,3,338,-3,-944,1338,-4431
alpha 0.01,3,339,-3,-947,1339,-4434
alpha 0.01,3,340,-5,-952,1340,-4439
alpha 0.01,3,341,-5,-957,1341,-4444
alpha 0.01,3,342,-5,-962,1342,-4449
alpha 0.01,3,343,-5,-967,1343,-4454
alpha 0.01,3,344,-5,-972,1344,-4459
alpha 0.01,3,345,-3,-975,1345,-4462
alpha 0.01,3,346,-3,-978,1346,-4465
alpha 0.01,3,347,-3,-981,1347,-4468
alpha 0.01,3,348,-3,-984,1348,-4471
alpha 0.01,3,349,-3,-987,1349,-4474
alpha 0.01,3,350,-3,-990,1350,-4477
alpha 0.01,3,351,-3,-993,1351,-4480
alpha 0.01,3,352,-3,-996,1352,-4483
alpha 0.01,3,353,-3,-999,1353,-4486
alpha 0.01,3,354,-3,-1002,1354,-4489
alpha 0.01,3,355,-4,-1006,1355,-4493
alpha 0.01,3,356,-4,-1010,1356,-4497
alpha 0.01,3,357,-3,-1013,1357,-4500
alpha 0.01,3,358,-3,-1016,1358,-4503
alpha 0.01,3,359,-3,-1019,1359,-4506
alpha 0.01,3,360,-3,-1022,1360,-4509
alpha 0.01,3,361,-4,-1026,1361,-4513
alpha 0.01,3,362,-4,-1030,1362,-4517
alpha 0.01,3,363,-4,-1034,1363,-4521
alpha 0.01,3,364,-4,-1038,1364,-4525
alpha 0.01,3,365,-4,-1042,1365,-4529
alpha 0.01,3,366,-4,-1046,1366,-4533
alpha 0.01,3,367,-4,-1050,1367,-4537
alpha 0.01,3,368,-4,-1054,1368,-4541
alpha 0.01,3,369,-4,-1058,1369,-4545
alpha 0.01,3,370,-5,-1063,1370,-4550
alpha 0.01,3,371,-5,-1068,1371,-4555
alpha 0.01,3,372,-7,-1075,1372,-4562
alpha 0.01,3,373,-7,-1082,1373,-4569
alpha 0.01,3,374,-7,-1089,1374,-4576
alpha 0.01,3,375,-7,-1096,1375,-4583
alpha 0.01,3,376,-7,-1103,1376,-4590
alpha 0.01,3,377,-5,-1108,1377,-4595
alpha 0.01,3,378,-5,-1113,1378,-4600
alpha 0.01,3,379,-5,-1118,1379,-4605
alpha 0.01,3,380,-5,-1123,1380,-4610
alpha 0.01,3,381,-5,-1128,1381,-4615
alpha 0.01,3,382,-5,-1133,1382,-4620
alpha 0.01,3,383,-5,-1138,1383,-4625
alpha 0.01,3,384,-5,-1143,1384,-4630
alpha 0.01,3,385,-5,-1148,1385,-4635
alpha 0.01,3,386,-5,-1153,1386,-4640
alpha 0.01,3,387,-5,-1158,1387,-4645
alpha 0.01,3,388,-5,-1163,1388,-4650
alpha 0.01,3,389,-5,-1168,1389,-4655
alpha 0.01,3,390,-5,-1173,1390,-4660
alpha 0.01,3,391,-5,-1178,1391,-4665
alpha 0.01,3,392,-5,-1183,1392,-4670
alpha 0.01,3,393,-5,-1188,1393,-4675
alpha 0.01,3,394,-4,-1192,1394,-4679
alpha 0.01,3,395,-4,-1196,1395,-4683
alpha 0.01,3,396,-4,-1200,1396,-4687
alpha 0.01,3,397,-4,-1204,1397,-4691
alpha 0.01,3,398,-4,-1208,1398,-4695
alpha 0.01,3,399,-4,-1212,1399,-4699
alpha 0.01,3,400,-4,-1216,1400,-4703
alpha 0.01,3,401,-4,-1220,1401,-4707
alpha 0.01,3,402,-4,-1224,1402,-4711
alpha 0.01,3,403,-4,-1228,1403,-4715
alpha 0.01,3,404,-5,-1233,1404,-4720
alpha 0.01,3,405,-5,-1238,1405,-4725
alpha 0.01,3,406,-4,-1242,1406,-4729
alpha 0.01,3,407,-4,-1246,1407,-4733
alpha 0.01,3,408,-4,-1250,1408,-4737
alpha 0.01,3,409,-4,-1254,1409,-4741
alpha 0.01,3,410,-4,-1258,1410,-4745
alpha 0.01,3,411,-3,-1261,1411,-4748
alpha 0.01,3,412,-3,-1264,1412,-4751
alpha 0.01,3,413,-3,-1267,1413,-4754
alpha 0.01,3,414,-3,-1270,1414,-4757
alpha 0.01,3,415,-5,-1275,1415,-4762
alpha 0.01,3,416,-5,-1280,1416,-4767
alpha 0.01,3,417,-5,-1285,1417,-4772
alpha 0.01,3,418,-3,-1288,1418,-4775
alpha 0.01,3,419,-3,-1291,1419,-4778
alpha 0.01,3,420,-3,-1294,1420,-4781
alpha 0.01,3,421,-3,-1297,1421,-4784
alpha 0.01,3,422,-3,-1300,1422,-4787
alpha 0.01,3,423,-3,-1303,1423,-4790
alpha 0.01,3,424,-3,-1306,1424,-4793
alpha 0.01,3,425,-3,-1309,1425,-4796
alpha 0.01,3,426,-3,-1312,1426,-4799
alpha 0.01,3,427,-3,-1315,1427,-4802
alpha 0.01,3,428,-3,-1318,1428,-4805
alpha 0.01,3,429,-3,-1321,1429,-4808
alpha 0.01,3,430,-3,-1324,1430,-4811
alpha 0.01,3,431,-3,-1327,1431,-4814
alpha 0.01,3,432,-3,-1330,1432,-4817
alpha 0.01,3,433,-2,-1332,1433,-4819
alpha 0.01,3,434,-2,-1334,1434,-4821
alpha 0.01,3,435,-3,-1337,1435,-4824
alpha 0.01,3,436,-3,-1340,1436,-4827
alpha 0.01,3,437,-3,-1343,1437,-4830
alpha 0.01,3,438,-3,-1346,1438,-4833
alpha 0.01,3,439,-3,-1349,1439,-4836
alpha 0.01,3,440,-2,-1351,1440,-4838
alpha 0.01,3,441,-3,-1354,1441,-4841
alpha 0.01,3,442,-3,-1357,1442,-4844
alpha 0.01,3,443,-5,-1362,1443,-4849
alpha 0.01,3,444,-5,-1367,1444,-4854
alpha 0.01,3,445,-5,-1372,1445,-4859
alpha 0.01,3,446,-3,-1375,1446,-4862
alpha 0.01,3,447,-3,-1378,1447,-4865
alpha 0.01,3,448,-3,-1381,1448,-4868
alpha 0.01,3,449,-3,-1384,1449,-4871
alpha 0.01,3,450,-3,-1387,1450,-4874
alpha 0.01,3,451,-3,-1390,1451,-4877
alpha 0.01,3,452,-3,-1393,1452,-4880
alpha 0.01,3,453,-3,-1396,1453,-4883
alpha 0.01,3,454,-3,-1399,1454,-4886
alpha 0.01,3,455,-6,-1405,1455,-4892
alpha 0.01,3,456,-6,-1411,1456,-4898
alpha 0.01,3,457,-5,-1416,1457,-4903
alpha 0.01,3,458,-5,-1421,1458,-4908
alpha 0.01,3,459,-3,-1424,1459,-4911
alpha 0.01,3,460,-3,-1427,1460,-4914
alpha 0.01,3,461,-4,-1431,1461,-4918
alpha 0.01,3,462,-6,-1437,1462,-4924
alpha 0.01,3,463,-6,-1443,1463,-4930
alpha 0.01,3,464,-6,-1449,1464,-4936
alpha 0.01,3,465,-5,-1454,1465,-4941
alpha 0.01,3,466,-5,-1459,1466,-4946
alpha 0.01,3,467,-6,-1465,1467,-4952
alpha 0.01,3,468,-6,-1471,1468,-4958
alpha 0.01,3,469,-6,-1477,1469,-4964
alpha 0.01,3,470,-6,-1483,1470,-4970
alpha 0.01,3,471,-6,-1489,1471,-4976
alpha 0.01,3,472,-6,-1495,1472,-4982
alpha 0.01,3,473,-6,-1501,1473,-4988
alpha 0.01,3,474,-6,-1507,1474,-4994
alpha 0.01,3,475,-6,-1513,1475,-5000
alpha 0.01,3,476,-6,-1519,1476,-5006
alpha 0.01,3,477,-6,-1525,1477,-5012
alpha 0.01,3,478,-4,-1529,1478,-5016
alpha 0.01,3,479,-4,-1533,1479,-5020
alpha 0.01,3,480,-4,-1537,1480,-5024
alpha 0.01,3,481,-4,-1541,1481,-5028
alpha 0.01,3,482,-4,-1545,1482,-5032
alpha 0.01,3,483,-4,-1549,1483,-5036
alpha 0.01,3,484,-6,-1555,1484,-5042
alpha 0.01,3,485,-6,-1561,1485,-5048
alpha 0.01,3,486,-6,-1567,1486,-5054
alpha 0.01,3,487,-6,-1573,1487,-5060
alpha 0.01,3,488,-6,-1579,1488,-5066
alpha 0.01,3,489,-6,-1585,1489,-5072
alpha 0.01,3,490,-7,-1592,1490,-5079
alpha 0.01,3,491,-7,-1599,1491,-5086
alpha 0.01,3,492,-7,-1606,1492,-5093
alpha 0.01,3,493,-7,-1613,1493,-5100
alpha 0.01,3,494,-7,-1620,1494,-5107
alpha 0.01,3,495,-6,-1626,1495,-5113
alpha 0.01,3,496,-6,-1632,1496,-5119
alpha 0.01,3,497,-6,-1638,1497,-5125
alpha 0.01,3,498,-6,-1644,1498,-5131
alpha 0.01,3,499,-6,-1650,1499,-5137
alpha 0.01,3,500,-6,-1656,1500,-5143
alpha 0.01,4,1,4,4,1501,-5139
alpha 0.01,4,2,4,8,1502,-5135
alpha 0.01,4,3,2,10,1503,-5133
alpha 0.01,4,4,1,11,1504,-5132
alpha 0.01,4,5,-1,10,1505,-5133
alpha 0.01,4,6,-2,8,1506,-5135
alpha 0.01,4,7,-3,5,1507,-5138
alpha 0.01,4,8,-1,4,1508,-5139
alpha 0.01,4,9,2,6,1509,-5137
alpha 0.01,4,10,2,8,1510,-5135
alpha 0.01,4,11,-2,6,1511,-5137
alpha 0.01,4,12,-7,-1,1512,-5144
alpha 0.01,4,13,-7,-8,1513,-5151
alpha 0.01,4,14,-6,-14,1514,-5157
alpha 0.01,4,15,-5,-19,1515,-5162
alpha 0.01,4,16,-5,-24,1516,-5167
alpha 0.01,4,17,-5,-29,1517,-5172
alpha 0.01,4,18,-5,-34,1518,-5177
alpha 0.01,4,19,-5,-39,1519,-5182
alpha 0.01,4,20,-5,-44,1520,-5187
alpha 0.01,4,21,-5,-49,1521,-5192
alpha 0.01,4,22,-5,-54,1522,-5197
alpha 0.01,4,23,-5,-59,1523,-5202
alpha 0.01,4,24,-5,-64,1524,-5207
alpha 0.01,4,25,-5,-69,1525,-5212
alpha 0.01,4,26,-5,-74,1526,-5217
alpha 0.01,4,27,-3,-77,1527,-5220
alpha 0.01,4,28,-3,-80,1528,-5223
alpha 0.01,4,29,-5,-85,1529,-5228
alpha 0.01,4,30,-5,-90,1530,-5233
alpha 0.01,4,31,-5,-95,1531,-5238
alpha 0.01,4,32,-5,-100,1532,-5243
alpha 0.01,4,33,-5,-105,1533,-5248
alpha 0.01,4,34,-5,-110,1534,-5253
alpha 0.01,4,35,-5,-115,1535,-5258
alpha 0.01,4,36,-5,-120,1536,-5263
alpha 0.01,4,37,-5,-125,1537,-5268
alpha 0.01,4,38,-5,-130,1538,-5273
alpha 0.01,4,39,-5,-135,1539,-5278
alpha 0.01,4,40,-5,-140,1540,-5283
alpha 0.01,4,41,-5,-145,1541,-5288
alpha 0.01,4,42,-5,-150,1542,-5293
alpha 0.01,4,43,-5,-155,1543,-5298
alpha 0.01,4,44,-5,-160,1544,-5303
alpha 0.01,4,45,-5,-165,1545,-5308
alpha 0.01,4,46,-5,-170,1546,-5313
alpha 0.01,4,47,-5,-175,1547,-5318
alpha 0.01,4,48,-5,-180,1548,-5323
alpha 0.01,4,49,-5,-185,1549,-5328
alpha 0.01,4,50,-5,-190,1550,-5333
alpha 0.01,4,51,-5,-195,1551,-5338
alpha 0.01,4,52,-5,-200,1552,-5343
alpha 0.01,4,53,-5,-205,1553,-5348
alpha 0.01,4,54,-5,-210,1554,-5353
alpha 0.01,4,55,-5,-215,1555,-5358
alpha 0.01,4,56,-5,-220,1556,-5363
alpha 0.01,4,57,-5,-225,1557,-5368
alpha 0.01,4,58,-5,-230,1558,-5373
alpha 0.01,4,59,-5,-235,1559,-5378
alpha 0.01,4,60,-5,-240,1560,-5383
alpha 0.01,4,61,-5,-245,1561,-5388
alpha 0.01,4,62,-5,-250,1562,-5393
alpha 0.01,4,63,-5,-255,1563,-5398
alpha 0.01,4,64,-5,-260,1564,-5403
alpha 0.01,4,65,-5,-265,1565,-5408
alpha 0.01,4,66,-5,-270,1566,-5413
alpha 0.01,4,67,-5,-275,1567,-5418
alpha 0.01,4,68,-5,-280,1568,-5423
alpha 0.01,4,69,-5,-285,1569,-5428
alpha 0.01,4,70,-5,-290,1570,-5433
alpha 0.01,4,71,-5,-295,1571,-5438
alpha 0.01,4,72,-5,-300,1572,-5443
alpha 0.01,4,73,-5,-305,1573,-5448
alpha 0.01,4,74,-3,-308,1574,-5451
alpha 0.01,4,75,-3,-311,1575,-5454
alpha 0.01,4,76,-3,-314,1576,-5457
alpha 0.01,4,77,-3,-317,1577,-5460
alpha 0.01,4,78,-3,-320,1578,-5463
alpha 0.01,4,79,-3,-323,1579,-5466
alpha 0.01,4,80,-2,-325,1580,-5468
alpha 0.01,4,81,-2,-327,1581,-5470
alpha 0.01,4,82,-2,-329,1582,-5472
alpha 0.01,4,83,-2,-331,1583,-5474
alpha 0.01,4,84,-2,-333,1584,-5476
alpha 0.01,4,85,-2,-335,1585,-5478
alpha 0.01,4,86,-2,-337,1586,-5480
alpha 0.01,4,87,-2,-339,1587,-5482
alpha 0.01,4,88,-3,-342,1588,-5485
alpha 0.01,4,89,-3,-345,1589,-5488
alpha 0.01,4,90,-3,-348,1590,-5491
alpha 0.01,4,91,-3,-351,1591,-5494
alpha 0.01,4,92,-3,-354,1592,-5497
alpha 0.01,4,93,-3,-357,1593,-5500
alpha 0.01,4,94,-3,-360,1594,-5503
alpha 0.01,4,95,-3,-363,1595,-5506
alpha 0.01,4,96,-3,-366,1596,-5509
alpha 0.01,4,97,-3,-369,1597,-5512
alpha 0.01,4,98,-3,-372,1598,-5515
alpha 0.01,4,99,-2,-374,1599,-5517
alpha 0.01,4,100,-2,-376,1600,-5519
alpha 0.01,4,101,-2,-378,1601,-5521
alpha 0.01,4,102,-2,-380,1602,-5523
alpha 0.01,4,103,-2,-382,1603,-5525
alpha 0.01,4,104,-2,-384,1604,-5527
alpha 0.01,4,105,-2,-386,1605,-5529
alpha 0.01,4,106,-2,-388,1606,-5531
alpha 0.01,4,107,-2,-390,1607,-5533
alpha 0.01,4,108,-2,-392,1608,-5535
alpha 0.01,4,109,-2,-394,1609,-5537
alpha 0.01,4,110,-2,-396,1610,-5539
alpha 0.01,4,111,-2,-398,1611,-5541
alpha 0.01,4,112,-2,-400,1612,-5543
alpha 0.01,4,113,-2,-402,1613,-5545
alpha 0.01,4,114,-3,-405,1614,-5548
alpha 0.01,4,115,-3,-408,1615,-5551
alpha 0.01,4,116,-3,-411,1616,-5554
alpha 0.01,4,117,-3,-414,1617,-5557
alpha 0.01,4,118,-3,-417,1618,-5560
alpha 0.01,4,119,-3,-420,1619,-5563
alpha 0.01,4,120,-3,-423,1620,-5566
alpha 0.01,4,121,-3,-426,1621,-5569
alpha 0.01,4,122,-3,-429,1622,-5572
alpha 0.01,4,123,-3,-432,1623,-5575
alpha 0.01,4,124,-4,-436,1624,-5579
alpha 0.01,4,125,-4,-440,1625,-5583
alpha 0.01,4,126,-6,-446,1626,-5589
alpha 0.01,4,127,-6,-452,1627,-5595
alpha 0.01,4,128,-7,-459,1628,-5602
alpha 0.01,4,129,-7,-466,1629,-5609
alpha 0.01,4,130,-5,-471,1630,-5614
alpha 0.01,4,131,-5,-476,1631,-5619
alpha 0.01,4,132,-5,-481,1632,-5624
alpha 0.01,4,133,-5,-486,1633,-5629
alpha 0.01,4,134,-5,-491,1634,-5634
alpha 0.01,4,135,-5,-496,1635,-5639
alpha 0.01,4,136,-5,-501,1636,-5644
alpha 0.01,4,137,-5,-506,1637,-5649
alpha 0.01,4,138,-7,-513,1638,-5656
alpha 0.01,4,139,-7,-520,1639,-5663
alpha 0.01,4,140,-7,-527,1640,-5670
alpha 0.01,4,141,-7,-534,1641,-5677
alpha 0.01,4,142,-7,-541,1642,-5684
alpha 0.01,4,143,-7,-548,1643,-5691
alpha 0.01,4,144,-7,-555,1644,-5698
alpha 0.01,4,145,-5,-560,1645,-5703
alpha 0.01,4,146,-7,-567,1646,-5710
alpha 0.01,4,147,-7,-574,1647,-5717
alpha 0.01,4,148,-7,-581,1648,-5724
alpha 0.01,4,149,-7,-588,1649,-5731
alpha 0.01,4,150,-7,-595,1650,-5738
alpha 0.01,4,151,-7,-602,1651,-5745
alpha 0.01,4,152,-7,-609,1652,-5752
alpha 0.01,4,153,-7,-616,1653,-5759
alpha 0.01,4,154,-7,-623,1654,-5766
alpha 0.01,4,155,-7,-630,1655,-5773
alpha 0.01,4,156,-7,-637,1656,-5780
alpha 0.01,4,157,-7,-644,1657,-5787
alpha 0.01,4,158,-7,-651,1658,-5794
alpha 0.01,4,159,-7,-658,1659,-5801
alpha 0.01,4,160,-7,-665,1660,-5808
alpha 0.01,4,161,-7,-672,1661,-5815
alpha 0.01,4,162,-7,-679,1662,-5822
alpha 0.01,4,163,-7,-686,1663,-5829
alpha 0.01,4,164,-7,-693,1664,-5836
alpha 0.01,4,165,-7,-700,1665,-5843
alpha 0.01,4,166,-7,-707,1666,-5850
alpha 0.01,4,167,-7,-714,1667,-5857
alpha 0.01,4,168,-7,-721,1668,-5864
alpha 0.01,4,169,-7,-728,1669,-5871
alpha 0.01,4,170,-7,-735,1670,-5878
alpha 0.01,4,171,-7,-742,1671,-5885
alpha 0.01,4,172,-7,-749,1672,-5892
alpha 0.01,4,173,-7,-756,1673,-5899
alpha 0.01,4,174,-7,-763,1674,-5906
alpha 0.01,4,175,-7,-770,1675,-5913
alpha 0.01,4,176,-7,-777,1676,-5920
alpha 0.01,4,177,-7,-784,1677,-5927
alpha 0.01,4,178,-7,-791,1678,-5934
alpha 0.01,4,179,-7,-798,1679,-5941
alpha 0.01,4,180,-6,-804,1680,-5947
alpha 0.01,4,181,-7,-811,1681,-5954
alpha 0.01,4,182,-7,-818,1682,-5961
alpha 0.01,4,183,-7,-825,1683,-5968
alpha 0.01,4,184,-7,-832,1684,-5975
alpha 0.01,4,185,-6,-838,1685,-5981
alpha 0.01,4,186,-6,-844,1686,-5987
alpha 0.01,4,187,-6,-850,1687,-5993
alpha 0.01,4,188,-6,-856,1688,-5999
alpha 0.01,4,189,-6,-862,1689,-6005
alpha 0.01,4,190,-6,-868,1690,-6011
alpha 0.01,4,191,-6,-874,1691,-6017
alpha 0.01,4,192,-6,-880,1692,-6023
alpha 0.01,4,193,-6,-886,1693,-6029
alpha 0.01,4,194,-6,-892,1694,-6035
alpha 0.01,4,195,-6,-898,1695,-6041
alpha 0.01,4,196,-5,-903,1696,-6046
alpha 0.01,4,197,-5,-908,1697,-6051
alpha 0.01,4,198,-5,-913,1698,-6056
alpha 0.01,4,199,-5,-918,1699,-6061
alpha 0.01,4,200,-5,-923,1700,-6066
alpha 0.01,4,201,-5,-928,1701,-6071
alpha 0.01,4,202,-5,-933,1702,-6076
alpha 0.01,4,203,-5,-938,1703,-6081
alpha 0.01,4,204,-5,-943,1704,-6086
alpha 0.01,4,205,-5,-948,1705,-6091
alpha 0.01,4,206,-5,-953,1706,-6096
alpha 0.01,4,207,-5,-958,1707,-6101
alpha 0.01,4,208,-5,-963,1708,-6106
alpha 0.01,4,209,-5,-968,1709,-6111
alpha 0.01,4,210,-5,-973,1710,-6116
alpha 0.01,4,211,-5,-978,1711,-6121
alpha 0.01,4,212,-5,-983,1712,-6126
alpha 0.01,4,213,-5,-988,1713,-6131
alpha 0.01,4,214,-5,-993,1714,-6136
alpha 0.01,4,215,-5,-998,1715,-6141
alpha 0.01,4,216,-5,-1003,1716,-6146
alpha 0.01,4,217,-5,-1008,1717,-6151
alpha 0.01,4,218,-5,-1013,1718,-6156
alpha 0.01,4,219,-5,-1018,1719,-6161
alpha 0.01,4,220,-5,-1023,1720,-6166
alpha 0.01,4,221,-5,-1028,1721,-6171
alpha 0.01,4,222,-5,-1033,1722,-6176
alpha 0.01,4,223,-5,-1038,1723,-6181
alpha 0.01,4,224,-5,-1043,1724,-6186
alpha 0.01,4,225,-5,-1048,1725,-6191
alpha 0.01,4,226,-5,-1053,1726,-6196
alpha 0.01,4,227,-5,-1058,1727,-6201
alpha 0.01,4,228,-5,-1063,1728,-6206
alpha 0.01,4,229,-5,-1068,1729,-6211
alpha 0.01,4,230,-5,-1073,1730,-6216
alpha 0.01,4,231,-5,-1078,1731,-6221
alpha 0.01,4,232,-5,-1083,1732,-6226
alpha 0.01,4,233,-5,-1088,1733,-6231
alpha 0.01,4,234,-5,-1093,1734,-6236
alpha 0.01,4,235,-5,-1098,1735,-6241
alpha 0.01,4,236,-5,-1103,1736,-6246
alpha 0.01,4,237,-5,-1108,1737,-6251
alpha 0.01,4,238,-5,-1113,1738,-6256
alpha 0.01,4,239,-5,-1118,1739,-6261
alpha 0.01,4,240,-5,-1123,1740,-6266
alpha 0.01,4,241,-5,-1128,1741,-6271
alpha 0.01,4,242,-5,-1133,1742,-6276
alpha 0.01,4,243,-5,-1138,1743,-6281
alpha 0.01,4,244,-5,-1143,1744,-6286
alpha 0.01,4,245,-5,-1148,1745,-6291
alpha 0.01,4,246,-5,-1153,1746,-6296
alpha 0.01,4,247,-5,-1158,1747,-6301
alpha 0.01,4,248,-5,-1163,1748,-6306
alpha 0.01,4,249,-5,-1168,1749,-6311
alpha 0.01,4,250,-5,-1173,1750,-6316
alpha 0.01,4,251,-6,-1179,1751,-6322
alpha 0.01,4,252,-6,-1185,1752,-6328
alpha 0.01,4,253,-6,-1191,1753,-6334
alpha 0.01,4,254,-6,-1197,1754,-6340
alpha 0.01,4,255,-6,-1203,1755,-6346
alpha 0.01,4,256,-6,-1209,1756,-6352
alpha 0.01,4,257,-6,-1215,1757,-6358
alpha 0.01,4,258,-6,-1221,1758,-6364
alpha 0.01,4,259,-6,-1227,1759,-6370
alpha 0.01,4,260,-6,-1233,1760,-6376
alpha 0.01,4,261,-6,-1239,1761,-6382
alpha 0.01,4,262,-6,-1245,1762,-6388
alpha 0.01,4,263,-6,-1251,1763,-6394
alpha 0.01,4,264,-6,-1257,1764,-6400
alpha 0.01,4,265,-6,-1263,1765,-6406
alpha 0.01,4,266,-6,-1269,1766,-6412
alpha 0.01,4,267,-6,-1275,1767,-6418
alpha 0.01,4,268,-6,-1281,1768,-6424
alpha 0.01,4,269,-6,-1287,1769,-6430
alpha 0.01,4,270,-6,-1293,1770,-6436
alpha 0.01,4,271,-6,-1299,1771,-6442
alpha 0.01,4,272,-6,-1305,1772,-6448
alpha 0.01,4,273,-6,-1311,1773,-6454
alpha 0.01,4,274,-6,-1317,1774,-6460
alpha 0.01,4,275,-6,-1323,1775,-6466
alpha 0.01,4,276,-6,-1329,1776,-6472
alpha 0.01,4,277,-6,-1335,1777,-6478
alpha 0.01,4,278,-6,-1341,1778,-6484
alpha 0.01,4,279,-6,-1347,1779,-6490
alpha 0.01,4,280,-6,-1353,1780,-6496
alpha 0.01,4,281,-6,-1359,1781,-6502
alpha 0.01,4,282,-6,-1365,1782,-6508
alpha 0.01,4,283,-6,-1371,1783,-6514
alpha 0.01,4,284,-6,-1377,1784,-6520
alpha 0.01,4,285,-6,-1383,1785,-6526
alpha 0.01,4,286,-6,-1389,1786,-6532
alpha 0.01,4,287,-6,-1395,1787,-6538
alpha 0.01,4,288,-6,-1401,1788,-6544
alpha 0.01,4,289,-6,-1407,1789,-6550
alpha 0.01,4,290,-5,-1412,1790,-6555
alpha 0.01,4,291,-3,-1415,1791,-6558
alpha 0.01,4,292,-3,-1418,1792,-6561
alpha 0.01,4,293,-3,-1421,1793,-6564
alpha 0.01,4,294,-3,-1424,1794,-6567
alpha 0.01,4,295,-3,-1427,1795,-6570
alpha 0.01,4,296,-3,-1430,1796,-6573
alpha 0.01,4,297,-3,-1433,1797,-6576
alpha 0.01,4,298,-3,-1436,1798,-6579
alpha 0.01,4,299,-3,-1439,1799,-6582
alpha 0.01,4,300,-3,-1442,1800,-6585
alpha 0.01,4,301,-3,-1445,1801,-6588
alpha 0.01,4,302,-3,-1448,1802,-6591
alpha 0.01,4,303,-3,-1451,1803,-6594
alpha 0.01,4,304,-3,-1454,1804,-6597
alpha 0.01,4,305,-3,-1457,1805,-6600
alpha 0.01,4,306,-3,-1460,1806,-6603
alpha 0.01,4,307,-3,-1463,1807,-6606
alpha 0.01,4,308,-3,-1466,1808,-6609
alpha 0.01,4,309,-3,-1469,1809,-6612
alpha 0.01,4,310,-3,-1472,1810,-6615
alpha 0.01,4,311,-5,-1477,1811,-6620
alpha 0.01,4,312,-3,-1480,1812,-6623
alpha 0.01,4,313,-3,-1483,1813,-6626
alpha 0.01,4,314,-3,-1486,1814,-6629
alpha 0.01,4,315,-3,-1489,1815,-6632
alpha 0.01,4,316,-2,-1491,1816,-6634
alpha 0.01,4,317,-2,-1493,1817,-6636
alpha 0.01,4,318,-2,-1495,1818,-6638
alpha 0.01,4,319,-2,-1497,1819,-6640
alpha 0.01,4,320,-2,-1499,1820,-6642
alpha 0.01,4,321,-2,-1501,1821,-6644
alpha 0.01,4,322,-2,-1503,1822,-6646
alpha 0.01,4,323,-2,-1505,1823,-6648
alpha 0.01,4,324,-2,-1507,1824,-6650
alpha 0.01,4,325,-2,-1509,1825,-6652
alpha 0.01,4,326,-2,-1511,1826,-6654
alpha 0.01,4,327,-2,-1513,1827,-6656
alpha 0.01,4,328,-2,-1515,1828,-6658
alpha 0.01,4,329,-2,-1517,1829,-6660
alpha 0.01,4,330,-2,-1519,1830,-6662
alpha 0.01,4,331,-2,-1521,1831,-6664
alpha 0.01,4,332,-2,-1523,1832,-6666
alpha 0.01,4,333,-2,-1525,1833,-6668
alpha 0.01,4,334,-2,-1527,1834,-6670
alpha 0.01,4,335,-2,-1529,1835,-6672
alpha 0.01,4,336,-2,-1531,1836,-6674
alpha 0.01,4,337,-3,-1534,1837,-6677
alpha 0.01,4,338,-3,-1537,1838,-6680
alpha 0.01,4,339,-3,-1540,1839,-6683
alpha 0.01,4,340,-3,-1543,1840,-6686
alpha 0.01,4,341,-3,-1546,1841,-6689
alpha 0.01,4,342,-3,-1549,1842,-6692
alpha 0.01,4,343,-3,-1552,1843,-6695
alpha 0.01,4,344,-3,-1555,1844,-6698
alpha 0.01,4,345,-3,-1558,1845,-6701
alpha 0.01,4,346,-3,-1561,1846,-6704
alpha 0.01,4,347,-3,-1564,1847,-6707
alpha 0.01,4,348,-3,-1567,1848,-6710
alpha 0.01,4,349,-3,-1570,1849,-6713
alpha 0.01,4,350,-3,-1573,1850,-6716
alpha 0.01,4,351,-3,-1576,1851,-6719
alpha 0.01,4,352,-3,-1579,1852,-6722
alpha 0.01,4,353,-4,-1583,1853,-6726
alpha 0.01,4,354,-5,-1588,1854,-6731
alpha 0.01,4,355,-5,-1593,1855,-6736
alpha 0.01,4,356,-5,-1598,1856,-6741
alpha 0.01,4,357,-5,-1603,1857,-6746
alpha 0.01,4,358,-5,-1608,1858,-6751
alpha 0.01,4,359,-5,-1613,1859,-6756
alpha 0.01,4,360,-5,-1618,1860,-6761
alpha 0.01,4,361,-4,-1622,1861,-6765
alpha 0.01,4,362,-4,-1626,1862,-6769
alpha 0.01,4,363,-4,-1630,1863,-6773
alpha 0.01,4,364,-4,-1634,1864,-6777
alpha 0.01,4,365,-4,-1638,1865,-6781
alpha 0.01,4,366,-4,-1642,1866,-6785
alpha 0.01,4,367,-4,-1646,1867,-6789
alpha 0.01,4,368,-4,-1650,1868,-6793
alpha 0.01,4,369,-4,-1654,1869,-6797
alpha 0.01,4,370,-4,-1658,1870,-6801
alpha 0.01,4,371,-4,-1662,1871,-6805
alpha 0.01,4,372,-4,-1666,1872,-6809
alpha 0.01,4,373,-4,-1670,1873,-6813
alpha 0.01,4,374,-4,-1674,1874,-6817
alpha 0.01,4,375,-4,-1678,1875,-6821
alpha 0.01,4,376,-4,-1682,1876,-6825
alpha 0.01,4,377,-4,-1686,1877,-6829
alpha 0.01,4,378,-4,-1690,1878,-6833
alpha 0.01,4,379,-4,-1694,1879,-6837
alpha 0.01,4,380,-4,-1698,1880,-6841
alpha 0.01,4,381,-4,-1702,1881,-6845
alpha 0.01,4,382,-4,-1706,1882,-6849
alpha 0.01,4,383,-4,-1710,1883,-6853
alpha 0.01,4,384,-4,-1714,1884,-6857
alpha 0.01,4,385,-4,-1718,1885,-6861
alpha 0.01,4,386,-4,-1722,1886,-6865
alpha 0.01,4,387,-4,-1726,1887,-6869
alpha 0.01,4,388,-4,-1730,1888,-6873
alpha 0.01,4,389,-4,-1734,1889,-6877
alpha 0.01,4,390,-5,-1739,1890,-6882
alpha 0.01,4,391,-5,-1744,1891,-6887
alpha 0.01,4,392,-5,-1749,1892,-6892
alpha 0.01,4,393,-5,-1754,1893,-6897
alpha 0.01,4,394,-5,-1759,1894,-6902
alpha 0.01,4,395,-5,-1764,1895,-6907
alpha 0.01,4,396,-5,-1769,1896,-6912
alpha 0.01,4,397,-5,-1774,1897,-6917
alpha 0.01,4,398,-5,-1779,1898,-6922
alpha 0.01,4,399,-5,-1784,1899,-6927
alpha 0.01,4,400,-5,-1789,1900,-6932
alpha 0.01,4,401,-5,-1794,1901,-6937
alpha 0.01,4,402,-5,-1799,1902,-6942
alpha 0.01,4,403,-5,-1804,1903,-6947
alpha 0.01,4,404,-5,-1809,1904,-6952
alpha 0.01,4,405,-5,-1814,1905,-6957
alpha 0.01,4,406,-5,-1819,1906,-6962
alpha 0.01,4,407,-6,-1825,1907,-6968
alpha 0.01,4,408,-6,-1831,1908,-6974
alpha 0.01,4,409,-6,-1837,1909,-6980
alpha 0.01,4,410,-6,-1843,1910,-6986
alpha 0.01,4,411,-6,-1849,1911,-6992
alpha 0.01,4,412,-6,-1855,1912,-6998
alpha 0.01,4,413,-6,-1861,1913,-7004
alpha 0.01,4,414,-6,-1867,1914,-7010
alpha 0.01,4,415,-6,-1873,1915,-7016
alpha 0.01,4,416,-6,-1879,1916,-7022
alpha 0.01,4,417,-6,-1885,1917,-7028
alpha 0.01,4,418,-6,-1891,1918,-7034
alpha 0.01,4,419,-8,-1899,1919,-7042
alpha 0.01,4,420,-7,-1906,1920,-7049
alpha 0.01,4,421,-7,-1913,1921,-7056
alpha 0.01,4,422,-7,-1920,1922,-7063
alpha 0.01,4,423,-7,-1927,1923,-7070
alpha 0.01,4,424,-7,-1934,1924,-7077
alpha 0.01,4,425,-7,-1941,1925,-7084
alpha 0.01,4,426,-7,-1948,1926,-7091
alpha 0.01,4,427,-7,-1955,1927,-7098
alpha 0.01,4,428,-7,-1962,1928,-7105
alpha 0.01,4,429,-7,-1969,1929,-7112
alpha 0.01,4,430,-7,-1976,1930,-7119
alpha 0.01,4,431,-7,-1983,1931,-7126
alpha 0.01,4,432,-7,-1990,1932,-7133
alpha 0.01,4,433,-7,-1997,1933,-7140
alpha 0.01,4,434,-7,-2004,1934,-7147
alpha 0.01,4,435,-7,-2011,1935,-7154
alpha 0.01,4,436,-7,-2018,1936,-7161
alpha 0.01,4,437,-7,-2025,1937,-7168
alpha 0.01,4,438,-7,-2032,1938,-7175
alpha 0.01,4,439,-7,-2039,1939,-7182
alpha 0.01,4,440,-7,-2046,1940,-7189
alpha 0.01,4,441,-7,-2053,1941,-7196
alpha 0.01,4,442,-7,-2060,1942,-7203
alpha 0.01,4,443,-7,-2067,1943,-7210
alpha 0.01,4,444,-7,-2074,1944,-7217
alpha 0.01,4,445,-6,-2080,1945,-7223
alpha 0.01,4,446,-6,-2086,1946,-7229
alpha 0.01,4,447,-6,-2092,1947,-7235
alpha 0.01,4,448,-6,-2098,1948,-7241
alpha 0.01,4,449,-6,-2104,1949,-7247
alpha 0.01,4,450,-3,-2107,1950,-7250
alpha 0.01,4,451,-3,-2110,1951,-7253
alpha 0.01,4,452,-3,-2113,1952,-7256
alpha 0.01,4,453,-3,-2116,1953,-7259
alpha 0.01,4,454,-5,-2121,1954,-7264
alpha 0.01,4,455,-5,-2126,1955,-7269
alpha 0.01,4,456,-5,-2131,1956,-7274
alpha 0.01,4,457,-5,-2136,1957,-7279
alpha 0.01,4,458,-5,-2141,1958,-7284
alpha 0.01,4,459,-5,-2146,1959,-7289
alpha 0.01,4,460,-5,-2151,1960,-7294
alpha 0.01,4,461,-5,-2156,1961,-7299
alpha 0.01,4,462,-5,-2161,1962,-7304
alpha 0.01,4,463,-5,-2166,1963,-7309
alpha 0.01,4,464,-5,-2171,1964,-7314
alpha 0.01,4,465,-3,-2174,1965,-7317
alpha 0.01,4,466,-3,-2177,1966,-7320
alpha 0.01,4,467,-5,-2182,1967,-7325
alpha 0.01,4,468,-5,-2187,1968,-7330
alpha 0.01,4,469,-5,-2192,1969,-7335
alpha 0.01,4,470,-5,-2197,1970,-7340
alpha 0.01,4,471,-5,-2202,1971,-7345
alpha 0.01,4,472,-5,-2207,1972,-7350
alpha 0.01,4,473,-5,-2212,1973,-7355
alpha 0.01,4,474,-5,-2217,1974,-7360
alpha 0.01,4,475,-5,-2222,1975,-7365
alpha 0.01,4,476,-6,-2228,1976,-7371
alpha 0.01,4,477,-6,-2234,1977,-7377
alpha 0.01,4,478,-6,-2240,1978,-7383
alpha 0.01,4,479,-6,-2246,1979,-7389
alpha 0.01,4,480,-6,-2252,1980,-7395
alpha 0.01,4,481,-6,-2258,1981,-7401
alpha 0.01,4,482,-6,-2264,1982,-7407
alpha 0.01,4,483,-6,-2270,1983,-7413
alpha 0.01,4,484,-7,-2277,1984,-7420
alpha 0.01,4,485,-7,-2284,1985,-7427
alpha 0.01,4,486,-7,-2291,1986,-7434
alpha 0.01,4,487,-7,-2298,1987,-7441
alpha 0.01,4,488,-7,-2305,1988,-7448
alpha 0.01,4,489,-5,-2310,1989,-7453
alpha 0.01,4,490,-5,-2315,1990,-7458
alpha 0.01,4,491,-5,-2320,1991,-7463
alpha 0.01,4,492,-5,-2325,1992,-7468
alpha 0.01,4,493,-5,-2330,1993,-7473
alpha 0.01,4,494,-5,-2335,1994,-7478
alpha 0.01,4,495,-5,-2340,1995,-7483
alpha 0.01,4,496,-5,-2345,1996,-7488
alpha 0.01,4,497,-5,-2350,1997,-7493
alpha 0.01,4,498,-5,-2355,1998,-7498
alpha 0.01,4,499,-5,-2360,1999,-7503
alpha 0.01,4,500,-5,-2365,2000,-7508
alpha 0.01,5,1,4,4,2001,-7504
alpha 0.01,5,2,2,6,2002,-7502
alpha 0.01,5,3,1,7,2003,-7501
alpha 0.01,5,4,-2,5,2004,-7503
alpha 0.01,5,5,-4,1,2005,-7507
alpha 0.01,5,6,-6,-5,2006,-7513
alpha 0.01,5,7,-6,-11,2007,-7519
alpha 0.01,5,8,-10,-21,2008,-7529
alpha 0.01,5,9,-8,-29,2009,-7537
alpha 0.01,5,10,-8,-37,2010,-7545
alpha 0.01,5,11,-7,-44,2011,-7552
alpha 0.01,5,12,-7,-51,2012,-7559
alpha 0.01,5,13,-7,-58,2013,-7566
alpha 0.01,5,14,-7,-65,2014,-7573
alpha 0.01,5,15,-7,-72,2015,-7580
alpha 0.01,5,16,-7,-79,2016,-7587
alpha 0.01,5,17,-7,-86,2017,-7594
alpha 0.01,5,18,-8,-94,2018,-7602
alpha 0.01,5,19,-8,-102,2019,-7610
alpha 0.01,5,20,-8,-110,2020,-7618
alpha 0.01,5,21,-8,-118,2021,-7626
alpha 0.01,5,22,-8,-126,2022,-7634
alpha 0.01,5,23,-8,-134,2023,-7642
alpha 0.01,5,24,-8,-142,2024,-7650
alpha 0.01,5,25,-8,-150,2025,-7658
alpha 0.01,5,26,-8,-158,2026,-7666
alpha 0.01,5,27,-8,-166,2027,-7674
alpha 0.01,5,28,-8,-174,2028,-7682
alpha 0.01,5,29,-8,-182,2029,-7690
alpha 0.01,5,30,-8,-190,2030,-7698
alpha 0.01,5,31,-8,-198,2031,-7706
alpha 0.01,5,32,-8,-206,2032,-7714
alpha 0.01,5,33,-8,-214,2033,-7722
alpha 0.01,5,34,-8,-222,2034,-7730
alpha 0.01,5,35,-8,-230,2035,-7738
alpha 0.01,5,36,-8,-238,2036,-7746
alpha 0.01,5,37,-8,-246,2037,-7754
alpha 0.01,5,38,-8,-254,2038,-7762
alpha 0.01,5,39,-8,-262,2039,-7770
alpha 0.01,5,40,-8,-270,2040,-7778
alpha 0.01,5,41,-8,-278,2041,-7786
alpha 0.01,5,42,-8,-286,2042,-7794
alpha 0.01,5,43,-8,-294,2043,-7802
alpha 0.01,5,44,-8,-302,2044,-7810
alpha 0.01,5,45,-8,-310,2045,-7818
alpha 0.01,5,46,-8,-318,2046,-7826
alpha 0.01,5,47,-8,-326,2047,-7834
alpha 0.01,5,48,-8,-334,2048,-7842
alpha 0.01,5,49,-8,-342,2049,-7850
alpha 0.01,5,50,-8,-350,2050,-7858
alpha 0.01,5,51,-8,-358,2051,-7866
alpha 0.01,5,52,-8,-366,2052,-7874
alpha 0.01,5,53,-5,-371,2053,-7879
alpha 0.01,5,54,-5,-376,2054,-7884
alpha 0.01,5,55,-5,-381,2055,-7889
alpha 0.01,5,56,-5,-386,2056,-7894
alpha 0.01,5,57,-5,-391,2057,-7899
alpha 0.01,5,58,-5,-396,2058,-7904
alpha 0.01,5,59,-5,-401,2059,-7909
alpha 0.01,5,60,-5,-406,2060,-7914
alpha 0.01,5,61,-5,-411,2061,-7919
alpha 0.01,5,62,-5,-416,2062,-7924
alpha 0.01,5,63,-5,-421,2063,-7929
alpha 0.01,5,64,-5,-426,2064,-7934
alpha 0.01,5,65,-5,-431,2065,-7939
alpha 0.01,5,66,-5,-436,2066,-7944
alpha 0.01,5,67,-5,-441,2067,-7949
alpha 0.01,5,68,-5,-446,2068,-7954
alpha 0.01,5,69,-5,-451,2069,-7959
alpha 0.01,5,70,-5,-456,2070,-7964
alpha 0.01,5,71,-5,-461,2071,-7969
alpha 0.01,5,72,-5,-466,2072,-7974
alpha 0.01,5,73,-5,-471,2073,-7979
alpha 0.01,5,74,-5,-476,2074,-7984
alpha 0.01,5,75,-5,-481,2075,-7989
alpha 0.01,5,76,-4,-485,2076,-7993
alpha 0.01,5,77,-4,-489,2077,-7997
alpha 0.01,5,78,-4,-493,2078,-8001
alpha 0.01,5,79,-4,-497,2079,-8005
alpha 0.01,5,80,-4,-501,2080,-8009
alpha 0.01,5,81,-4,-505,2081,-8013
alpha 0.01,5,82,-4,-509,2082,-8017
alpha 0.01,5,83,-3,-512,2083,-8020
alpha 0.01,5,84,-3,-515,2084,-8023
alpha 0.01,5,85,-3,-518,2085,-8026
alpha 0.01,5,86,-3,-521,2086,-8029
alpha 0.01,5,87,1,-520,2087,-8028
alpha 0.01,5,88,1,-519,2088,-8027
alpha 0.01,5,89,1,-518,2089,-8026
alpha 0.01,5,90,1,-517,2090,-8025
alpha 0.01,5,91,-3,-520,2091,-8028
alpha 0.01,5,92,-3,-523,2092,-8031
alpha 0.01,5,93,-2,-525,2093,-8033
alpha 0.01,5,94,-2,-527,2094,-8035
alpha 0.01,5,95,-3,-530,2095,-8038
alpha 0.01,5,96,-3,-533,2096,-8041
alpha 0.01,5,97,-3,-536,2097,-8044
alpha 0.01,5,98,-5,-541,2098,-8049
alpha 0.01,5,99,-5,-546,2099,-8054
alpha 0.01,5,100,-5,-551,2100,-8059
alpha 0.01,5,101,-5,-556,2101,-8064
alpha 0.01,5,102,-5,-561,2102,-8069
alpha 0.01,5,103,-5,-566,2103,-8074
alpha 0.01,5,104,-5,-571,2104,-8079
alpha 0.01,5,105,-5,-576,2105,-8084
alpha 0.01,5,106,-5,-581,2106,-8089
alpha 0.01,5,107,-5,-586,2107,-8094
alpha 0.01,5,108,-5,-591,2108,-8099
alpha 0.01,5,109,-5,-596,2109,-8104
alpha 0.01,5,110,-5,-601,2110,-8109
alpha 0.01,5,111,-5,-606,2111,-8114
alpha 0.01,5,112,-5,-611,2112,-8119
alpha 0.01,5,113,-5,-616,2113,-8124
alpha 0.01,5,114,-5,-621,2114,-8129
alpha 0.01,5,115,-5,-626,2115,-8134
alpha 0.01,5,116,-5,-631,2116,-8139
alpha 0.01,5,117,-5,-636,2117,-8144
alpha 0.01,5,118,-5,-641,2118,-8149
alpha 0.01,5,119,-5,-646,2119,-8154
alpha 0.01,5,120,-5,-651,2120,-8159
alpha 0.01,5,121,-5,-656,2121,-8164
alpha 0.01,5,122,-5,-661,2122,-8169
alpha 0.01,5,123,-5,-666,2123,-8174
alpha 0.01,5,124,-5,-671,2124,-8179
alpha 0.01,5,125,-5,-676,2125,-8184
alpha 0.01,5,126,-5,-681,2126,-8189
alpha 0.01,5,127,-5,-686,2127,-8194
alpha 0.01,5,128,-5,-691,2128,-8199
alpha 0.01,5,129,-6,-697,2129,-8205
alpha 0.01,5,130,-7,-704,2130,-8212
alpha 0.01,5,131,-7,-711,2131,-8219
alpha 0.01,5,132,-6,-717,2132,-8225
alpha 0.01,5,133,-6,-723,2133,-8231
alpha 0.01,5,134,-6,-729,2134,-8237
alpha 0.01,5,135,-6,-735,2135,-8243
alpha 0.01,5,136,-7,-742,2136,-8250
alpha 0.01,5,137,-7,-749,2137,-8257
alpha 0.01,5,138,-7,-756,2138,-8264
alpha 0.01,5,139,-7,-763,2139,-8271
alpha 0.01,5,140,-7,-770,2140,-8278
alpha 0.01,5,141,-7,-777,2141,-8285
alpha 0.01,5,142,-7,-784,2142,-8292
alpha 0.01,5,143,-7,-791,2143,-8299
alpha 0.01,5,144,-7,-798,2144,-8306
alpha 0.01,5,145,-7,-805,2145,-8313
alpha 0.01,5,146,-7,-812,2146,-8320
alpha 0.01,5,147,-7,-819,2147,-8327
alpha 0.01,5,148,-7,-826,2148,-8334
alpha 0.01,5,149,-7,-833,2149,-8341
alpha 0.01,5,150,-7,-840,2150,-8348
alpha 0.01,5,151,-7,-847,2151,-8355
alpha 0.01,5,152,-7,-854,2152,-8362
alpha 0.01,5,153,-7,-861,2153,-8369
alpha 0.01,5,154,-7,-868,2154,-8376
alpha 0.01,5,155,-7,-875,2155,-8383
alpha 0.01,5,156,-7,-882,2156,-8390
alpha 0.01,5,157,-7,-889,2157,-8397
alpha 0.01,5,158,-7,-896,2158,-8404
alpha 0.01,5,159,-7,-903,2159,-8411
alpha 0.01,5,160,-7,-910,2160,-8418
alpha 0.01,5,161,-7,-917,2161,-8425
alpha 0.01,5,162,-7,-924,2162,-8432
alpha 0.01,5,163,-7,-931,2163,-8439
alpha 0.01,5,164,-7,-938,2164,-8446
alpha 0.01,5,165,-7,-945,2165,-8453
alpha 0.01,5,166,-7,-952,2166,-8460
alpha 0.01,5,167,-7,-959,2167,-8467
alpha 0.01,5,168,-7,-966,2168,-8474
alpha 0.01,5,169,-7,-973,2169,-8481
alpha 0.01,5,170,-7,-980,2170,-8488
alpha 0.01,5,171,-7,-987,2171,-8495
alpha 0.01,5,172,-7,-994,2172,-8502
alpha 0.01,5,173,-7,-1001,2173,-8509
alpha 0.01,5,174,-7,-1008,2174,-8516
alpha 0.01,5,175,-7,-1015,2175,-8523
alpha 0.01,5,176,-7,-1022,2176,-8530
alpha 0.01,5,177,-7,-1029,2177,-8537
alpha 0.01,5,178,-7,-1036,2178,-8544
alpha 0.01,5,179,-7,-1043,2179,-8551
alpha 0.01,5,180,-7,-1050,2180,-8558
alpha 0.01,5,181,-7,-1057,2181,-8565
alpha 0.01,5,182,-7,-1064,2182,-8572
alpha 0.01,5,183,-7,-1071,2183,-8579
alpha 0.01,5,184,-7,-1078,2184,-8586
alpha 0.01,5,185,-7,-1085,2185,-8593
alpha 0.01,5,186,-7,-1092,2186,-8600
alpha 0.01,5,187,-7,-1099,2187,-8607
alpha 0.01,5,188,-7,-1106,2188,-8614
alpha 0.01,5,189,-7,-1113,2189,-8621
alpha 0.01,5,190,-7,-1120,2190,-8628
alpha 0.01,5,191,-7,-1127,2191,-8635
alpha 0.01,5,192,-7,-1134,2192,-8642
alpha 0.01,5,193,-7,-1141,2193,-8649
alpha 0.01,5,194,-7,-1148,2194,-8656
alpha 0.01,5,195,-7,-1155,2195,-8663
alpha 0.01,5,196,-7,-1162,2196,-8670
alpha 0.01,5,197,-7,-1169,2197,-8677
alpha 0.01,5,198,-7,-1176,2198,-8684
alpha 0.01,5,199,-7,-1183,2199,-8691
alpha 0.01,5,200,-7,-1190,2200,-8698
alpha 0.01,5,201,-7,-1197,2201,-8705
alpha 0.01,5,202,-7,-1204,2202,-8712
alpha 0.01,5,203,-7,-1211,2203,-8719
alpha 0.01,5,204,-7,-1218,2204,-8726
alpha 0.01,5,205,-7,-1225,2205,-8733
alpha 0.01,5,206,-7,-1232,2206,-8740
alpha 0.01,5,207,-7,-1239,2207,-8747
alpha 0.01,5,208,-7,-1246,2208,-8754
alpha 0.01,5,209,-6,-1252,2209,-8760
alpha 0.01,5,210,-6,-1258,2210,-8766
alpha 0.01,5,211,-6,-1264,2211,-8772
alpha 0.01,5,212,-6,-1270,2212,-8778
alpha 0.01,5,213,-6,-1276,2213,-8784
alpha 0.01,5,214,-5,-1281,2214,-8789
alpha 0.01,5,215,-5,-1286,2215,-8794
alpha 0.01,5,216,-5,-1291,2216,-8799
alpha 0.01,5,217,-5,-1296,2217,-8804
alpha 0.01,5,218,-5,-1301,2218,-8809
alpha 0.01,5,219,-5,-1306,2219,-8814
alpha 0.01,5,220,-5,-1311,2220,-8819
alpha 0.01,5,221,-5,-1316,2221,-8824
alpha 0.01,5,222,-5,-1321,2222,-8829
alpha 0.01,5,223,-5,-1326,2223,-8834
alpha 0.01,5,224,-5,-1331,2224,-8839
alpha 0.01,5,225,-5,-1336,2225,-8844
alpha 0.01,5,226,-5,-1341,2226,-8849
alpha 0.01,5,227,-5,-1346,2227,-8854
alpha 0.01,5,228,-5,-1351,2228,-8859
alpha 0.01,5,229,-5,-1356,2229,-8864
alpha 0.01,5,230,-5,-1361,2230,-8869
alpha 0.01,5,231,-5,-1366,2231,-8874
alpha 0.01,5,232,-5,-1371,2232,-8879
alpha 0.01,5,233,-5,-1376,2233,-8884
alpha 0.01,5,234,-6,-1382,2234,-8890
alpha 0.01,5,235,-6,-1388,2235,-8896
alpha 0.01,5,236,-6,-1394,2236,-8902
alpha 0.01,5,237,-7,-1401,2237,-8909
alpha 0.01,5,238,-6,-1407,2238,-8915
alpha 0.01,5,239,-6,-1413,2239,-8921
alpha 0.01,5,240,-7,-1420,2240,-8928
alpha 0.01,5,241,-7,-1427,2241,-8935
alpha 0.01,5,242,-7,-1434,2242,-8942
alpha 0.01,5,243,-7,-1441,2243,-8949
alpha 0.01,5,244,-7,-1448,2244,-8956
alpha 0.01,5,245,-7,-1455,2245,-8963
alpha 0.01,5,246,-7,-1462,2246,-8970
alpha 0.01,5,247,-7,-1469,2247,-8977
alpha 0.01,5,248,-7,-1476,2248,-8984
alpha 0.01,5,249,-7,-1483,2249,-8991
alpha 0.01,5,250,-7,-1490,2250,-8998
alpha 0.01,5,251,-7,-1497,2251,-9005
alpha 0.01,5,252,-7,-1504,2252,-9012
alpha 0.01,5,253,-7,-1511,2253,-9019
alpha 0.01,5,254,-7,-1518,2254,-9026
alpha 0.01,5,255,-7,-1525,2255,-9033
alpha 0.01,5,256,-7,-1532,2256,-9040
alpha 0.01,5,257,-7,-1539,2257,-9047
alpha 0.01,5,258,-7,-1546,2258,-9054
alpha 0.01,5,259,-7,-1553,2259,-9061
alpha 0.01,5,260,-7,-1560,2260,-9068
alpha 0.01,5,261,-7,-1567,2261,-9075
alpha 0.01,5,262,-7,-1574,2262,-9082
alpha 0.01,5,263,-7,-1581,2263,-9089
alpha 0.01,5,264,-7,-1588,2264,-9096
alpha 0.01,5,265,-7,-1595,2265,-9103
alpha 0.01,5,266,-7,-1602,2266,-9110
alpha 0.01,5,267,-7,-1609,2267,-9117
alpha 0.01,5,268,-7,-1616,2268,-9124
alpha 0.01,5,269,-7,-1623,2269,-9131
alpha 0.01,5,270,-7,-1630,2270,-9138
alpha 0.01,5,271,-7,-1637,2271,-9145
alpha 0.01,5,272,-7,-1644,2272,-9152
alpha 0.01,5,273,-7,-1651,2273,-9159
alpha 0.01,5,274,-7,-1658,2274,-9166
alpha 0.01,5,275,-7,-1665,2275,-9173
alpha 0.01,5,276,-7,-1672,2276,-9180
alpha 0.01,5,277,-7,-1679,2277,-9187
alpha 0.01,5,278,-7,-1686,2278,-9194
alpha 0.01,5,279,-7,-1693,2279,-9201
alpha 0.01,5,280,-7,-1700,2280,-9208
alpha 0.01,5,281,-7,-1707,2281,-9215
alpha 0.01,5,282,-7,-1714,2282,-9222
alpha 0.01,5,283,-7,-1721,2283,-9229
alpha 0.01,5,284,-7,-1728,2284,-9236
alpha 0.01,5,285,-7,-1735,2285,-9243
alpha 0.01,5,286,-7,-1742,2286,-9250
alpha 0.01,5,287,-7,-1749,2287,-9257
alpha 0.01,5,288,-7,-1756,2288,-9264
alpha 0.01,5,289,-5,-1761,2289,-9269
alpha 0.01,5,290,-5,-1766,2290,-9274
alpha 0.01,5,291,-5,-1771,2291,-9279
alpha 0.01,5,292,-6,-1777,2292,-9285
alpha 0.01,5,293,-6,-1783,2293,-9291
alpha 0.01,5,294,-6,-1789,2294,-9297
alpha 0.01,5,295,-6,-1795,2295,-9303
alpha 0.01,5,296,-5,-1800,2296,-9308
alpha 0.01,5,297,-5,-1805,2297,-9313
alpha 0.01,5,298,-5,-1810,2298,-9318
alpha 0.01,5,299,-5,-1815,2299,-9323
alpha 0.01,5,300,-5,-1820,2300,-9328
alpha 0.01,5,301,-4,-1824,2301,-9332
alpha 0.01,5,302,-4,-1828,2302,-9336
alpha 0.01,5,303,-4,-1832,2303,-9340
alpha 0.01,5,304,-5,-1837,2304,-9345
alpha 0.01,5,305,-7,-1844,2305,-9352
alpha 0.01,5,306,-7,-1851,2306,-9359
alpha 0.01,5,307,-7,-1858,2307,-9366
alpha 0.01,5,308,-7,-1865,2308,-9373
alpha 0.01,5,309,-7,-1872,2309,-9380
alpha 0.01,5,310,-7,-1879,2310,-9387
alpha 0.01,5,311,-7,-1886,2311,-9394
alpha 0.01,5,312,-7,-1893,2312,-9401
alpha 0.01,5,313,-7,-1900,2313,-9408
alpha 0.01,5,314,-7,-1907,2314,-9415
alpha 0.01,5,315,-4,-1911,2315,-9419
alpha 0.01,5,316,-4,-1915,2316,-9423
alpha 0.01,5,317,-4,-1919,2317,-9427
alpha 0.01,5,318,-4,-1923,2318,-9431
alpha 0.01,5,319,-4,-1927,2319,-9435
alpha 0.01,5,320,-3,-1930,2320,-9438
alpha 0.01,5,321,2,-1928,2321,-9436
alpha 0.01,5,322,1,-1927,2322,-9435
alpha 0.01,5,323,4,-1923,2323,-9431
alpha 0.01,5,324,-2,-1925,2324,-9433
alpha 0.01,5,325,-2,-1927,2325,-9435
alpha 0.01,5,326,-5,-1932,2326,-9440
alpha 0.01,5,327,-5,-1937,2327,-9445
alpha 0.01,5,328,-5,-1942,2328,-9450
alpha 0.01,5,329,-5,-1947,2329,-9455
alpha 0.01,5,330,-5,-1952,2330,-9460
alpha 0.01,5,331,-5,-1957,2331,-9465
alpha 0.01,5,332,-6,-1963,2332,-9471
alpha 0.01,5,333,-5,-1968,2333,-9476
alpha 0.01,5,334,-3,-1971,2334,-9479
alpha 0.01,5,335,-3,-1974,2335,-9482
alpha 0.01,5,336,-2,-1976,2336,-9484
alpha 0.01,5,337,-2,-1978,2337,-9486
alpha 0.01,5,338,-2,-1980,2338,-9488
alpha 0.01,5,339,-4,-1984,2339,-9492
alpha 0.01,5,340,-4,-1988,2340,-9496
alpha 0.01,5,341,-4,-1992,2341,-9500
alpha 0.01,5,342,-4,-1996,2342,-9504
alpha 0.01,5,343,-4,-2000,2343,-9508
alpha 0.01,5,344,-6,-2006,2344,-9514
alpha 0.01,5,345,-6,-2012,2345,-9520
alpha 0.01,5,346,-6,-2018,2346,-9526
alpha 0.01,5,347,-5,-2023,2347,-9531
alpha 0.01,5,348,-5,-2028,2348,-9536
alpha 0.01,5,349,-5,-2033,2349,-9541
alpha 0.01,5,350,-5,-2038,2350,-9546
alpha 0.01,5,351,-5,-2043,2351,-9551
alpha 0.01,5,352,-5,-2048,2352,-9556
alpha 0.01,5,353,-5,-2053,2353,-9561
alpha 0.01,5,354,-5,-2058,2354,-9566
alpha 0.01,5,355,-5,-2063,2355,-9571
alpha 0.01,5,356,-5,-2068,2356,-9576
alpha 0.01,5,357,-5,-2073,2357,-9581
alpha 0.01,5,358,-5,-2078,2358,-9586
alpha 0.01,5,359,-5,-2083,2359,-9591
alpha 0.01,5,360,-5,-2088,2360,-9596
alpha 0.01,5,361,-5,-2093,2361,-9601
alpha 0.01,5,362,-5,-2098,2362,-9606
alpha 0.01,5,363,-5,-2103,2363,-9611
alpha 0.01,5,364,-5,-2108,2364,-9616
alpha 0.01,5,365,-5,-2113,2365,-9621
alpha 0.01,5,366,-5,-2118,2366,-9626
alpha 0.01,5,367,-5,-2123,2367,-9631
alpha 0.01,5,368,-5,-2128,2368,-9636
alpha 0.01,5,369,-5,-2133,2369,-9641
alpha 0.01,5,370,-5,-2138,2370,-9646
alpha 0.01,5,371,-5,-2143,2371,-9651
alpha 0.01,5,372,-5,-2148,2372,-9656
alpha 0.01,5,373,-5,-2153,2373,-9661
alpha 0.01,5,374,-5,-2158,2374,-9666
alpha 0.01,5,375,-5,-2163,2375,-9671
alpha 0.01,5,376,-5,-2168,2376,-9676
alpha 0.01,5,377,-5,-2173,2377,-9681
alpha 0.01,5,378,-5,-2178,2378,-9686
alpha 0.01,5,379,-5,-2183,2379,-9691
alpha 0.01,5,380,-5,-2188,2380,-9696
alpha 0.01,5,381,-5,-2193,2381,-9701
alpha 0.01,5,382,-5,-2198,2382,-9706
alpha 0.01,5,383,-5,-2203,2383,-9711
alpha 0.01,5,384,-5,-2208,2384,-9716
alpha 0.01,5,385,-5,-2213,2385,-9721
alpha 0.01,5,386,-5,-2218,2386,-9726
alpha 0.01,5,387,-5,-2223,2387,-9731
alpha 0.01,5,388,-5,-2228,2388,-9736
alpha 0.01,5,389,-5,-2233,2389,-9741
alpha 0.01,5,390,-5,-2238,2390,-9746
alpha 0.01,5,391,-5,-2243,2391,-9751
alpha 0.01,5,392,-5,-2248,2392,-9756
alpha 0.01,5,393,-5,-2253,2393,-9761
alpha 0.01,5,394,-5,-2258,2394,-9766
alpha 0.01,5,395,-5,-2263,2395,-9771
alpha 0.01,5,396,-5,-2268,2396,-9776
alpha 0.01,5,397,-5,-2273,2397,-9781
alpha 0.01,5,398,-5,-2278,2398,-9786
alpha 0.01,5,399,-5,-2283,2399,-9791
alpha 0.01,5,400,-5,-2288,2400,-9796
alpha 0.01,5,401,-5,-2293,2401,-9801
alpha 0.01,5,402,-5,-2298,2402,-9806
alpha 0.01,5,403,-5,-2303,2403,-9811
alpha 0.01,5,404,-5,-2308,2404,-9816
alpha 0.01,5,405,-5,-2313,2405,-9821
alpha 0.01,5,406,-5,-2318,2406,-9826
alpha 0.01,5,407,-5,-2323,2407,-9831
alpha 0.01,5,408,-5,-2328,2408,-9836
alpha 0.01,5,409,-5,-2333,2409,-9841
alpha 0.01,5,410,-6,-2339,2410,-9847
alpha 0.01,5,411,-6,-2345,2411,-9853
alpha 0.01,5,412,-6,-2351,2412,-9859
alpha 0.01,5,413,-7,-2358,2413,-9866
alpha 0.01,5,414,-7,-2365,2414,-9873
alpha 0.01,5,415,-7,-2372,2415,-9880
alpha 0.01,5,416,-7,-2379,2416,-9887
alpha 0.01,5,417,-7,-2386,2417,-9894
alpha 0.01,5,418,-7,-2393,2418,-9901
alpha 0.01,5,419,-7,-2400,2419,-9908
alpha 0.01,5,420,-7,-2407,2420,-9915
alpha 0.01,5,421,-7,-2414,2421,-9922
alpha 0.01,5,422,-8,-2422,2422,-9930
alpha 0.01,5,423,-8,-2430,2423,-9938
alpha 0.01,5,424,-8,-2438,2424,-9946
alpha 0.01,5,425,-8,-2446,2425,-9954
alpha 0.01,5,426,-8,-2454,2426,-9962
alpha 0.01,5,427,-8,-2462,2427,-9970
alpha 0.01,5,428,-10,-2472,2428,-9980
alpha 0.01,5,429,-10,-2482,2429,-9990
alpha 0.01,5,430,-10,-2492,2430,-10000
alpha 0.01,5,431,-10,-2502,2431,-10010
alpha 0.01,5,432,-10,-2512,2432,-10020
alpha 0.01,5,433,-10,-2522,2433,-10030
alpha 0.01,5,434,-10,-2532,2434,-10040
alpha 0.01,5,435,-10,-2542,2435,-10050
alpha 0.01,5,436,-10,-2552,2436,-10060
alpha 0.01,5,437,-10,-2562,2437,-10070
alpha 0.01,5,438,-10,-2572,2438,-10080
alpha 0.01,5,439,-10,-2582,2439,-10090
alpha 0.01,5,440,-10,-2592,2440,-10100
alpha 0.01,5,441,-10,-2602,2441,-10110
alpha 0.01,5,442,-10,-2612,2442,-10120
alpha 0.01,5,443,-10,-2622,2443,-10130
alpha 0.01,5,444,-10,-2632,2444,-10140
alpha 0.01,5,445,-10,-2642,2445,-10150
alpha 0.01,5,446,-10,-2652,2446,-10160
alpha 0.01,5,447,-10,-2662,2447,-10170
alpha 0.01,5,448,-10,-2672,2448,-10180
alpha 0.01,5,449,-10,-2682,2449,-10190
alpha 0.01,5,450,-10,-2692,2450,-10200
alpha 0.01,5,451,-10,-2702,2451,-10210
alpha 0.01,5,452,-10,-2712,2452,-10220
alpha 0.01,5,453,-10,-2722,2453,-10230
alpha 0.01,5,454,-10,-2732,2454,-10240
alpha 0.01,5,455,-10,-2742,2455,-10250
alpha 0.01,5,456,-10,-2752,2456,-10260
alpha 0.01,5,457,-8,-2760,2457,-10268
alpha 0.01,5,458,-7,-2767,2458,-10275
alpha 0.01,5,459,-7,-2774,2459,-10282
alpha 0.01,5,460,-7,-2781,2460,-10289
alpha 0.01,5,461,-7,-2788,2461,-10296
alpha 0.01,5,462,-7,-2795,2462,-10303
alpha 0.01,5,463,-7,-2802,2463,-10310
alpha 0.01,5,464,-7,-2809,2464,-10317
alpha 0.01,5,465,-7,-2816,2465,-10324
alpha 0.01,5,466,-7,-2823,2466,-10331
alpha 0.01,5,467,-7,-2830,2467,-10338
alpha 0.01,5,468,-5,-2835,2468,-10343
alpha 0.01,5,469,-5,-2840,2469,-10348
alpha 0.01,5,470,-5,-2845,2470,-10353
alpha 0.01,5,471,-5,-2850,2471,-10358
alpha 0.01,5,472,-5,-2855,2472,-10363
alpha 0.01,5,473,-4,-2859,2473,-10367
alpha 0.01,5,474,-2,-2861,2474,-10369
alpha 0.01,5,475,1,-2860,2475,-10368
alpha 0.01,5,476,-4,-2864,2476,-10372
alpha 0.01,5,477,-5,-2869,2477,-10377
alpha 0.01,5,478,-5,-2874,2478,-10382
alpha 0.01,5,479,-5,-2879,2479,-10387
alpha 0.01,5,480,-6,-2885,2480,-10393
alpha 0.01,5,481,-7,-2892,2481,-10400
alpha 0.01,5,482,-7,-2899,2482,-10407
alpha 0.01,5,483,-7,-2906,2483,-10414
alpha 0.01,5,484,-7,-2913,2484,-10421
alpha 0.01,5,485,-6,-2919,2485,-10427
alpha 0.01,5,486,-6,-2925,2486,-10433
alpha 0.01,5,487,-5,-2930,2487,-10438
alpha 0.01,5,488,-5,-2935,2488,-10443
alpha 0.01,5,489,-5,-2940,2489,-10448
alpha 0.01,5,490,-4,-2944,2490,-10452
alpha 0.01,5,491,-3,-2947,2491,-10455
alpha 0.01,5,492,-5,-2952,2492,-10460
alpha 0.01,5,493,-7,-2959,2493,-10467
alpha 0.01,5,494,-10,-2969,2494,-10477
alpha 0.01,5,495,-10,-2979,2495,-10487
alpha 0.01,5,496,-10,-2989,2496,-10497
alpha 0.01,5,497,-8,-2997,2497,-10505
alpha 0.01,5,498,-7,-3004,2498,-10512
alpha 0.01,5,499,-5,-3009,2499,-10517
alpha 0.01,5,500,-6,-3015,2500,-10523
alpha 0.01,6,1,2,2,2501,-10521
alpha 0.01,6,2,2,4,2502,-10519
alpha 0.01,6,3,2,6,2503,-10517
alpha 0.01,6,4,2,8,2504,-10515
alpha 0.01,6,5,2,10,2505,-10513
alpha 0.01,6,6,2,12,2506,-10511
alpha 0.01,6,7,2,14,2507,-10509
alpha 0.01,6,8,2,16,2508,-10507
alpha 0.01,6,9,2,18,2509,-10505
alpha 0.01,6,10,2,20,2510,-10503
alpha 0.01,6,11,2,22,2511,-10501
alpha 0.01,6,12,2,24,2512,-10499
alpha 0.01,6,13,2,26,2513,-10497
alpha 0.01,6,14,2,28,2514,-10495
alpha 0.01,6,15,2,30,2515,-10493
alpha 0.01,6,16,2,32,2516,-10491
alpha 0.01,6,17,2,34,2517,-10489
alpha 0.01,6,18,2,36,2518,-10487
alpha 0.01,6,19,2,38,2519,-10485
alpha 0.01,6,20,2,40,2520,-10483
alpha 0.01,6,21,1,41,2521,-10482
alpha 0.01,6,22,1,42,2522,-10481
alpha 0.01,6,23,1,43,2523,-10480
alpha 0.01,6,24,1,44,2524,-10479
alpha 0.01,6,25,1,45,2525,-10478
alpha 0.01,6,26,1,46,2526,-10477
alpha 0.01,6,27,1,47,2527,-10476
alpha 0.01,6,28,1,48,2528,-10475
alpha 0.01,6,29,1,49,2529,-10474
alpha 0.01,6,30,-2,47,2530,-10476
alpha 0.01,6,31,-3,44,2531,-10479
alpha 0.01,6,32,-3,41,2532,-10482
alpha 0.01,6,33,-3,38,2533,-10485
alpha 0.01,6,34,-3,35,2534,-10488
alpha 0.01,6,35,-4,31,2535,-10492
alpha 0.01,6,36,-4,27,2536,-10496
alpha 0.01,6,37,-4,23,2537,-10500
alpha 0.01,6,38,-4,19,2538,-10504
alpha 0.01,6,39,-5,14,2539,-10509
alpha 0.01,6,40,-5,9,2540,-10514
alpha 0.01,6,41,-5,4,2541,-10519
alpha 0.01,6,42,-5,-1,2542,-10524
alpha 0.01,6,43,-5,-6,2543,-10529
alpha 0.01,6,44,-7,-13,2544,-10536
alpha 0.01,6,45,-7,-20,2545,-10543
alpha 0.01,6,46,-8,-28,2546,-10551
alpha 0.01,6,47,-8,-36,2547,-10559
alpha 0.01,6,48,-8,-44,2548,-10567
alpha 0.01,6,49,-10,-54,2549,-10577
alpha 0.01,6,50,-10,-64,2550,-10587
alpha 0.01,6,51,-10,-74,2551,-10597
alpha 0.01,6,52,-10,-84,2552,-10607
alpha 0.01,6,53,-10,-94,2553,-10617
alpha 0.01,6,54,-10,-104,2554,-10627
alpha 0.01,6,55,-10,-114,2555,-10637
alpha 0.01,6,56,-10,-124,2556,-10647
alpha 0.01,6,57,-10,-134,2557,-10657
alpha 0.01,6,58,-10,-144,2558,-10667
alpha 0.01,6,59,-10,-154,2559,-10677
alpha 0.01,6,60,-10,-164,2560,-10687
alpha 0.01,6,61,-10,-174,2561,-10697
alpha 0.01,6,62,-8,-182,2562,-10705
alpha 0.01,6,63,-8,-190,2563,-10713
alpha 0.01,6,64,-8,-198,2564,-10721
alpha 0.01,6,65,-8,-206,2565,-10729
alpha 0.01,6,66,-8,-214,2566,-10737
alpha 0.01,6,67,-8,-222,2567,-10745
alpha 0.01,6,68,-8,-230,2568,-10753
alpha 0.01,6,69,-8,-238,2569,-10761
alpha 0.01,6,70,-8,-246,2570,-10769
alpha 0.01,6,71,-8,-254,2571,-10777
alpha 0.01,6,72,-8,-262,2572,-10785
alpha 0.01,6,73,-8,-270,2573,-10793
alpha 0.01,6,74,-8,-278,2574,-10801
alpha 0.01,6,75,-10,-288,2575,-10811
alpha 0.01,6,76,-10,-298,2576,-10821
alpha 0.01,6,77,-10,-308,2577,-10831
alpha 0.01,6,78,-10,-318,2578,-10841
alpha 0.01,6,79,-10,-328,2579,-10851
alpha 0.01,6,80,-10,-338,2580,-10861
alpha 0.01,6,81,-10,-348,2581,-10871
alpha 0.01,6,82,-10,-358,2582,-10881
alpha 0.01,6,83,-10,-368,2583,-10891
alpha 0.01,6,84,-7,-375,2584,-10898
alpha 0.01,6,85,-6,-381,2585,-10904
alpha 0.01,6,86,-5,-386,2586,-10909
alpha 0.01,6,87,-5,-391,2587,-10914
alpha 0.01,6,88,-7,-398,2588,-10921
alpha 0.01,6,89,-7,-405,2589,-10928
alpha 0.01,6,90,-7,-412,2590,-10935
alpha 0.01,6,91,-8,-420,2591,-10943
alpha 0.01,6,92,-10,-430,2592,-10953
alpha 0.01,6,93,-10,-440,2593,-10963
alpha 0.01,6,94,-10,-450,2594,-10973
alpha 0.01,6,95,-10,-460,2595,-10983
alpha 0.01,6,96,-10,-470,2596,-10993
alpha 0.01,6,97,-10,-480,2597,-11003
alpha 0.01,6,98,-10,-490,2598,-11013
alpha 0.01,6,99,-8,-498,2599,-11021
alpha 0.01,6,100,-10,-508,2600,-11031
alpha 0.01,6,101,-10,-518,2601,-11041
alpha 0.01,6,102,-10,-528,2602,-11051
alpha 0.01,6,103,-10,-538,2603,-11061
alpha 0.01,6,104,-10,-548,2604,-11071
alpha 0.01,6,105,-10,-558,2605,-11081
alpha 0.01,6,106,-10,-568,2606,-11091
alpha 0.01,6,107,-10,-578,2607,-11101
alpha 0.01,6,108,-10,-588,2608,-11111
alpha 0.01,6,109,-8,-596,2609,-11119
alpha 0.01,6,110,-8,-604,2610,-11127
alpha 0.01,6,111,-8,-612,2611,-11135
alpha 0.01,6,112,-8,-620,2612,-11143
alpha 0.01,6,113,-7,-627,2613,-11150
alpha 0.01,6,114,-7,-634,2614,-11157
alpha 0.01,6,115,-5,-639,2615,-11162
alpha 0.01,6,116,-7,-646,2616,-11169
alpha 0.01,6,117,-10,-656,2617,-11179
alpha 0.01,6,118,-10,-666,2618,-11189
alpha 0.01,6,119,-10,-676,2619,-11199
alpha 0.01,6,120,-10,-686,2620,-11209
alpha 0.01,6,121,-10,-696,2621,-11219
alpha 0.01,6,122,-10,-706,2622,-11229
alpha 0.01,6,123,-10,-716,2623,-11239
alpha 0.01,6,124,-8,-724,2624,-11247
alpha 0.01,6,125,-8,-732,2625,-11255
alpha 0.01,6,126,-8,-740,2626,-11263
alpha 0.01,6,127,-7,-747,2627,-11270
alpha 0.01,6,128,-7,-754,2628,-11277
alpha 0.01,6,129,-7,-761,2629,-11284
alpha 0.01,6,130,-7,-768,2630,-11291
alpha 0.01,6,131,-7,-775,2631,-11298
alpha 0.01,6,132,-7,-782,2632,-11305
alpha 0.01,6,133,-6,-788,2633,-11311
alpha 0.01,6,134,-6,-794,2634,-11317
alpha 0.01,6,135,-6,-800,2635,-11323
alpha 0.01,6,136,-6,-806,2636,-11329
alpha 0.01,6,137,-7,-813,2637,-11336
alpha 0.01,6,138,-7,-820,2638,-11343
alpha 0.01,6,139,-8,-828,2639,-11351
alpha 0.01,6,140,-10,-838,2640,-11361
alpha 0.01,6,141,-10,-848,2641,-11371
alpha 0.01,6,142,-10,-858,2642,-11381
alpha 0.01,6,143,-10,-868,2643,-11391
alpha 0.01,6,144,-10,-878,2644,-11401
alpha 0.01,6,145,-10,-888,2645,-11411
alpha 0.01,6,146,-10,-898,2646,-11421
alpha 0.01,6,147,-10,-908,2647,-11431
alpha 0.01,6,148,-10,-918,2648,-11441
alpha 0.01,6,149,-10,-928,2649,-11451
alpha 0.01,6,150,-10,-938,2650,-11461
alpha 0.01,6,151,-10,-948,2651,-11471
alpha 0.01,6,152,-10,-958,2652,-11481
alpha 0.01,6,153,-10,-968,2653,-11491
alpha 0.01,6,154,-10,-978,2654,-11501
alpha 0.01,6,155,-10,-988,2655,-11511
alpha 0.01,6,156,-10,-998,2656,-11521
alpha 0.01,6,157,-10,-1008,2657,-11531
alpha 0.01,6,158,-10,-1018,2658,-11541
alpha 0.01,6,159,-10,-1028,2659,-11551
alpha 0.01,6,160,-10,-1038,2660,-11561
alpha 0.01,6,161,-10,-1048,2661,-11571
alpha 0.01,6,162,-10,-1058,2662,-11581
alpha 0.01,6,163,-10,-1068,2663,-11591
alpha 0.01,6,164,-10,-1078,2664,-11601
alpha 0.01,6,165,-10,-1088,2665,-11611
alpha 0.01,6,166,-10,-1098,2666,-11621
alpha 0.01,6,167,-10,-1108,2667,-11631
alpha 0.01,6,168,-10,-1118,2668,-11641
alpha 0.01,6,169,-10,-1128,2669,-11651
alpha 0.01,6,170,-10,-1138,2670,-11661
alpha 0.01,6,171,-10,-1148,2671,-11671
alpha 0.01,6,172,-10,-1158,2672,-11681
alpha 0.01,6,173,-10,-1168,2673,-11691
alpha 0.01,6,174,-7,-1175,2674,-11698
alpha 0.01,6,175,-7,-1182,2675,-11705
alpha 0.01,6,176,-7,-1189,2676,-11712
alpha 0.01,6,177,-5,-1194,2677,-11717
alpha 0.01,6,178,-7,-1201,2678,-11724
alpha 0.01,6,179,-10,-1211,2679,-11734
alpha 0.01,6,180,-10,-1221,2680,-11744
alpha 0.01,6,181,-8,-1229,2681,-11752
alpha 0.01,6,182,-10,-1239,2682,-11762
alpha 0.01,6,183,-7,-1246,2683,-11769
alpha 0.01,6,184,-5,-1251,2684,-11774
alpha 0.01,6,185,-6,-1257,2685,-11780
alpha 0.01,6,186,-5,-1262,2686,-11785
alpha 0.01,6,187,-6,-1268,2687,-11791
alpha 0.01,6,188,-10,-1278,2688,-11801
alpha 0.01,6,189,-10,-1288,2689,-11811
alpha 0.01,6,190,-6,-1294,2690,-11817
alpha 0.01,6,191,-7,-1301,2691,-11824
alpha 0.01,6,192,-7,-1308,2692,-11831
alpha 0.01,6,193,-6,-1314,2693,-11837
alpha 0.01,6,194,-4,-1318,2694,-11841
alpha 0.01,6,195,-5,-1323,2695,-11846
alpha 0.01,6,196,-10,-1333,2696,-11856
alpha 0.01,6,197,-10,-1343,2697,-11866
alpha 0.01,6,198,-7,-1350,2698,-11873
alpha 0.01,6,199,-3,-1353,2699,-11876
alpha 0.01,6,200,-2,-1355,2700,-11878
alpha 0.01,6,201,-5,-1360,2701,-11883
alpha 0.01,6,202,-5,-1365,2702,-11888
alpha 0.01,6,203,-8,-1373,2703,-11896
alpha 0.01,6,204,-10,-1383,2704,-11906
alpha 0.01,6,205,-6,-1389,2705,-11912
alpha 0.01,6,206,-5,-1394,2706,-11917
alpha 0.01,6,207,-6,-1400,2707,-11923
alpha 0.01,6,208,-8,-1408,2708,-11931
alpha 0.01,6,209,-5,-1413,2709,-11936
alpha 0.01,6,210,-8,-1421,2710,-11944
alpha 0.01,6,211,-10,-1431,2711,-11954
alpha 0.01,6,212,-8,-1439,2712,-11962
alpha 0.01,6,213,-7,-1446,2713,-11969
alpha 0.01,6,214,-5,-1451,2714,-11974
alpha 0.01,6,215,-5,-1456,2715,-11979
alpha 0.01,6,216,-5,-1461,2716,-11984
alpha 0.01,6,217,-7,-1468,2717,-11991
alpha 0.01,6,218,-8,-1476,2718,-11999
alpha 0.01,6,219,-8,-1484,2719,-12007
alpha 0.01,6,220,-6,-1490,2720,-12013
alpha 0.01,6,221,-10,-1500,2721,-12023
alpha 0.01,6,222,-10,-1510,2722,-12033
alpha 0.01,6,223,-5,-1515,2723,-12038
alpha 0.01,6,224,-5,-1520,2724,-12043
alpha 0.01,6,225,-5,-1525,2725,-12048
alpha 0.01,6,226,-4,-1529,2726,-12052
alpha 0.01,6,227,-5,-1534,2727,-12057
alpha 0.01,6,228,-10,-1544,2728,-12067
alpha 0.01,6,229,-10,-1554,2729,-12077
alpha 0.01,6,230,-7,-1561,2730,-12084
alpha 0.01,6,231,-7,-1568,2731,-12091
alpha 0.01,6,232,-5,-1573,2732,-12096
alpha 0.01,6,233,-5,-1578,2733,-12101
alpha 0.01,6,234,1,-1577,2734,-12100
alpha 0.01,6,235,-6,-1583,2735,-12106
alpha 0.01,6,236,-7,-1590,2736,-12113
alpha 0.01,6,237,-7,-1597,2737,-12120
alpha 0.01,6,238,-8,-1605,2738,-12128
alpha 0.01,6,239,-6,-1611,2739,-12134
alpha 0.01,6,240,-5,-1616,2740,-12139
alpha 0.01,6,241,-5,-1621,2741,-12144
alpha 0.01,6,242,-2,-1623,2742,-12146
alpha 0.01,6,243,2,-1621,2743,-12144
alpha 0.01,6,244,-4,-1625,2744,-12148
alpha 0.01,6,245,-7,-1632,2745,-12155
alpha 0.01,6,246,-7,-1639,2746,-12162
alpha 0.01,6,247,-7,-1646,2747,-12169
alpha 0.01,6,248,-6,-1652,2748,-12175
alpha 0.01,6,249,-5,-1657,2749,-12180
alpha 0.01,6,250,-7,-1664,2750,-12187
alpha 0.01,6,251,-5,-1669,2751,-12192
alpha 0.01,6,252,-6,-1675,2752,-12198
alpha 0.01,6,253,-7,-1682,2753,-12205
alpha 0.01,6,254,-5,-1687,2754,-12210
alpha 0.01,6,255,-5,-1692,2755,-12215
alpha 0.01,6,256,-4,-1696,2756,-12219
alpha 0.01,6,257,-3,-1699,2757,-12222
alpha 0.01,6,258,-4,-1703,2758,-12226
alpha 0.01,6,259,-7,-1710,2759,-12233
alpha 0.01,6,260,-7,-1717,2760,-12240
alpha 0.01,6,261,-6,-1723,2761,-12246
alpha 0.01,6,262,-5,-1728,2762,-12251
alpha 0.01,6,263,-6,-1734,2763,-12257
alpha 0.01,6,264,-6,-1740,2764,-12263
alpha 0.01,6,265,-6,-1746,2765,-12269
alpha 0.01,6,266,-6,-1752,2766,-12275
alpha 0.01,6,267,-5,-1757,2767,-12280
alpha 0.01,6,268,-5,-1762,2768,-12285
alpha 0.01,6,269,-5,-1767,2769,-12290
alpha 0.01,6,270,-5,-1772,2770,-12295
alpha 0.01,6,271,-5,-1777,2771,-12300
alpha 0.01,6,272,-5,-1782,2772,-12305
alpha 0.01,6,273,-6,-1788,2773,-12311
alpha 0.01,6,274,-3,-1791,2774,-12314
alpha 0.01,6,275,-2,-1793,2775,-12316
alpha 0.01,6,276,1,-1792,2776,-12315
alpha 0.01,6,277,1,-1791,2777,-12314
alpha 0.01,6,278,-2,-1793,2778,-12316
alpha 0.01,6,279,-2,-1795,2779,-12318
alpha 0.01,6,280,-4,-1799,2780,-12322
alpha 0.01,6,281,-6,-1805,2781,-12328
alpha 0.01,6,282,-6,-1811,2782,-12334
alpha 0.01,6,283,2,-1809,2783,-12332
alpha 0.01,6,284,2,-1807,2784,-12330
alpha 0.01,6,285,2,-1805,2785,-12328
alpha 0.01,6,286,2,-1803,2786,-12326
alpha 0.01,6,287,2,-1801,2787,-12324
alpha 0.01,6,288,2,-1799,2788,-12322
alpha 0.01,6,289,2,-1797,2789,-12320
alpha 0.01,6,290,2,-1795,2790,-12318
alpha 0.01,6,291,2,-1793,2791,-12316
alpha 0.01,6,292,2,-1791,2792,-12314
alpha 0.01,6,293,2,-1789,2793,-12312
alpha 0.01,6,294,2,-1787,2794,-12310
alpha 0.01,6,295,2,-1785,2795,-12308
alpha 0.01,6,296,2,-1783,2796,-12306
alpha 0.01,6,297,2,-1781,2797,-12304
alpha 0.01,6,298,2,-1779,2798,-12302
alpha 0.01,6,299,2,-1777,2799,-12300
alpha 0.01,6,300,2,-1775,2800,-12298
alpha 0.01,6,301,2,-1773,2801,-12296
alpha 0.01,6,302,2,-1771,2802,-12294
alpha 0.01,6,303,2,-1769,2803,-12292
alpha 0.01,6,304,2,-1767,2804,-12290
alpha 0.01,6,305,2,-1765,2805,-12288
alpha 0.01,6,306,2,-1763,2806,-12286
alpha 0.01,6,307,2,-1761,2807,-12284
alpha 0.01,6,308,2,-1759,2808,-12282
alpha 0.01,6,309,2,-1757,2809,-12280
alpha 0.01,6,310,2,-1755,2810,-12278
alpha 0.01,6,311,2,-1753,2811,-12276
alpha 0.01,6,312,2,-1751,2812,-12274
alpha 0.01,6,313,2,-1749,2813,-12272
alpha 0.01,6,314,2,-1747,2814,-12270
alpha 0.01,6,315,2,-1745,2815,-12268
alpha 0.01,6,316,2,-1743,2816,-12266
alpha 0.01,6,317,2,-1741,2817,-12264
alpha 0.01,6,318,2,-1739,2818,-12262
alpha 0.01,6,319,2,-1737,2819,-12260
alpha 0.01,6,320,2,-1735,2820,-12258
alpha 0.01,6,321,2,-1733,2821,-12256
alpha 0.01,6,322,2,-1731,2822,-12254
alpha 0.01,6,323,2,-1729,2823,-12252
alpha 0.01,6,324,2,-1727,2824,-12250
alpha 0.01,6,325,2,-1725,2825,-12248
alpha 0.01,6,326,2,-1723,2826,-12246
alpha 0.01,6,327,2,-1721,2827,-12244
alpha 0.01,6,328,2,-1719,2828,-12242
alpha 0.01,6,329,2,-1717,2829,-12240
alpha 0.01,6,330,2,-1715,2830,-12238
alpha 0.01,6,331,2,-1713,2831,-12236
alpha 0.01,6,332,2,-1711,2832,-12234
alpha 0.01,6,333,2,-1709,2833,-12232
alpha 0.01,6,334,2,-1707,2834,-12230
alpha 0.01,6,335,2,-1705,2835,-12228
alpha 0.01,6,336,2,-1703,2836,-12226
alpha 0.01,6,337,2,-1701,2837,-12224
alpha 0.01,6,338,2,-1699,2838,-12222
alpha 0.01,6,339,2,-1697,2839,-12220
alpha 0.01,6,340,2,-1695,2840,-12218
alpha 0.01,6,341,2,-1693,2841,-12216
alpha 0.01,6,342,2,-1691,2842,-12214
alpha 0.01,6,343,2,-1689,2843,-12212
alpha 0.01,6,344,2,-1687,2844,-12210
alpha 0.01,6,345,2,-1685,2845,-12208
alpha 0.01,6,346,2,-1683,2846,-12206
alpha 0.01,6,347,2,-1681,2847,-12204
alpha 0.01,6,348,2,-1679,2848,-12202
alpha 0.01,6,349,2,-1677,2849,-12200
alpha 0.01,6,350,2,-1675,2850,-12198
alpha 0.01,6,351,2,-1673,2851,-12196
alpha 0.01,6,352,2,-1671,2852,-12194
alpha 0.01,6,353,2,-1669,2853,-12192
alpha 0.01,6,354,2,-1667,2854,-12190
alpha 0.01,6,355,2,-1665,2855,-12188
alpha 0.01,6,356,2,-1663,2856,-12186
alpha 0.01,6,357,2,-1661,2857,-12184
alpha 0.01,6,358,2,-1659,2858,-12182
alpha 0.01,6,359,2,-1657,2859,-12180
alpha 0.01,6,360,2,-1655,2860,-12178
alpha 0.01,6,361,2,-1653,2861,-12176
alpha 0.01,6,362,2,-1651,2862,-12174
alpha 0.01,6,363,2,-1649,2863,-12172
alpha 0.01,6,364,2,-1647,2864,-12170
alpha 0.01,6,365,2,-1645,2865,-12168
alpha 0.01,6,366,2,-1643,2866,-12166
alpha 0.01,6,367,2,-1641,2867,-12164
alpha 0.01,6,368,2,-1639,2868,-12162
alpha 0.01,6,369,2,-1637,2869,-12160
alpha 0.01,6,370,2,-1635,2870,-12158
alpha 0.01,6,371,2,-1633,2871,-12156
alpha 0.01,6,372,2,-1631,2872,-12154
alpha 0.01,6,373,2,-1629,2873,-12152
alpha 0.01,6,374,2,-1627,2874,-12150
alpha 0.01,6,375,2,-1625,2875,-12148
alpha 0.01,6,376,2,-1623,2876,-12146
alpha 0.01,6,377,2,-1621,2877,-12144
alpha 0.01,6,378,2,-1619,2878,-12142
alpha 0.01,6,379,2,-1617,2879,-12140
alpha 0.01,6,380,2,-1615,2880,-12138
alpha 0.01,6,381,2,-1613,2881,-12136
alpha 0.01,6,382,2,-1611,2882,-12134
alpha 0.01,6,383,2,-1609,2883,-12132
alpha 0.01,6,384,2,-1607,2884,-12130
alpha 0.01,6,385,2,-1605,2885,-12128
alpha 0.01,6,386,2,-1603,2886,-12126
alpha 0.01,6,387,2,-1601,2887,-12124
alpha 0.01,6,388,2,-1599,2888,-12122
alpha 0.01,6,389,2,-1597,2889,-12120
alpha 0.01,6,390,2,-1595,2890,-12118
alpha 0.01,6,391,2,-1593,2891,-12116
alpha 0.01,6,392,2,-1591,2892,-12114
alpha 0.01,6,393,2,-1589,2893,-12112
alpha 0.01,6,394,2,-1587,2894,-12110
alpha 0.01,6,395,2,-1585,2895,-12108
alpha 0.01,6,396,2,-1583,2896,-12106
alpha 0.01,6,397,2,-1581,2897,-12104
alpha 0.01,6,398,2,-1579,2898,-12102
alpha 0.01,6,399,2,-1577,2899,-12100
alpha 0.01,6,400,2,-1575,2900,-12098
alpha 0.01,6,401,2,-1573,2901,-12096
alpha 0.01,6,402,2,-1571,2902,-12094
alpha 0.01,6,403,2,-1569,2903,-12092
alpha 0.01,6,404,2,-1567,2904,-12090
alpha 0.01,6,405,2,-1565,2905,-12088
alpha 0.01,6,406,2,-1563,2906,-12086
alpha 0.01,6,407,2,-1561,2907,-12084
alpha 0.01,6,408,2,-1559,2908,-12082
alpha 0.01,6,409,2,-1557,2909,-12080
alpha 0.01,6,410,2,-1555,2910,-12078
alpha 0.01,6,411,2,-1553,2911,-12076
alpha 0.01,6,412,2,-1551,2912,-12074
alpha 0.01,6,413,2,-1549,2913,-12072
alpha 0.01,6,414,2,-1547,2914,-12070
alpha 0.01,6,415,2,-1545,2915,-12068
alpha 0.01,6,416,2,-1543,2916,-12066
alpha 0.01,6,417,2,-1541,2917,-12064
alpha 0.01,6,418,2,-1539,2918,-12062
alpha 0.01,6,419,2,-1537,2919,-12060
alpha 0.01,6,420,2,-1535,2920,-12058
alpha 0.01,6,421,2,-1533,2921,-12056
alpha 0.01,6,422,2,-1531,2922,-12054
alpha 0.01,6,423,2,-1529,2923,-12052
alpha 0.01,6,424,2,-1527,2924,-12050
alpha 0.01,6,425,2,-1525,2925,-12048
alpha 0.01,6,426,2,-1523,2926,-12046
alpha 0.01,6,427,2,-1521,2927,-12044
alpha 0.01,6,428,2,-1519,2928,-12042
alpha 0.01,6,429,2,-1517,2929,-12040
alpha 0.01,6,430,2,-1515,2930,-12038
alpha 0.01,6,431,2,-1513,2931,-12036
alpha 0.01,6,432,2,-1511,2932,-12034
alpha 0.01,6,433,2,-1509,2933,-12032
alpha 0.01,6,434,2,-1507,2934,-12030
alpha 0.01,6,435,2,-1505,2935,-12028
alpha 0.01,6,436,2,-1503,2936,-12026
alpha 0.01,6,437,2,-1501,2937,-12024
alpha 0.01,6,438,2,-1499,2938,-12022
alpha 0.01,6,439,2,-1497,2939,-12020
alpha 0.01,6,440,2,-1495,2940,-12018
alpha 0.01,6,441,2,-1493,2941,-12016
alpha 0.01,6,442,2,-1491,2942,-12014
alpha 0.01,6,443,2,-1489,2943,-12012
alpha 0.01,6,444,2,-1487,2944,-12010
alpha 0.01,6,445,2,-1485,2945,-12008
alpha 0.01,6,446,2,-1483,2946,-12006
alpha 0.01,6,447,2,-1481,2947,-12004
alpha 0.01,6,448,2,-1479,2948,-12002
alpha 0.01,6,449,2,-1477,2949,-12000
alpha 0.01,6,450,2,-1475,2950,-11998
alpha 0.01,6,451,2,-1473,2951,-11996
alpha 0.01,6,452,2,-1471,2952,-11994
alpha 0.01,6,453,2,-1469,2953,-11992
alpha 0.01,6,454,2,-1467,2954,-11990
alpha 0.01,6,455,2,-1465,2955,-11988
alpha 0.01,6,456,2,-1463,2956,-11986
alpha 0.01,6,457,2,-1461,2957,-11984
alpha 0.01,6,458,2,-1459,2958,-11982
alpha 0.01,6,459,2,-1457,2959,-11980
alpha 0.01,6,460,2,-1455,2960,-11978
alpha 0.01,6,461,2,-1453,2961,-11976
alpha 0.01,6,462,2,-1451,2962,-11974
alpha 0.01,6,463,2,-1449,2963,-11972
alpha 0.01,6,464,2,-1447,2964,-11970
alpha 0.01,6,465,2,-1445,2965,-11968
alpha 0.01,6,466,2,-1443,2966,-11966
alpha 0.01,6,467,2,-1441,2967,-11964
alpha 0.01,6,468,2,-1439,2968,-11962
alpha 0.01,6,469,2,-1437,2969,-11960
alpha 0.01,6,470,2,-1435,2970,-11958
alpha 0.01,6,471,2,-1433,2971,-11956
alpha 0.01,6,472,2,-1431,2972,-11954
alpha 0.01,6,473,2,-1429,2973,-11952
alpha 0.01,6,474,2,-1427,2974,-11950
alpha 0.01,6,475,2,-1425,2975,-11948
alpha 0.01,6,476,2,-1423,2976,-11946
alpha 0.01,6,477,2,-1421,2977,-11944
alpha 0.01,6,478,2,-1419,2978,-11942
alpha 0.01,6,479,2,-1417,2979,-11940
alpha 0.01,6,480,2,-1415,2980,-11938
alpha 0.01,6,481,2,-1413,2981,-11936
alpha 0.01,6,482,2,-1411,2982,-11934
alpha 0.01,6,483,2,-1409,2983,-11932
alpha 0.01,6,484,2,-1407,2984,-11930
alpha 0.01,6,485,2,-1405,2985,-11928
alpha 0.01,6,486,2,-1403,2986,-11926
alpha 0.01,6,487,2,-1401,2987,-11924
alpha 0.01,6,488,2,-1399,2988,-11922
alpha 0.01,6,489,2,-1397,2989,-11920
alpha 0.01,6,490,2,-1395,2990,-11918
alpha 0.01,6,491,2,-1393,2991,-11916
alpha 0.01,6,492,2,-1391,2992,-11914
alpha 0.01,6,493,2,-1389,2993,-11912
alpha 0.01,6,494,2,-1387,2994,-11910
alpha 0.01,6,495,2,-1385,2995,-11908
alpha 0.01,6,496,2,-1383,2996,-11906
alpha 0.01,6,497,2,-1381,2997,-11904
alpha 0.01,6,498,2,-1379,2998,-11902
alpha 0.01,6,499,2,-1377,2999,-11900
alpha 0.01,6,500,2,-1375,3000,-11898
alpha 0.005,1,1,1,1,1,1
alpha 0.005,1,2,-3,-2,2,-2
alpha 0.005,1,3,-7,-9,3,-9
alpha 0.005,1,4,-10,-19,4,-19
alpha 0.005,1,5,-10,-29,5,-29
alpha 0.005,1,6,-10,-39,6,-39
alpha 0.005,1,7,-10,-49,7,-49
alpha 0.005,1,8,-8,-57,8,-57
alpha 0.005,1,9,-8,-65,9,-65
alpha 0.005,1,10,-8,-73,10,-73
alpha 0.005,1,11,-8,-81,11,-81
alpha 0.005,1,12,-8,-89,12,-89
alpha 0.005,1,13,-8,-97,13,-97
alpha 0.005,1,14,-7,-104,14,-104
alpha 0.005,1,15,-7,-111,15,-111
alpha 0.005,1,16,-7,-118,16,-118
alpha 0.005,1,17,-7,-125,17,-125
alpha 0.005,1,18,-7,-132,18,-132
alpha 0.005,1,19,-7,-139,19,-139
alpha 0.005,1,20,-7,-146,20,-146
alpha 0.005,1,21,-7,-153,21,-153
alpha 0.005,1,22,-7,-160,22,-160
alpha 0.005,1,23,-7,-167,23,-167
alpha 0.005,1,24,-7,-174,24,-174
alpha 0.005,1,25,-7,-181,25,-181
alpha 0.005,1,26,-7,-188,26,-188
alpha 0.005,1,27,-7,-195,27,-195
alpha 0.005,1,28,-5,-200,28,-200
alpha 0.005,1,29,-5,-205,29,-205
alpha 0.005,1,30,-5,-210,30,-210
alpha 0.005,1,31,-5,-215,31,-215
alpha 0.005,1,32,-5,-220,32,-220
alpha 0.005,1,33,-5,-225,33,-225
alpha 0.005,1,34,-4,-229,34,-229
alpha 0.005,1,35,-4,-233,35,-233
alpha 0.005,1,36,-4,-237,36,-237
alpha 0.005,1,37,-2,-239,37,-239
alpha 0.005,1,38,-1,-240,38,-240
alpha 0.005,1,39,-2,-242,39,-242
alpha 0.005,1,40,-2,-244,40,-244
alpha 0.005,1,41,-1,-245,41,-245
alpha 0.005,1,42,-2,-247,42,-247
alpha 0.005,1,43,-2,-249,43,-249
alpha 0.005,1,44,-1,-250,44,-250
alpha 0.005,1,45,1,-249,45,-249
alpha 0.005,1,46,1,-248,46,-248
alpha 0.005,1,47,1,-247,47,-247
alpha 0.005,1,48,1,-246,48,-246
alpha 0.005,1,49,1,-245,49,-245
alpha 0.005,1,50,-2,-247,50,-247
alpha 0.005,1,51,-2,-249,51,-249
alpha 0.005,1,52,-3,-252,52,-252
alpha 0.005,1,53,-3,-255,53,-255
alpha 0.005,1,54,-2,-257,54,-257
alpha 0.005,1,55,-1,-258,55,-258
alpha 0.005,1,56,2,-256,56,-256
alpha 0.005,1,57,1,-255,57,-255
alpha 0.005,1,58,-4,-259,58,-259
alpha 0.005,1,59,-7,-266,59,-266
alpha 0.005,1,60,-5,-271,60,-271
alpha 0.005,1,61,-4,-275,61,-275
alpha 0.005,1,62,-2,-277,62,-277
alpha 0.005,1,63,-3,-280,63,-280
alpha 0.005,1,64,-2,-282,64,-282
alpha 0.005,1,65,-1,-283,65,-283
alpha 0.005,1,66,2,-281,66,-281
alpha 0.005,1,67,1,-280,67,-280
alpha 0.005,1,68,1,-279,68,-279
alpha 0.005,1,69,-2,-281,69,-281
alpha 0.005,1,70,-2,-283,70,-283
alpha 0.005,1,71,-3,-286,71,-286
alpha 0.005,1,72,-5,-291,72,-291
alpha 0.005,1,73,-4,-295,73,-295
alpha 0.005,1,74,-5,-300,74,-300
alpha 0.005,1,75,-8,-308,75,-308
alpha 0.005,1,76,-5,-313,76,-313
alpha 0.005,1,77,-4,-317,77,-317
alpha 0.005,1,78,-4,-321,78,-321
alpha 0.005,1,79,-4,-325,79,-325
alpha 0.005,1,80,-5,-330,80,-330
alpha 0.005,1,81,-5,-335,81,-335
alpha 0.005,1,82,-5,-340,82,-340
alpha 0.005,1,83,-8,-348,83,-348
alpha 0.005,1,84,-8,-356,84,-356
alpha 0.005,1,85,-6,-362,85,-362
alpha 0.005,1,86,-8,-370,86,-370
alpha 0.005,1,87,-8,-378,87,-378
alpha 0.005,1,88,-8,-386,88,-386
alpha 0.005,1,89,-8,-394,89,-394
alpha 0.005,1,90,-8,-402,90,-402
alpha 0.005,1,91,-8,-410,91,-410
alpha 0.005,1,92,-8,-418,92,-418
alpha 0.005,1,93,-8,-426,93,-426
alpha 0.005,1,94,-10,-436,94,-436
alpha 0.005,1,95,-10,-446,95,-446
alpha 0.005,1,96,-10,-456,96,-456
alpha 0.005,1,97,-10,-466,97,-466
alpha 0.005,1,98,-10,-476,98,-476
alpha 0.005,1,99,-10,-486,99,-486
alpha 0.005,1,100,-10,-496,100,-496
alpha 0.005,1,101,-10,-506,101,-506
alpha 0.005,1,102,-10,-516,102,-516
alpha 0.005,1,103,-10,-526,103,-526
alpha 0.005,1,104,-10,-536,104,-536
alpha 0.005,1,105,-10,-546,105,-546
alpha 0.005,1,106,-10,-556,106,-556
alpha 0.005,1,107,-10,-566,107,-566
alpha 0.005,1,108,-10,-576,108,-576
alpha 0.005,1,109,-10,-586,109,-586
alpha 0.005,1,110,-10,-596,110,-596
alpha 0.005,1,111,-10,-606,111,-606
alpha 0.005,1,112,-10,-616,112,-616
alpha 0.005,1,113,-10,-626,113,-626
alpha 0.005,1,114,-10,-636,114,-636
alpha 0.005,1,115,-10,-646,115,-646
alpha 0.005,1,116,-10,-656,116,-656
alpha 0.005,1,117,-10,-666,117,-666
alpha 0.005,1,118,-10,-676,118,-676
alpha 0.005,1,119,-10,-686,119,-686
alpha 0.005,1,120,-10,-696,120,-696
alpha 0.005,1,121,-10,-706,121,-706
alpha 0.005,1,122,-10,-716,122,-716
alpha 0.005,1,123,-10,-726,123,-726
alpha 0.005,1,124,-10,-736,124,-736
alpha 0.005,1,125,-10,-746,125,-746
alpha 0.005,1,126,-10,-756,126,-756
alpha 0.005,1,127,-10,-766,127,-766
alpha 0.005,1,128,-10,-776,128,-776
alpha 0.005,1,129,-10,-786,129,-786
alpha 0.005,1,130,-10,-796,130,-796
alpha 0.005,1,131,-10,-806,131,-806
alpha 0.005,1,132,-10,-816,132,-816
alpha 0.005,1,133,-10,-826,133,-826
alpha 0.005,1,134,-8,-834,134,-834
alpha 0.005,1,135,-8,-842,135,-842
alpha 0.005,1,136,-8,-850,136,-850
alpha 0.005,1,137,-8,-858,137,-858
alpha 0.005,1,138,-8,-866,138,-866
alpha 0.005,1,139,-8,-874,139,-874
alpha 0.005,1,140,-8,-882,140,-882
alpha 0.005,1,141,-8,-890,141,-890
alpha 0.005,1,142,-8,-898,142,-898
alpha 0.005,1,143,-8,-906,143,-906
alpha 0.005,1,144,-8,-914,144,-914
alpha 0.005,1,145,-8,-922,145,-922
alpha 0.005,1,146,-7,-929,146,-929
alpha 0.005,1,147,-7,-936,147,-936
alpha 0.005,1,148,-7,-943,148,-943
alpha 0.005,1,149,-7,-950,149,-950
alpha 0.005,1,150,-7,-957,150,-957
alpha 0.005,1,151,-7,-964,151,-964
alpha 0.005,1,152,-7,-971,152,-971
alpha 0.005,1,153,-7,-978,153,-978
alpha 0.005,1,154,-7,-985,154,-985
alpha 0.005,1,155,-7,-992,155,-992
alpha 0.005,1,156,-7,-999,156,-999
alpha 0.005,1,157,-7,-1006,157,-1006
alpha 0.005,1,158,-7,-1013,158,-1013
alpha 0.005,1,159,-7,-1020,159,-1020
alpha 0.005,1,160,-6,-1026,160,-1026
alpha 0.005,1,161,-6,-1032,161,-1032
alpha 0.005,1,162,-6,-1038,162,-1038
alpha 0.005,1,163,-5,-1043,163,-1043
alpha 0.005,1,164,-5,-1048,164,-1048
alpha 0.005,1,165,-5,-1053,165,-1053
alpha 0.005,1,166,-5,-1058,166,-1058
alpha 0.005,1,167,-5,-1063,167,-1063
alpha 0.005,1,168,-5,-1068,168,-1068
alpha 0.005,1,169,-5,-1073,169,-1073
alpha 0.005,1,170,-5,-1078,170,-1078
alpha 0.005,1,171,-5,-1083,171,-1083
alpha 0.005,1,172,-5,-1088,172,-1088
alpha 0.005,1,173,-5,-1093,173,-1093
alpha 0.005,1,174,-5,-1098,174,-1098
alpha 0.005,1,175,-5,-1103,175,-1103
alpha 0.005,1,176,-5,-1108,176,-1108
alpha 0.005,1,177,-5,-1113,177,-1113
alpha 0.005,1,178,-5,-1118,178,-1118
alpha 0.005,1,179,-5,-1123,179,-1123
alpha 0.005,1,180,-6,-1129,180,-1129
alpha 0.005,1,181,-6,-1135,181,-1135
alpha 0.005,1,182,-7,-1142,182,-1142
alpha 0.005,1,183,-7,-1149,183,-1149
alpha 0.005,1,184,-7,-1156,184,-1156
alpha 0.005,1,185,-7,-1163,185,-1163
alpha 0.005,1,186,-7,-1170,186,-1170
alpha 0.005,1,187,-7,-1177,187,-1177
alpha 0.005,1,188,-7,-1184,188,-1184
alpha 0.005,1,189,-7,-1191,189,-1191
alpha 0.005,1,190,-7,-1198,190,-1198
alpha 0.005,1,191,-7,-1205,191,-1205
alpha 0.005,1,192,-7,-1212,192,-1212
alpha 0.005,1,193,-7,-1219,193,-1219
alpha 0.005,1,194,-7,-1226,194,-1226
alpha 0.005,1,195,-8,-1234,195,-1234
alpha 0.005,1,196,-8,-1242,196,-1242
alpha 0.005,1,197,-8,-1250,197,-1250
alpha 0.005,1,198,-8,-1258,198,-1258
alpha 0.005,1,199,-8,-1266,199,-1266
alpha 0.005,1,200,-8,-1274,200,-1274
alpha 0.005,1,201,-8,-1282,201,-1282
alpha 0.005,1,202,-8,-1290,202,-1290
alpha 0.005,1,203,-8,-1298,203,-1298
alpha 0.005,1,204,-8,-1306,204,-1306
alpha 0.005,1,205,-8,-1314,205,-1314
alpha 0.005,1,206,-8,-1322,206,-1322
alpha 0.005,1,207,-8,-1330,207,-1330
alpha 0.005,1,208,-8,-1338,208,-1338
alpha 0.005,1,209,-8,-1346,209,-1346
alpha 0.005,1,210,-8,-1354,210,-1354
alpha 0.005,1,211,-10,-1364,211,-1364
alpha 0.005,1,212,-10,-1374,212,-1374
alpha 0.005,1,213,-10,-1384,213,-1384
alpha 0.005,1,214,-10,-1394,214,-1394
alpha 0.005,1,215,-10,-1404,215,-1404
alpha 0.005,1,216,-10,-1414,216,-1414
alpha 0.005,1,217,-10,-1424,217,-1424
alpha 0.005,1,218,-10,-1434,218,-1434
alpha 0.005,1,219,-10,-1444,219,-1444
alpha 0.005,1,220,-10,-1454,220,-1454
alpha 0.005,1,221,-10,-1464,221,-1464
alpha 0.005,1,222,-10,-1474,222,-1474
alpha 0.005,1,223,-10,-1484,223,-1484
alpha 0.005,1,224,-10,-1494,224,-1494
alpha 0.005,1,225,-10,-1504,225,-1504
alpha 0.005,1,226,-10,-1514,226,-1514
alpha 0.005,1,227,-10,-1524,227,-1524
alpha 0.005,1,228,-10,-1534,228,-1534
alpha 0.005,1,229,-10,-1544,229,-1544
alpha 0.005,1,230,-10,-1554,230,-1554
alpha 0.005,1,231,-10,-1564,231,-1564
alpha 0.005,1,232,-10,-1574,232,-1574
alpha 0.005,1,233,-10,-1584,233,-1584
alpha 0.005,1,234,-10,-1594,234,-1594
alpha 0.005,1,235,-10,-1604,235,-1604
alpha 0.005,1,236,-10,-1614,236,-1614
alpha 0.005,1,237,-10,-1624,237,-1624
alpha 0.005,1,238,-10,-1634,238,-1634
alpha 0.005,1,239,-10,-1644,239,-1644
alpha 0.005,1,240,-10,-1654,240,-1654
alpha 0.005,1,241,-10,-1664,241,-1664
alpha 0.005,1,242,-10,-1674,242,-1674
alpha 0.005,1,243,-10,-1684,243,-1684
alpha 0.005,1,244,-10,-1694,244,-1694
alpha 0.005,1,245,-10,-1704,245,-1704
alpha 0.005,1,246,-10,-1714,246,-1714
alpha 0.005,1,247,-10,-1724,247,-1724
alpha 0.005,1,248,-8,-1732,248,-1732
alpha 0.005,1,249,-8,-1740,249,-1740
alpha 0.005,1,250,-8,-1748,250,-1748
alpha 0.005,1,251,-6,-1754,251,-1754
alpha 0.005,1,252,-6,-1760,252,-1760
alpha 0.005,1,253,-5,-1765,253,-1765
alpha 0.005,1,254,-5,-1770,254,-1770
alpha 0.005,1,255,-5,-1775,255,-1775
alpha 0.005,1,256,-6,-1781,256,-1781
alpha 0.005,1,257,-6,-1787,257,-1787
alpha 0.005,1,258,-6,-1793,258,-1793
alpha 0.005,1,259,-6,-1799,259,-1799
alpha 0.005,1,260,-6,-1805,260,-1805
alpha 0.005,1,261,-6,-1811,261,-1811
alpha 0.005,1,262,-5,-1816,262,-1816
alpha 0.005,1,263,-5,-1821,263,-1821
alpha 0.005,1,264,-5,-1826,264,-1826
alpha 0.005,1,265,-5,-1831,265,-1831
alpha 0.005,1,266,-5,-1836,266,-1836
alpha 0.005,1,267,-5,-1841,267,-1841
alpha 0.005,1,268,-5,-1846,268,-1846
alpha 0.005,1,269,-5,-1851,269,-1851
alpha 0.005,1,270,-5,-1856,270,-1856
alpha 0.005,1,271,-5,-1861,271,-1861
alpha 0.005,1,272,-4,-1865,272,-1865
alpha 0.005,1,273,-4,-1869,273,-1869
alpha 0.005,1,274,-4,-1873,274,-1873
alpha 0.005,1,275,-4,-1877,275,-1877
alpha 0.005,1,276,-4,-1881,276,-1881
alpha 0.005,1,277,-3,-1884,277,-1884
alpha 0.005,1,278,-3,-1887,278,-1887
alpha 0.005,1,279,-3,-1890,279,-1890
alpha 0.005,1,280,-3,-1893,280,-1893
alpha 0.005,1,281,-3,-1896,281,-1896
alpha 0.005,1,282,-3,-1899,282,-1899
alpha 0.005,1,283,-5,-1904,283,-1904
alpha 0.005,1,284,-3,-1907,284,-1907
alpha 0.005,1,285,-2,-1909,285,-1909
alpha 0.005,1,286,-2,-1911,286,-1911
alpha 0.005,1,287,-2,-1913,287,-1913
alpha 0.005,1,288,-2,-1915,288,-1915
alpha 0.005,1,289,-2,-1917,289,-1917
alpha 0.005,1,290,-2,-1919,290,-1919
alpha 0.005,1,291,-2,-1921,291,-1921
alpha 0.005,1,292,-2,-1923,292,-1923
alpha 0.005,1,293,-2,-1925,293,-1925
alpha 0.005,1,294,-2,-1927,294,-1927
alpha 0.005,1,295,-3,-1930,295,-1930
alpha 0.005,1,296,-3,-1933,296,-1933
alpha 0.005,1,297,-3,-1936,297,-1936
alpha 0.005,1,298,-3,-1939,298,-1939
alpha 0.005,1,299,-3,-1942,299,-1942
alpha 0.005,1,300,-3,-1945,300,-1945
alpha 0.005,1,301,-3,-1948,301,-1948
alpha 0.005,1,302,-5,-1953,302,-1953
alpha 0.005,1,303,-5,-1958,303,-1958
alpha 0.005,1,304,-3,-1961,304,-1961
alpha 0.005,1,305,-3,-1964,305,-1964
alpha 0.005,1,306,-3,-1967,306,-1967
alpha 0.005,1,307,-5,-1972,307,-1972
alpha 0.005,1,308,-5,-1977,308,-1977
alpha 0.005,1,309,-5,-1982,309,-1982
alpha 0.005,1,310,-6,-1988,310,-1988
alpha 0.005,1,311,-6,-1994,311,-1994
alpha 0.005,1,312,-6,-2000,312,-2000
alpha 0.005,1,313,-6,-2006,313,-2006
alpha 0.005,1,314,-6,-2012,314,-2012
alpha 0.005,1,315,-6,-2018,315,-2018
alpha 0.005,1,316,-6,-2024,316,-2024
alpha 0.005,1,317,-6,-2030,317,-2030
alpha 0.005,1,318,-6,-2036,318,-2036
alpha 0.005,1,319,-6,-2042,319,-2042
alpha 0.005,1,320,-7,-2049,320,-2049
alpha 0.005,1,321,-7,-2056,321,-2056
alpha 0.005,1,322,-7,-2063,322,-2063
alpha 0.005,1,323,-7,-2070,323,-2070
alpha 0.005,1,324,-7,-2077,324,-2077
alpha 0.005,1,325,-7,-2084,325,-2084
alpha 0.005,1,326,-7,-2091,326,-2091
alpha 0.005,1,327,-7,-2098,327,-2098
alpha 0.005,1,328,-7,-2105,328,-2105
alpha 0.005,1,329,-7,-2112,329,-2112
alpha 0.005,1,330,-7,-2119,330,-2119
alpha 0.005,1,331,-7,-2126,331,-2126
alpha 0.005,1,332,-7,-2133,332,-2133
alpha 0.005,1,333,-7,-2140,333,-2140
alpha 0.005,1,334,-7,-2147,334,-2147
alpha 0.005,1,335,-7,-2154,335,-2154
alpha 0.005,1,336,-7,-2161,336,-2161
alpha 0.005,1,337,-7,-2168,337,-2168
alpha 0.005,1,338,-7,-2175,338,-2175
alpha 0.005,1,339,-7,-2182,339,-2182
alpha 0.005,1,340,-7,-2189,340,-2189
alpha 0.005,1,341,-7,-2196,341,-2196
alpha 0.005,1,342,-7,-2203,342,-2203
alpha 0.005,1,343,-7,-2210,343,-2210
alpha 0.005,1,344,-7,-2217,344,-2217
alpha 0.005,1,345,-7,-2224,345,-2224
alpha 0.005,1,346,-7,-2231,346,-2231
alpha 0.005,1,347,-7,-2238,347,-2238
alpha 0.005,1,348,-7,-2245,348,-2245
alpha 0.005,1,349,-7,-2252,349,-2252
alpha 0.005,1,350,-7,-2259,350,-2259
alpha 0.005,1,351,-7,-2266,351,-2266
alpha 0.005,1,352,-7,-2273,352,-2273
alpha 0.005,1,353,-7,-2280,353,-2280
alpha 0.005,1,354,-7,-2287,354,-2287
alpha 0.005,1,355,-7,-2294,355,-2294
alpha 0.005,1,356,-7,-2301,356,-2301
alpha 0.005,1,357,-7,-2308,357,-2308
alpha 0.005,1,358,-7,-2315,358,-2315
alpha 0.005,1,359,-7,-2322,359,-2322
alpha 0.005,1,360,-7,-2329,360,-2329
alpha 0.005,1,361,-8,-2337,361,-2337
alpha 0.005,1,362,-8,-2345,362,-2345
alpha 0.005,1,363,-8,-2353,363,-2353
alpha 0.005,1,364,-7,-2360,364,-2360
alpha 0.005,1,365,-7,-2367,365,-2367
alpha 0.005,1,366,-7,-2374,366,-2374
alpha 0.005,1,367,-7,-2381,367,-2381
alpha 0.005,1,368,-7,-2388,368,-2388
alpha 0.005,1,369,-7,-2395,369,-2395
alpha 0.005,1,370,-8,-2403,370,-2403
alpha 0.005,1,371,-7,-2410,371,-2410
alpha 0.005,1,372,-7,-2417,372,-2417
alpha 0.005,1,373,-7,-2424,373,-2424
alpha 0.005,1,374,-7,-2431,374,-2431
alpha 0.005,1,375,-7,-2438,375,-2438
alpha 0.005,1,376,-7,-2445,376,-2445
alpha 0.005,1,377,-7,-2452,377,-2452
alpha 0.005,1,378,-7,-2459,378,-2459
alpha 0.005,1,379,-7,-2466,379,-2466
alpha 0.005,1,380,-7,-2473,380,-2473
alpha 0.005,1,381,-7,-2480,381,-2480
alpha 0.005,1,382,-7,-2487,382,-2487
alpha 0.005,1,383,-7,-2494,383,-2494
alpha 0.005,1,384,-7,-2501,384,-2501
alpha 0.005,1,385,-7,-2508,385,-2508
alpha 0.005,1,386,-7,-2515,386,-2515
alpha 0.005,1,387,-7,-2522,387,-2522
alpha 0.005,1,388,-7,-2529,388,-2529
alpha 0.005,1,389,-7,-2536,389,-2536
alpha 0.005,1,390,-7,-2543,390,-2543
alpha 0.005,1,391,-7,-2550,391,-2550
alpha 0.005,1,392,-7,-2557,392,-2557
alpha 0.005,1,393,-7,-2564,393,-2564
alpha 0.005,1,394,-7,-2571,394,-2571
alpha 0.005,1,395,-7,-2578,395,-2578
alpha 0.005,1,396,-7,-2585,396,-2585
alpha 0.005,1,397,-7,-2592,397,-2592
alpha 0.005,1,398,-7,-2599,398,-2599
alpha 0.005,1,399,-7,-2606,399,-2606
alpha 0.005,1,400,-6,-2612,400,-2612
alpha 0.005,1,401,-6,-2618,401,-2618
alpha 0.005,1,402,-6,-2624,402,-2624
alpha 0.005,1,403,-6,-2630,403,-2630
alpha 0.005,1,404,-6,-2636,404,-2636
alpha 0.005,1,405,-6,-2642,405,-2642
alpha 0.005,1,406,-6,-2648,406,-2648
alpha 0.005,1,407,-5,-2653,407,-2653
alpha 0.005,1,408,-5,-2658,408,-2658
alpha 0.005,1,409,-5,-2663,409,-2663
alpha 0.005,1,410,-5,-2668,410,-2668
alpha 0.005,1,411,-5,-2673,411,-2673
alpha 0.005,1,412,-5,-2678,412,-2678
alpha 0.005,1,413,-5,-2683,413,-2683
alpha 0.005,1,414,-5,-2688,414,-2688
alpha 0.005,1,415,-5,-2693,415,-2693
alpha 0.005,1,416,-5,-2698,416,-2698
alpha 0.005,1,417,-5,-2703,417,-2703
alpha 0.005,1,418,-5,-2708,418,-2708
alpha 0.005,1,419,-5,-2713,419,-2713
alpha 0.005,1,420,-5,-2718,420,-2718
alpha 0.005,1,421,-5,-2723,421,-2723
alpha 0.005,1,422,-5,-2728,422,-2728
alpha 0.005,1,423,-5,-2733,423,-2733
alpha 0.005,1,424,-5,-2738,424,-2738
alpha 0.005,1,425,-5,-2743,425,-2743
alpha 0.005,1,426,-5,-2748,426,-2748
alpha 0.005,1,427,-5,-2753,427,-2753
alpha 0.005,1,428,-5,-2758,428,-2758
alpha 0.005,1,429,-5,-2763,429,-2763
alpha 0.005,1,430,-5,-2768,430,-2768
alpha 0.005,1,431,-5,-2773,431,-2773
alpha 0.005,1,432,-5,-2778,432,-2778
alpha 0.005,1,433,-5,-2783,433,-2783
alpha 0.005,1,434,-5,-2788,434,-2788
alpha 0.005,1,435,-5,-2793,435,-2793
alpha 0.005,1,436,-6,-2799,436,-2799
alpha 0.005,1,437,-6,-2805,437,-2805
alpha 0.005,1,438,-6,-2811,438,-2811
alpha 0.005,1,439,-6,-2817,439,-2817
alpha 0.005,1,440,-6,-2823,440,-2823
alpha 0.005,1,441,-6,-2829,441,-2829
alpha 0.005,1,442,-7,-2836,442,-2836
alpha 0.005,1,443,-7,-2843,443,-2843
alpha 0.005,1,444,-7,-2850,444,-2850
alpha 0.005,1,445,-7,-2857,445,-2857
alpha 0.005,1,446,-7,-2864,446,-2864
alpha 0.005,1,447,-7,-2871,447,-2871
alpha 0.005,1,448,-7,-2878,448,-2878
alpha 0.005,1,449,-7,-2885,449,-2885
alpha 0.005,1,450,-7,-2892,450,-2892
alpha 0.005,1,451,-7,-2899,451,-2899
alpha 0.005,1,452,-7,-2906,452,-2906
alpha 0.005,1,453,-7,-2913,453,-2913
alpha 0.005,1,454,-7,-2920,454,-2920
alpha 0.005,1,455,-7,-2927,455,-2927
alpha 0.005,1,456,-7,-2934,456,-2934
alpha 0.005,1,457,-7,-2941,457,-2941
alpha 0.005,1,458,-7,-2948,458,-2948
alpha 0.005,1,459,-7,-2955,459,-2955
alpha 0.005,1,460,-7,-2962,460,-2962
alpha 0.005,1,461,-7,-2969,461,-2969
alpha 0.005,1,462,-7,-2976,462,-2976
alpha 0.005,1,463,-7,-2983,463,-2983
alpha 0.005,1,464,-7,-2990,464,-2990
alpha 0.005,1,465,-7,-2997,465,-2997
alpha 0.005,1,466,-7,-3004,466,-3004
alpha 0.005,1,467,-7,-3011,467,-3011
alpha 0.005,1,468,-7,-3018,468,-3018
alpha 0.005,1,469,-7,-3025,469,-3025
alpha 0.005,1,470,-7,-3032,470,-3032
alpha 0.005,1,471,-7,-3039,471,-3039
alpha 0.005,1,472,-7,-3046,472,-3046
alpha 0.005,1,473,-7,-3053,473,-3053
alpha 0.005,1,474,-7,-3060,474,-3060
alpha 0.005,1,475,-7,-3067,475,-3067
alpha 0.005,1,476,-7,-3074,476,-3074
alpha 0.005,1,477,-8,-3082,477,-3082
alpha 0.005,1,478,-7,-3089,478,-3089
alpha 0.005,1,479,-7,-3096,479,-3096
alpha 0.005,1,480,-7,-3103,480,-3103
alpha 0.005,1,481,-7,-3110,481,-3110
alpha 0.005,1,482,-7,-3117,482,-3117
alpha 0.005,1,483,-7,-3124,483,-3124
alpha 0.005,1,484,-7,-3131,484,-3131
alpha 0.005,1,485,-7,-3138,485,-3138
alpha 0.005,1,486,-7,-3145,486,-3145
alpha 0.005,1,487,-7,-3152,487,-3152
alpha 0.005,1,488,-7,-3159,488,-3159
alpha 0.005,1,489,-7,-3166,489,-3166
alpha 0.005,1,490,-7,-3173,490,-3173
alpha 0.005,1,491,-7,-3180,491,-3180
alpha 0.005,1,492,-7,-3187,492,-3187
alpha 0.005,1,493,-7,-3194,493,-3194
alpha 0.005,1,494,-7,-3201,494,-3201
alpha 0.005,1,495,-7,-3208,495,-3208
alpha 0.005,1,496,-7,-3215,496,-3215
alpha 0.005,1,497,-7,-3222,497,-3222
alpha 0.005,1,498,-7,-3229,498,-3229
alpha 0.005,1,499,-7,-3236,499,-3236
alpha 0.005,1,500,-7,-3243,500,-3243
alpha 0.005,1,1,1,1,1,1
alpha 0.005,1,2,-3,-2,2,-2
alpha 0.005,1,3,-7,-9,3,-9
alpha 0.005,1,4,-10,-19,4,-19
alpha 0.005,1,5,-10,-29,5,-29
alpha 0.005,1,6,-10,-39,6,-39
alpha 0.005,1,7,-10,-49,7,-49
alpha 0.005,1,8,-8,-57,8,-57
alpha 0.005,1,9,-8,-65,9,-65
alpha 0.005,1,10,-8,-73,10,-73
alpha 0.005,1,11,-8,-81,11,-81
alpha 0.005,1,12,-8,-89,12,-89
alpha 0.005,1,13,-8,-97,13,-97
alpha 0.005,1,14,-7,-104,14,-104
alpha 0.005,1,15,-7,-111,15,-111
alpha 0.005,1,16,-7,-118,16,-118
alpha 0.005,1,17,-7,-125,17,-125
alpha 0.005,1,18,-7,-132,18,-132
alpha 0.005,1,19,-7,-139,19,-139
alpha 0.005,1,20,-7,-146,20,-146
alpha 0.005,1,21,-7,-153,21,-153
alpha 0.005,1,22,-7,-160,22,-160
alpha 0.005,1,23,-7,-167,23,-167
alpha 0.005,1,24,-7,-174,24,-174
alpha 0.005,1,25,-7,-181,25,-181
alpha 0.005,1,26,-7,-188,26,-188
alpha 0.005,1,27,-7,-195,27,-195
alpha 0.005,1,28,-5,-200,28,-200
alpha 0.005,1,29,-5,-205,29,-205
alpha 0.005,1,30,-5,-210,30,-210
alpha 0.005,1,31,-5,-215,31,-215
alpha 0.005,1,32,-5,-220,32,-220
alpha 0.005,1,33,-5,-225,33,-225
alpha 0.005,1,34,-4,-229,34,-229
alpha 0.005,1,35,-4,-233,35,-233
alpha 0.005,1,36,-4,-237,36,-237
alpha 0.005,1,37,-2,-239,37,-239
alpha 0.005,1,38,-1,-240,38,-240
alpha 0.005,1,39,-2,-242,39,-242
alpha 0.005,1,40,-2,-244,40,-244
alpha 0.005,1,41,-1,-245,41,-245
alpha 0.005,1,42,-2,-247,42,-247
alpha 0.005,1,43,-2,-249,43,-249
alpha 0.005,1,44,-1,-250,44,-250
alpha 0.005,1,45,1,-249,45,-249
alpha 0.005,1,46,1,-248,46,-248
alpha 0.005,1,47,1,-247,47,-247
alpha 0.005,1,48,1,-246,48,-246
alpha 0.005,1,49,1,-245,49,-245
alpha 0.005,1,50,-2,-247,50,-247
alpha 0.005,1,51,-2,-249,51,-249
alpha 0.005,1,52,-3,-252,52,-252
alpha 0.005,1,53,-3,-255,53,-255
alpha 0.005,1,54,-2,-257,54,-257
alpha 0.005,1,55,-1,-258,55,-258
alpha 0.005,1,56,2,-256,56,-256
alpha 0.005,1,57,1,-255,57,-255
alpha 0.005,1,58,-4,-259,58,-259
alpha 0.005,1,59,-7,-266,59,-266
alpha 0.005,1,60,-5,-271,60,-271
alpha 0.005,1,61,-4,-275,61,-275
alpha 0.005,1,62,-2,-277,62,-277
alpha 0.005,1,63,-3,-280,63,-280
alpha 0.005,1,64,-2,-282,64,-282
alpha 0.005,1,65,-1,-283,65,-283
alpha 0.005,1,66,2,-281,66,-281
alpha 0.005,1,67,1,-280,67,-280
alpha 0.005,1,68,1,-279,68,-279
alpha 0.005,1,69,-2,-281,69,-281
alpha 0.005,1,70,-2,-283,70,-283
alpha 0.005,1,71,-3,-286,71,-286
alpha 0.005,1,72,-5,-291,72,-291
alpha 0.005,1,73,-4,-295,73,-295
alpha 0.005,1,74,-5,-300,74,-300
alpha 0.005,1,75,-8,-308,75,-308
alpha 0.005,1,76,-5,-313,76,-313
alpha 0.005,1,77,-4,-317,77,-317
alpha 0.005,1,78,-4,-321,78,-321
alpha 0.005,1,79,-4,-325,79,-325
alpha 0.005,1,80,-5,-330,80,-330
alpha 0.005,1,81,-5,-335,81,-335
alpha 0.005,1,82,-5,-340,82,-340
alpha 0.005,1,83,-8,-348,83,-348
alpha 0.005,1,84,-8,-356,84,-356
alpha 0.005,1,85,-6,-362,85,-362
alpha 0.005,1,86,-8,-370,86,-370
alpha 0.005,1,87,-8,-378,87,-378
alpha 0.005,1,88,-8,-386,88,-386
alpha 0.005,1,89,-8,-394,89,-394
alpha 0.005,1,90,-8,-402,90,-402
alpha 0.005,1,91,-8,-410,91,-410
alpha 0.005,1,92,-8,-418,92,-418
alpha 0.005,1,93,-8,-426,93,-426
alpha 0.005,1,94,-10,-436,94,-436
alpha 0.005,1,95,-10,-446,95,-446
alpha 0.005,1,96,-10,-456,96,-456
alpha 0.005,1,97,-10,-466,97,-466
alpha 0.005,1,98,-10,-476,98,-476
alpha 0.005,1,99,-10,-486,99,-486
alpha 0.005,1,100,-10,-496,100,-496
alpha 0.005,1,101,-10,-506,101,-506
alpha 0.005,1,102,-10,-516,102,-516
alpha 0.005,1,103,-10,-526,103,-526
alpha 0.005,1,104,-10,-536,104,-536
alpha 0.005,1,105,-10,-546,105,-546
alpha 0.005,1,106,-10,-556,106,-556
alpha 0.005,1,107,-10,-566,107,-566
alpha 0.005,1,108,-10,-576,108,-576
alpha 0.005,1,109,-10,-586,109,-586
alpha 0.005,1,110,-10,-596,110,-596
alpha 0.005,1,111,-10,-606,111,-606
alpha 0.005,1,112,-10,-616,112,-616
alpha 0.005,1,113,-10,-626,113,-626
alpha 0.005,1,114,-10,-636,114,-636
alpha 0.005,1,115,-10,-646,115,-646
alpha 0.005,1,116,-10,-656,116,-656
alpha 0.005,1,117,-10,-666,117,-666
alpha 0.005,1,118,-10,-676,118,-676
alpha 0.005,1,119,-10,-686,119,-686
alpha 0.005,1,120,-10,-696,120,-696
alpha 0.005,1,121,-10,-706,121,-706
alpha 0.005,1,122,-10,-716,122,-716
alpha 0.005,1,123,-10,-726,123,-726
alpha 0.005,1,124,-10,-736,124,-736
alpha 0.005,1,125,-10,-746,125,-746
alpha 0.005,1,126,-10,-756,126,-756
alpha 0.005,1,127,-10,-766,127,-766
alpha 0.005,1,128,-10,-776,128,-776
alpha 0.005,1,129,-10,-786,129,-786
alpha 0.005,1,130,-10,-796,130,-796
alpha 0.005,1,131,-10,-806,131,-806
alpha 0.005,1,132,-10,-816,132,-816
alpha 0.005,1,133,-10,-826,133,-826
alpha 0.005,1,134,-8,-834,134,-834
alpha 0.005,1,135,-8,-842,135,-842
alpha 0.005,1,136,-8,-850,136,-850
alpha 0.005,1,137,-8,-858,137,-858
alpha 0.005,1,138,-8,-866,138,-866
alpha 0.005,1,139,-8,-874,139,-874
alpha 0.005,1,140,-8,-882,140,-882
alpha 0.005,1,141,-8,-890,141,-890
alpha 0.005,1,142,-8,-898,142,-898
alpha 0.005,1,143,-8,-906,143,-906
alpha 0.005,1,144,-8,-914,144,-914
alpha 0.005,1,145,-8,-922,145,-922
alpha 0.005,1,146,-7,-929,146,-929
alpha 0.005,1,147,-7,-936,147,-936
alpha 0.005,1,148,-7,-943,148,-943
alpha 0.005,1,149,-7,-950,149,-950
alpha 0.005,1,150,-7,-957,150,-957
alpha 0.005,1,151,-7,-964,151,-964
alpha 0.005,1,152,-7,-971,152,-971
alpha 0.005,1,153,-7,-978,153,-978
alpha 0.005,1,154,-7,-985,154,-985
alpha 0.005,1,155,-7,-992,155,-992
alpha 0.005,1,156,-7,-999,156,-999
alpha 0.005,1,157,-7,-1006,157,-1006
alpha 0.005,1,158,-7,-1013,158,-1013
alpha 0.005,1,159,-7,-1020,159,-1020
alpha 0.005,1,160,-6,-1026,160,-1026
alpha 0.005,1,161,-6,-1032,161,-1032
alpha 0.005,1,162,-6,-1038,162,-1038
alpha 0.005,1,163,-5,-1043,163,-1043
alpha 0.005,1,164,-5,-1048,164,-1048
alpha 0.005,1,165,-5,-1053,165,-1053
alpha 0.005,1,166,-5,-1058,166,-1058
alpha 0.005,1,167,-5,-1063,167,-1063
alpha 0.005,1,168,-5,-1068,168,-1068
alpha 0.005,1,169,-5,-1073,169,-1073
alpha 0.005,1,170,-5,-1078,170,-1078
alpha 0.005,1,171,-5,-1083,171,-1083
alpha 0.005,1,172,-5,-1088,172,-1088
alpha 0.005,1,173,-5,-1093,173,-1093
alpha 0.005,1,174,-5,-1098,174,-1098
alpha 0.005,1,175,-5,-1103,175,-1103
alpha 0.005,1,176,-5,-1108,176,-1108
alpha 0.005,1,177,-5,-1113,177,-1113
alpha 0.005,1,178,-5,-1118,178,-1118
alpha 0.005,1,179,-5,-1123,179,-1123
alpha 0.005,1,180,-6,-1129,180,-1129
alpha 0.005,1,181,-6,-1135,181,-1135
alpha 0.005,1,182,-7,-1142,182,-1142
alpha 0.005,1,183,-7,-1149,183,-1149
alpha 0.005,1,184,-7,-1156,184,-1156
alpha 0.005,1,185,-7,-1163,185,-1163
alpha 0.005,1,186,-7,-1170,186,-1170
alpha 0.005,1,187,-7,-1177,187,-1177
alpha 0.005,1,188,-7,-1184,188,-1184
alpha 0.005,1,189,-7,-1191,189,-1191
alpha 0.005,1,190,-7,-1198,190,-1198
alpha 0.005,1,191,-7,-1205,191,-1205
alpha 0.005,1,192,-7,-1212,192,-1212
alpha 0.005,1,193,-7,-1219,193,-1219
alpha 0.005,1,194,-7,-1226,194,-1226
alpha 0.005,1,195,-8,-1234,195,-1234
alpha 0.005,1,196,-8,-1242,196,-1242
alpha 0.005,1,197,-8,-1250,197,-1250
alpha 0.005,1,198,-8,-1258,198,-1258
alpha 0.005,1,199,-8,-1266,199,-1266
alpha 0.005,1,200,-8,-1274,200,-1274
alpha 0.005,1,201,-8,-1282,201,-1282
alpha 0.005,1,202,-8,-1290,202,-1290
alpha 0.005,1,203,-8,-1298,203,-1298
alpha 0.005,1,204,-8,-1306,204,-1306
alpha 0.005,1,205,-8,-1314,205,-1314
alpha 0.005,1,206,-8,-1322,206,-1322
alpha 0.005,1,207,-8,-1330,207,-1330
alpha 0.005,1,208,-8,-1338,208,-1338
alpha 0.005,1,209,-8,-1346,209,-1346
alpha 0.005,1,210,-8,-1354,210,-1354
alpha 0.005,1,211,-10,-1364,211,-1364
alpha 0.005,1,212,-10,-1374,212,-1374
alpha 0.005,1,213,-10,-1384,213,-1384
alpha 0.005,1,214,-10,-1394,214,-1394
alpha 0.005,1,215,-10,-1404,215,-1404
alpha 0.005,1,216,-10,-1414,216,-1414
alpha 0.005,1,217,-10,-1424,217,-1424
alpha 0.005,1,218,-10,-1434,218,-1434
alpha 0.005,1,219,-10,-1444,219,-1444
alpha 0.005,1,220,-10,-1454,220,-1454
alpha 0.005,1,221,-10,-1464,221,-1464
alpha 0.005,1,222,-10,-1474,222,-1474
alpha 0.005,1,223,-10,-1484,223,-1484
alpha 0.005,1,224,-10,-1494,224,-1494
alpha 0.005,1,225,-10,-1504,225,-1504
alpha 0.005,1,226,-10,-1514,226,-1514
alpha 0.005,1,227,-10,-1524,227,-1524
alpha 0.005,1,228,-10,-1534,228,-1534
alpha 0.005,1,229,-10,-1544,229,-1544
alpha 0.005,1,230,-10,-1554,230,-1554
alpha 0.005,1,231,-10,-1564,231,-1564
alpha 0.005,1,232,-10,-1574,232,-1574
alpha 0.005,1,233,-10,-1584,233,-1584
alpha 0.005,1,234,-10,-1594,234,-1594
alpha 0.005,1,235,-10,-1604,235,-1604
alpha 0.005,1,236,-10,-1614,236,-1614
alpha 0.005,1,237,-10,-1624,237,-1624
alpha 0.005,1,238,-10,-1634,238,-1634
alpha 0.005,1,239,-10,-1644,239,-1644
alpha 0.005,1,240,-10,-1654,240,-1654
alpha 0.005,1,241,-10,-1664,241,-1664
alpha 0.005,1,242,-10,-1674,242,-1674
alpha 0.005,1,243,-10,-1684,243,-1684
alpha 0.005,1,244,-10,-1694,244,-1694
alpha 0.005,1,245,-10,-1704,245,-1704
alpha 0.005,1,246,-10,-1714,246,-1714
alpha 0.005,1,247,-10,-1724,247,-1724
alpha 0.005,1,248,-8,-1732,248,-1732
alpha 0.005,1,249,-8,-1740,249,-1740
alpha 0.005,1,250,-8,-1748,250,-1748
alpha 0.005,1,251,-6,-1754,251,-1754
alpha 0.005,1,252,-6,-1760,252,-1760
alpha 0.005,1,253,-5,-1765,253,-1765
alpha 0.005,1,254,-5,-1770,254,-1770
alpha 0.005,1,255,-5,-1775,255,-1775
alpha 0.005,1,256,-6,-1781,256,-1781
alpha 0.005,1,257,-6,-1787,257,-1787
alpha 0.005,1,258,-6,-1793,258,-1793
alpha 0.005,1,259,-6,-1799,259,-1799
alpha 0.005,1,260,-6,-1805,260,-1805
alpha 0.005,1,261,-6,-1811,261,-1811
alpha 0.005,1,262,-5,-1816,262,-1816
alpha 0.005,1,263,-5,-1821,263,-1821
alpha 0.005,1,264,-5,-1826,264,-1826
alpha 0.005,1,265,-5,-1831,265,-1831
alpha 0.005,1,266,-5,-1836,266,-1836
alpha 0.005,1,267,-5,-1841,267,-1841
alpha 0.005,1,268,-5,-1846,268,-1846
alpha 0.005,1,269,-5,-1851,269,-1851
alpha 0.005,1,270,-5,-1856,270,-1856
alpha 0.005,1,271,-5,-1861,271,-1861
alpha 0.005,1,272,-4,-1865,272,-1865
alpha 0.005,1,273,-4,-1869,273,-1869
alpha 0.005,1,274,-4,-1873,274,-1873
alpha 0.005,1,275,-4,-1877,275,-1877
alpha 0.005,1,276,-4,-1881,276,-1881
alpha 0.005,1,277,-3,-1884,277,-1884
alpha 0.005,1,278,-3,-1887,278,-1887
alpha 0.005,1,279,-3,-1890,279,-1890
alpha 0.005,1,280,-3,-1893,280,-1893
alpha 0.005,1,281,-3,-1896,281,-1896
alpha 0.005,1,282,-3,-1899,282,-1899
alpha 0.005,1,283,-5,-1904,283,-1904
alpha 0.005,1,284,-3,-1907,284,-1907
alpha 0.005,1,285,-2,-1909,285,-1909
alpha 0.005,1,286,-2,-1911,286,-1911
alpha 0.005,1,287,-2,-1913,287,-1913
alpha 0.005,1,288,-2,-1915,288,-1915
alpha 0.005,1,289,-2,-1917,289,-1917
alpha 0.005,1,290,-2,-1919,290,-1919
alpha 0.005,1,291,-2,-1921,291,-1921
alpha 0.005,1,292,-2,-1923,292,-1923
alpha 0.005,1,293,-2,-1925,293,-1925
alpha 0.005,1,294,-2,-1927,294,-1927
alpha 0.005,1,295,-3,-1930,295,-1930
alpha 0.005,1,296,-3,-1933,296,-1933
alpha 0.005,1,297,-3,-1936,297,-1936
alpha 0.005,1,298,-3,-1939,298,-1939
alpha 0.005,1,299,-3,-1942,299,-1942
alpha 0.005,1,300,-3,-1945,300,-1945
alpha 0.005,1,301,-3,-1948,301,-1948
alpha 0.005,1,302,-5,-1953,302,-1953
alpha 0.005,1,303,-5,-1958,303,-1958
alpha 0.005,1,304,-3,-1961,304,-1961
alpha 0.005,1,305,-3,-1964,305,-1964
alpha 0.005,1,306,-3,-1967,306,-1967
alpha 0.005,1,307,-5,-1972,307,-1972
alpha 0.005,1,308,-5,-1977,308,-1977
alpha 0.005,1,309,-5,-1982,309,-1982
alpha 0.005,1,310,-6,-1988,310,-1988
alpha 0.005,1,311,-6,-1994,311,-1994
alpha 0.005,1,312,-6,-2000,312,-2000
alpha 0.005,1,313,-6,-2006,313,-2006
alpha 0.005,1,314,-6,-2012,314,-2012
alpha 0.005,1,315,-6,-2018,315,-2018
alpha 0.005,1,316,-6,-2024,316,-2024
alpha 0.005,1,317,-6,-2030,317,-2030
alpha 0.005,1,318,-6,-2036,318,-2036
alpha 0.005,1,319,-6,-2042,319,-2042
alpha 0.005,1,320,-7,-2049,320,-2049
alpha 0.005,1,321,-7,-2056,321,-2056
alpha 0.005,1,322,-7,-2063,322,-2063
alpha 0.005,1,323,-7,-2070,323,-2070
alpha 0.005,1,324,-7,-2077,324,-2077
alpha 0.005,1,325,-7,-2084,325,-2084
alpha 0.005,1,326,-7,-2091,326,-2091
alpha 0.005,1,327,-7,-2098,327,-2098
alpha 0.005,1,328,-7,-2105,328,-2105
alpha 0.005,1,329,-7,-2112,329,-2112
alpha 0.005,1,330,-7,-2119,330,-2119
alpha 0.005,1,331,-7,-2126,331,-2126
alpha 0.005,1,332,-7,-2133,332,-2133
alpha 0.005,1,333,-7,-2140,333,-2140
alpha 0.005,1,334,-7,-2147,334,-2147
alpha 0.005,1,335,-7,-2154,335,-2154
alpha 0.005,1,336,-7,-2161,336,-2161
alpha 0.005,1,337,-7,-2168,337,-2168
alpha 0.005,1,338,-7,-2175,338,-2175
alpha 0.005,1,339,-7,-2182,339,-2182
alpha 0.005,1,340,-7,-2189,340,-2189
alpha 0.005,1,341,-7,-2196,341,-2196
alpha 0.005,1,342,-7,-2203,342,-2203
alpha 0.005,1,343,-7,-2210,343,-2210
alpha 0.005,1,344,-7,-2217,344,-2217
alpha 0.005,1,345,-7,-2224,345,-2224
alpha 0.005,1,346,-7,-2231,346,-2231
alpha 0.005,1,347,-7,-2238,347,-2238
alpha 0.005,1,348,-7,-2245,348,-2245
alpha 0.005,1,349,-7,-2252,349,-2252
alpha 0.005,1,350,-7,-2259,350,-2259
alpha 0.005,1,351,-7,-2266,351,-2266
alpha 0.005,1,352,-7,-2273,352,-2273
alpha 0.005,1,353,-7,-2280,353,-2280
alpha 0.005,1,354,-7,-2287,354,-2287
alpha 0.005,1,355,-7,-2294,355,-2294
alpha 0.005,1,356,-7,-2301,356,-2301
alpha 0.005,1,357,-7,-2308,357,-2308
alpha 0.005,1,358,-7,-2315,358,-2315
alpha 0.005,1,359,-7,-2322,359,-2322
alpha 0.005,1,360,-7,-2329,360,-2329
alpha 0.005,1,361,-8,-2337,361,-2337
alpha 0.005,1,362,-8,-2345,362,-2345
alpha 0.005,1,363,-8,-2353,363,-2353
alpha 0.005,1,364,-7,-2360,364,-2360
alpha 0.005,1,365,-7,-2367,365,-2367
alpha 0.005,1,366,-7,-2374,366,-2374
alpha 0.005,1,367,-7,-2381,367,-2381
alpha 0.005,1,368,-7,-2388,368,-2388
alpha 0.005,1,369,-7,-2395,369,-2395
alpha 0.005,1,370,-8,-2403,370,-2403
alpha 0.005,1,371,-7,-2410,371,-2410
alpha 0.005,1,372,-7,-2417,372,-2417
alpha 0.005,1,373,-7,-2424,373,-2424
alpha 0.005,1,374,-7,-2431,374,-2431
alpha 0.005,1,375,-7,-2438,375,-2438
alpha 0.005,1,376,-7,-2445,376,-2445
alpha 0.005,1,377,-7,-2452,377,-2452
alpha 0.005,1,378,-7,-2459,378,-2459
alpha 0.005,1,379,-7,-2466,379,-2466
alpha 0.005,1,380,-7,-2473,380,-2473
alpha 0.005,1,381,-7,-2480,381,-2480
alpha 0.005,1,382,-7,-2487,382,-2487
alpha 0.005,1,383,-7,-2494,383,-2494
alpha 0.005,1,384,-7,-2501,384,-2501
alpha 0.005,1,385,-7,-2508,385,-2508
alpha 0.005,1,386,-7,-2515,386,-2515
alpha 0.005,1,387,-7,-2522,387,-2522
alpha 0.005,1,388,-7,-2529,388,-2529
alpha 0.005,1,389,-7,-2536,389,-2536
alpha 0.005,1,390,-7,-2543,390,-2543
alpha 0.005,1,391,-7,-2550,391,-2550
alpha 0.005,1,392,-7,-2557,392,-2557
alpha 0.005,1,393,-7,-2564,393,-2564
alpha 0.005,1,394,-7,-2571,394,-2571
alpha 0.005,1,395,-7,-2578,395,-2578
alpha 0.005,1,396,-7,-2585,396,-2585
alpha 0.005,1,397,-7,-2592,397,-2592
alpha 0.005,1,398,-7,-2599,398,-2599
alpha 0.005,1,399,-7,-2606,399,-2606
alpha 0.005,1,400,-6,-2612,400,-2612
alpha 0.005,1,401,-6,-2618,401,-2618
alpha 0.005,1,402,-6,-2624,402,-2624
alpha 0.005,1,403,-6,-2630,403,-2630
alpha 0.005,1,404,-6,-2636,404,-2636
alpha 0.005,1,405,-6,-2642,405,-2642
alpha 0.005,1,406,-6,-2648,406,-2648
alpha 0.005,1,407,-5,-2653,407,-2653
alpha 0.005,1,408,-5,-2658,408,-2658
alpha 0.005,1,409,-5,-2663,409,-2663
alpha 0.005,1,410,-5,-2668,410,-2668
alpha 0.005,1,411,-5,-2673,411,-2673
alpha 0.005,1,412,-5,-2678,412,-2678
alpha 0.005,1,413,-5,-2683,413,-2683
alpha 0.005,1,414,-5,-2688,414,-2688
alpha 0.005,1,415,-5,-2693,415,-2693
alpha 0.005,1,416,-5,-2698,416,-2698
alpha 0.005,1,417,-5,-2703,417,-2703
alpha 0.005,1,418,-5,-2708,418,-2708
alpha 0.005,1,419,-5,-2713,419,-2713
alpha 0.005,1,420,-5,-2718,420,-2718
alpha 0.005,1,421,-5,-2723,421,-2723
alpha 0.005,1,422,-5,-2728,422,-2728
alpha 0.005,1,423,-5,-2733,423,-2733
alpha 0.005,1,424,-5,-2738,424,-2738
alpha 0.005,1,425,-5,-2743,425,-2743
alpha 0.005,1,426,-5,-2748,426,-2748
alpha 0.005,1,427,-5,-2753,427,-2753
alpha 0.005,1,428,-5,-2758,428,-2758
alpha 0.005,1,429,-5,-2763,429,-2763
alpha 0.005,1,430,-5,-2768,430,-2768
alpha 0.005,1,431,-5,-2773,431,-2773
alpha 0.005,1,432,-5,-2778,432,-2778
alpha 0.005,1,433,-5,-2783,433,-2783
alpha 0.005,1,434,-5,-2788,434,-2788
alpha 0.005,1,435,-5,-2793,435,-2793
alpha 0.005,1,436,-6,-2799,436,-2799
alpha 0.005,1,437,-6,-2805,437,-2805
alpha 0.005,1,438,-6,-2811,438,-2811
alpha 0.005,1,439,-6,-2817,439,-2817
alpha 0.005,1,440,-6,-2823,440,-2823
alpha 0.005,1,441,-6,-2829,441,-2829
alpha 0.005,1,442,-7,-2836,442,-2836
alpha 0.005,1,443,-7,-2843,443,-2843
alpha 0.005,1,444,-7,-2850,444,-2850
alpha 0.005,1,445,-7,-2857,445,-2857
alpha 0.005,1,446,-7,-2864,446,-2864
alpha 0.005,1,447,-7,-2871,447,-2871
alpha 0.005,1,448,-7,-2878,448,-2878
alpha 0.005,1,449,-7,-2885,449,-2885
alpha 0.005,1,450,-7,-2892,450,-2892
alpha 0.005,1,451,-7,-2899,451,-2899
alpha 0.005,1,452,-7,-2906,452,-2906
alpha 0.005,1,453,-7,-2913,453,-2913
alpha 0.005,1,454,-7,-2920,454,-2920
alpha 0.005,1,455,-7,-2927,455,-2927
alpha 0.005,1,456,-7,-2934,456,-2934
alpha 0.005,1,457,-7,-2941,457,-2941
alpha 0.005,1,458,-7,-2948,458,-2948
alpha 0.005,1,459,-7,-2955,459,-2955
alpha 0.005,1,460,-7,-2962,460,-2962
alpha 0.005,1,461,-7,-2969,461,-2969
alpha 0.005,1,462,-7,-2976,462,-2976
alpha 0.005,1,463,-7,-2983,463,-2983
alpha 0.005,1,464,-7,-2990,464,-2990
alpha 0.005,1,465,-7,-2997,465,-2997
alpha 0.005,1,466,-7,-3004,466,-3004
alpha 0.005,1,467,-7,-3011,467,-3011
alpha 0.005,1,468,-7,-3018,468,-3018
alpha 0.005,1,469,-7,-3025,469,-3025
alpha 0.005,1,470,-7,-3032,470,-3032
alpha 0.005,1,471,-7,-3039,471,-3039
alpha 0.005,1,472,-7,-3046,472,-3046
alpha 0.005,1,473,-7,-3053,473,-3053
alpha 0.005,1,474,-7,-3060,474,-3060
alpha 0.005,1,475,-7,-3067,475,-3067
alpha 0.005,1,476,-7,-3074,476,-3074
alpha 0.005,1,477,-8,-3082,477,-3082
alpha 0.005,1,478,-7,-3089,478,-3089
alpha 0.005,1,479,-7,-3096,479,-3096
alpha 0.005,1,480,-7,-3103,480,-3103
alpha 0.005,1,481,-7,-3110,481,-3110
alpha 0.005,1,482,-7,-3117,482,-3117
alpha 0.005,1,483,-7,-3124,483,-3124
alpha 0.005,1,484,-7,-3131,484,-3131
alpha 0.005,1,485,-7,-3138,485,-3138
alpha 0.005,1,486,-7,-3145,486,-3145
alpha 0.005,1,487,-7,-3152,487,-3152
alpha 0.005,1,488,-7,-3159,488,-3159
alpha 0.005,1,489,-7,-3166,489,-3166
alpha 0.005,1,490,-7,-3173,490,-3173
alpha 0.005,1,491,-7,-3180,491,-3180
alpha 0.005,1,492,-7,-3187,492,-3187
alpha 0.005,1,493,-7,-3194,493,-3194
alpha 0.005,1,494,-7,-3201,494,-3201
alpha 0.005,1,495,-7,-3208,495,-3208
alpha 0.005,1,496,-7,-3215,496,-3215
alpha 0.005,1,497,-7,-3222,497,-3222
alpha 0.005,1,498,-7,-3229,498,-3229
alpha 0.005,1,499,-7,-3236,499,-3236
alpha 0.005,1,500,-7,-3243,500,-3243
alpha 0.005,2,1,4,4,501,-3239
alpha 0.005,2,2,-1,3,502,-3240
alpha 0.005,2,3,-6,-3,503,-3246
alpha 0.005,2,4,-10,-13,504,-3256
alpha 0.005,2,5,-7,-20,505,-3263
alpha 0.005,2,6,-7,-27,506,-3270
alpha 0.005,2,7,-8,-35,507,-3278
alpha 0.005,2,8,-7,-42,508,-3285
alpha 0.005,2,9,-6,-48,509,-3291
alpha 0.005,2,10,-5,-53,510,-3296
alpha 0.005,2,11,-5,-58,511,-3301
alpha 0.005,2,12,-6,-64,512,-3307
alpha 0.005,2,13,-6,-70,513,-3313
alpha 0.005,2,14,-7,-77,514,-3320
alpha 0.005,2,15,-7,-84,515,-3327
alpha 0.005,2,16,-7,-91,516,-3334
alpha 0.005,2,17,-7,-98,517,-3341
alpha 0.005,2,18,-7,-105,518,-3348
alpha 0.005,2,19,-7,-112,519,-3355
alpha 0.005,2,20,-7,-119,520,-3362
alpha 0.005,2,21,-7,-126,521,-3369
alpha 0.005,2,22,-7,-133,522,-3376
alpha 0.005,2,23,-8,-141,523,-3384
alpha 0.005,2,24,-8,-149,524,-3392
alpha 0.005,2,25,-8,-157,525,-3400
alpha 0.005,2,26,-8,-165,526,-3408
alpha 0.005,2,27,-8,-173,527,-3416
alpha 0.005,2,28,-8,-181,528,-3424
alpha 0.005,2,29,-10,-191,529,-3434
alpha 0.005,2,30,-10,-201,530,-3444
alpha 0.005,2,31,-10,-211,531,-3454
alpha 0.005,2,32,-10,-221,532,-3464
alpha 0.005,2,33,-10,-231,533,-3474
alpha 0.005,2,34,-10,-241,534,-3484
alpha 0.005,2,35,-10,-251,535,-3494
alpha 0.005,2,36,-10,-261,536,-3504
alpha 0.005,2,37,-10,-271,537,-3514
alpha 0.005,2,38,-10,-281,538,-3524
alpha 0.005,2,39,-10,-291,539,-3534
alpha 0.005,2,40,-10,-301,540,-3544
alpha 0.005,2,41,-10,-311,541,-3554
alpha 0.005,2,42,-10,-321,542,-3564
alpha 0.005,2,43,-10,-331,543,-3574
alpha 0.005,2,44,-10,-341,544,-3584
alpha 0.005,2,45,-10,-351,545,-3594
alpha 0.005,2,46,-10,-361,546,-3604
alpha 0.005,2,47,-10,-371,547,-3614
alpha 0.005,2,48,-10,-381,548,-3624
alpha 0.005,2,49,-10,-391,549,-3634
alpha 0.005,2,50,-10,-401,550,-3644
alpha 0.005,2,51,-10,-411,551,-3654
alpha 0.005,2,52,-10,-421,552,-3664
alpha 0.005,2,53,-10,-431,553,-3674
alpha 0.005,2,54,-10,-441,554,-3684
alpha 0.005,2,55,-10,-451,555,-3694
alpha 0.005,2,56,-10,-461,556,-3704
alpha 0.005,2,57,-8,-469,557,-3712
alpha 0.005,2,58,-6,-475,558,-3718
alpha 0.005,2,59,-5,-480,559,-3723
alpha 0.005,2,60,-5,-485,560,-3728
alpha 0.005,2,61,-5,-490,561,-3733
alpha 0.005,2,62,-3,-493,562,-3736
alpha 0.005,2,63,-2,-495,563,-3738
alpha 0.005,2,64,-2,-497,564,-3740
alpha 0.005,2,65,-2,-499,565,-3742
alpha 0.005,2,66,2,-497,566,-3740
alpha 0.005,2,67,1,-496,567,-3739
alpha 0.005,2,68,2,-494,568,-3737
alpha 0.005,2,69,1,-493,569,-3736
alpha 0.005,2,70,-3,-496,570,-3739
alpha 0.005,2,71,-4,-500,571,-3743
alpha 0.005,2,72,-3,-503,572,-3746
alpha 0.005,2,73,-3,-506,573,-3749
alpha 0.005,2,74,-3,-509,574,-3752
alpha 0.005,2,75,-4,-513,575,-3756
alpha 0.005,2,76,-4,-517,576,-3760
alpha 0.005,2,77,-4,-521,577,-3764
alpha 0.005,2,78,-4,-525,578,-3768
alpha 0.005,2,79,-4,-529,579,-3772
alpha 0.005,2,80,-4,-533,580,-3776
alpha 0.005,2,81,-4,-537,581,-3780
alpha 0.005,2,82,-4,-541,582,-3784
alpha 0.005,2,83,-4,-545,583,-3788
alpha 0.005,2,84,-4,-549,584,-3792
alpha 0.005,2,85,-4,-553,585,-3796
alpha 0.005,2,86,-4,-557,586,-3800
alpha 0.005,2,87,-6,-563,587,-3806
alpha 0.005,2,88,-5,-568,588,-3811
alpha 0.005,2,89,-5,-573,589,-3816
alpha 0.005,2,90,-5,-578,590,-3821
alpha 0.005,2,91,-5,-583,591,-3826
alpha 0.005,2,92,-6,-589,592,-3832
alpha 0.005,2,93,-6,-595,593,-3838
alpha 0.005,2,94,-6,-601,594,-3844
alpha 0.005,2,95,-6,-607,595,-3850
alpha 0.005,2,96,-8,-615,596,-3858
alpha 0.005,2,97,-7,-622,597,-3865
alpha 0.005,2,98,-7,-629,598,-3872
alpha 0.005,2,99,-7,-636,599,-3879
alpha 0.005,2,100,-7,-643,600,-3886
alpha 0.005,2,101,-7,-650,601,-3893
alpha 0.005,2,102,-7,-657,602,-3900
alpha 0.005,2,103,-7,-664,603,-3907
alpha 0.005,2,104,-7,-671,604,-3914
alpha 0.005,2,105,-7,-678,605,-3921
alpha 0.005,2,106,-7,-685,606,-3928
alpha 0.005,2,107,-7,-692,607,-3935
alpha 0.005,2,108,-7,-699,608,-3942
alpha 0.005,2,109,-7,-706,609,-3949
alpha 0.005,2,110,-7,-713,610,-3956
alpha 0.005,2,111,-7,-720,611,-3963
alpha 0.005,2,112,-7,-727,612,-3970
alpha 0.005,2,113,-8,-735,613,-3978
alpha 0.005,2,114,-8,-743,614,-3986
alpha 0.005,2,115,-8,-751,615,-3994
alpha 0.005,2,116,-8,-759,616,-4002
alpha 0.005,2,117,-8,-767,617,-4010
alpha 0.005,2,118,-8,-775,618,-4018
alpha 0.005,2,119,-8,-783,619,-4026
alpha 0.005,2,120,-8,-791,620,-4034
alpha 0.005,2,121,-8,-799,621,-4042
alpha 0.005,2,122,-8,-807,622,-4050
alpha 0.005,2,123,-10,-817,623,-4060
alpha 0.005,2,124,-10,-827,624,-4070
alpha 0.005,2,125,-10,-837,625,-4080
alpha 0.005,2,126,-10,-847,626,-4090
alpha 0.005,2,127,-10,-857,627,-4100
alpha 0.005,2,128,-10,-867,628,-4110
alpha 0.005,2,129,-10,-877,629,-4120
alpha 0.005,2,130,-10,-887,630,-4130
alpha 0.005,2,131,-10,-897,631,-4140
alpha 0.005,2,132,-10,-907,632,-4150
alpha 0.005,2,133,-10,-917,633,-4160
alpha 0.005,2,134,-10,-927,634,-4170
alpha 0.005,2,135,-10,-937,635,-4180
alpha 0.005,2,136,-10,-947,636,-4190
alpha 0.005,2,137,-10,-957,637,-4200
alpha 0.005,2,138,-10,-967,638,-4210
alpha 0.005,2,139,-10,-977,639,-4220
alpha 0.005,2,140,-10,-987,640,-4230
alpha 0.005,2,141,-10,-997,641,-4240
alpha 0.005,2,142,-10,-1007,642,-4250
alpha 0.005,2,143,-10,-1017,643,-4260
alpha 0.005,2,144,-10,-1027,644,-4270
alpha 0.005,2,145,-10,-1037,645,-4280
alpha 0.005,2,146,-10,-1047,646,-4290
alpha 0.005,2,147,-10,-1057,647,-4300
alpha 0.005,2,148,-10,-1067,648,-4310
alpha 0.005,2,149,-10,-1077,649,-4320
alpha 0.005,2,150,-10,-1087,650,-4330
alpha 0.005,2,151,-10,-1097,651,-4340
alpha 0.005,2,152,-10,-1107,652,-4350
alpha 0.005,2,153,-10,-1117,653,-4360
alpha 0.005,2,154,-10,-1127,654,-4370
alpha 0.005,2,155,-10,-1137,655,-4380
alpha 0.005,2,156,-10,-1147,656,-4390
alpha 0.005,2,157,-10,-1157,657,-4400
alpha 0.005,2,158,-10,-1167,658,-4410
alpha 0.005,2,159,-10,-1177,659,-4420
alpha 0.005,2,160,-10,-1187,660,-4430
alpha 0.005,2,161,-10,-1197,661,-4440
alpha 0.005,2,162,-10,-1207,662,-4450
alpha 0.005,2,163,-10,-1217,663,-4460
alpha 0.005,2,164,-10,-1227,664,-4470
alpha 0.005,2,165,-10,-1237,665,-4480
alpha 0.005,2,166,-10,-1247,666,-4490
alpha 0.005,2,167,-10,-1257,667,-4500
alpha 0.005,2,168,-10,-1267,668,-4510
alpha 0.005,2,169,-10,-1277,669,-4520
alpha 0.005,2,170,-10,-1287,670,-4530
alpha 0.005,2,171,-8,-1295,671,-4538
alpha 0.005,2,172,-8,-1303,672,-4546
alpha 0.005,2,173,-8,-1311,673,-4554
alpha 0.005,2,174,-8,-1319,674,-4562
alpha 0.005,2,175,-8,-1327,675,-4570
alpha 0.005,2,176,-8,-1335,676,-4578
alpha 0.005,2,177,-7,-1342,677,-4585
alpha 0.005,2,178,-7,-1349,678,-4592
alpha 0.005,2,179,-7,-1356,679,-4599
alpha 0.005,2,180,-7,-1363,680,-4606
alpha 0.005,2,181,-7,-1370,681,-4613
alpha 0.005,2,182,-7,-1377,682,-4620
alpha 0.005,2,183,-7,-1384,683,-4627
alpha 0.005,2,184,-7,-1391,684,-4634
alpha 0.005,2,185,-6,-1397,685,-4640
alpha 0.005,2,186,-6,-1403,686,-4646
alpha 0.005,2,187,-5,-1408,687,-4651
alpha 0.005,2,188,-5,-1413,688,-4656
alpha 0.005,2,189,-5,-1418,689,-4661
alpha 0.005,2,190,-5,-1423,690,-4666
alpha 0.005,2,191,-5,-1428,691,-4671
alpha 0.005,2,192,-5,-1433,692,-4676
alpha 0.005,2,193,-5,-1438,693,-4681
alpha 0.005,2,194,-5,-1443,694,-4686
alpha 0.005,2,195,-5,-1448,695,-4691
alpha 0.005,2,196,-6,-1454,696,-4697
alpha 0.005,2,197,-6,-1460,697,-4703
alpha 0.005,2,198,-6,-1466,698,-4709
alpha 0.005,2,199,-7,-1473,699,-4716
alpha 0.005,2,200,-7,-1480,700,-4723
alpha 0.005,2,201,-7,-1487,701,-4730
alpha 0.005,2,202,-7,-1494,702,-4737
alpha 0.005,2,203,-7,-1501,703,-4744
alpha 0.005,2,204,-7,-1508,704,-4751
alpha 0.005,2,205,-7,-1515,705,-4758
alpha 0.005,2,206,-7,-1522,706,-4765
alpha 0.005,2,207,-8,-1530,707,-4773
alpha 0.005,2,208,-8,-1538,708,-4781
alpha 0.005,2,209,-8,-1546,709,-4789
alpha 0.005,2,210,-8,-1554,710,-4797
alpha 0.005,2,211,-8,-1562,711,-4805
alpha 0.005,2,212,-8,-1570,712,-4813
alpha 0.005,2,213,-8,-1578,713,-4821
alpha 0.005,2,214,-10,-1588,714,-4831
alpha 0.005,2,215,-10,-1598,715,-4841
alpha 0.005,2,216,-10,-1608,716,-4851
alpha 0.005,2,217,-10,-1618,717,-4861
alpha 0.005,2,218,-10,-1628,718,-4871
alpha 0.005,2,219,-10,-1638,719,-4881
alpha 0.005,2,220,-10,-1648,720,-4891
alpha 0.005,2,221,-10,-1658,721,-4901
alpha 0.005,2,222,-10,-1668,722,-4911
alpha 0.005,2,223,-10,-1678,723,-4921
alpha 0.005,2,224,-10,-1688,724,-4931
alpha 0.005,2,225,-10,-1698,725,-4941
alpha 0.005,2,226,-10,-1708,726,-4951
alpha 0.005,2,227,-10,-1718,727,-4961
alpha 0.005,2,228,-10,-1728,728,-4971
alpha 0.005,2,229,-10,-1738,729,-4981
alpha 0.005,2,230,-10,-1748,730,-4991
alpha 0.005,2,231,-10,-1758,731,-5001
alpha 0.005,2,232,-10,-1768,732,-5011
alpha 0.005,2,233,-10,-1778,733,-5021
alpha 0.005,2,234,-10,-1788,734,-5031
alpha 0.005,2,235,-10,-1798,735,-5041
alpha 0.005,2,236,-10,-1808,736,-5051
alpha 0.005,2,237,-10,-1818,737,-5061
alpha 0.005,2,238,-10,-1828,738,-5071
alpha 0.005,2,239,-10,-1838,739,-5081
alpha 0.005,2,240,-10,-1848,740,-5091
alpha 0.005,2,241,-10,-1858,741,-5101
alpha 0.005,2,242,-10,-1868,742,-5111
alpha 0.005,2,243,-10,-1878,743,-5121
alpha 0.005,2,244,-10,-1888,744,-5131
alpha 0.005,2,245,-10,-1898,745,-5141
alpha 0.005,2,246,-10,-1908,746,-5151
alpha 0.005,2,247,-10,-1918,747,-5161
alpha 0.005,2,248,-10,-1928,748,-5171
alpha 0.005,2,249,-10,-1938,749,-5181
alpha 0.005,2,250,-10,-1948,750,-5191
alpha 0.005,2,251,-10,-1958,751,-5201
alpha 0.005,2,252,-10,-1968,752,-5211
alpha 0.005,2,253,-10,-1978,753,-5221
alpha 0.005,2,254,-10,-1988,754,-5231
alpha 0.005,2,255,-10,-1998,755,-5241
alpha 0.005,2,256,-7,-2005,756,-5248
alpha 0.005,2,257,-7,-2012,757,-5255
alpha 0.005,2,258,-7,-2019,758,-5262
alpha 0.005,2,259,-7,-2026,759,-5269
alpha 0.005,2,260,-7,-2033,760,-5276
alpha 0.005,2,261,-7,-2040,761,-5283
alpha 0.005,2,262,-7,-2047,762,-5290
alpha 0.005,2,263,-7,-2054,763,-5297
alpha 0.005,2,264,-7,-2061,764,-5304
alpha 0.005,2,265,-7,-2068,765,-5311
alpha 0.005,2,266,-7,-2075,766,-5318
alpha 0.005,2,267,-7,-2082,767,-5325
alpha 0.005,2,268,-7,-2089,768,-5332
alpha 0.005,2,269,-7,-2096,769,-5339
alpha 0.005,2,270,-7,-2103,770,-5346
alpha 0.005,2,271,-7,-2110,771,-5353
alpha 0.005,2,272,-7,-2117,772,-5360
alpha 0.005,2,273,-5,-2122,773,-5365
alpha 0.005,2,274,-5,-2127,774,-5370
alpha 0.005,2,275,-5,-2132,775,-5375
alpha 0.005,2,276,-4,-2136,776,-5379
alpha 0.005,2,277,-4,-2140,777,-5383
alpha 0.005,2,278,-4,-2144,778,-5387
alpha 0.005,2,279,-4,-2148,779,-5391
alpha 0.005,2,280,-4,-2152,780,-5395
alpha 0.005,2,281,-4,-2156,781,-5399
alpha 0.005,2,282,-4,-2160,782,-5403
alpha 0.005,2,283,-4,-2164,783,-5407
alpha 0.005,2,284,-4,-2168,784,-5411
alpha 0.005,2,285,-4,-2172,785,-5415
alpha 0.005,2,286,-4,-2176,786,-5419
alpha 0.005,2,287,-4,-2180,787,-5423
alpha 0.005,2,288,-4,-2184,788,-5427
alpha 0.005,2,289,-4,-2188,789,-5431
alpha 0.005,2,290,-4,-2192,790,-5435
alpha 0.005,2,291,-4,-2196,791,-5439
alpha 0.005,2,292,-4,-2200,792,-5443
alpha 0.005,2,293,-4,-2204,793,-5447
alpha 0.005,2,294,-4,-2208,794,-5451
alpha 0.005,2,295,-3,-2211,795,-5454
alpha 0.005,2,296,-2,-2213,796,-5456
alpha 0.005,2,297,-2,-2215,797,-5458
alpha 0.005,2,298,-1,-2216,798,-5459
alpha 0.005,2,299,-2,-2218,799,-5461
alpha 0.005,2,300,-1,-2219,800,-5462
alpha 0.005,2,301,1,-2218,801,-5461
alpha 0.005,2,302,1,-2217,802,-5460
alpha 0.005,2,303,1,-2216,803,-5459
alpha 0.005,2,304,1,-2215,804,-5458
alpha 0.005,2,305,1,-2214,805,-5457
alpha 0.005,2,306,1,-2213,806,-5456
alpha 0.005,2,307,1,-2212,807,-5455
alpha 0.005,2,308,-1,-2213,808,-5456
alpha 0.005,2,309,-2,-2215,809,-5458
alpha 0.005,2,310,-2,-2217,810,-5460
alpha 0.005,2,311,-2,-2219,811,-5462
alpha 0.005,2,312,-2,-2221,812,-5464
alpha 0.005,2,313,-3,-2224,813,-5467
alpha 0.005,2,314,-3,-2227,814,-5470
alpha 0.005,2,315,-2,-2229,815,-5472
alpha 0.005,2,316,-2,-2231,816,-5474
alpha 0.005,2,317,-2,-2233,817,-5476
alpha 0.005,2,318,-2,-2235,818,-5478
alpha 0.005,2,319,-2,-2237,819,-5480
alpha 0.005,2,320,-2,-2239,820,-5482
alpha 0.005,2,321,-2,-2241,821,-5484
alpha 0.005,2,322,-2,-2243,822,-5486
alpha 0.005,2,323,-3,-2246,823,-5489
alpha 0.005,2,324,-4,-2250,824,-5493
alpha 0.005,2,325,-4,-2254,825,-5497
alpha 0.005,2,326,-4,-2258,826,-5501
alpha 0.005,2,327,-4,-2262,827,-5505
alpha 0.005,2,328,-5,-2267,828,-5510
alpha 0.005,2,329,-5,-2272,829,-5515
alpha 0.005,2,330,-5,-2277,830,-5520
alpha 0.005,2,331,-5,-2282,831,-5525
alpha 0.005,2,332,-5,-2287,832,-5530
alpha 0.005,2,333,-5,-2292,833,-5535
alpha 0.005,2,334,-5,-2297,834,-5540
alpha 0.005,2,335,-5,-2302,835,-5545
alpha 0.005,2,336,-5,-2307,836,-5550
alpha 0.005,2,337,-6,-2313,837,-5556
alpha 0.005,2,338,-6,-2319,838,-5562
alpha 0.005,2,339,-6,-2325,839,-5568
alpha 0.005,2,340,-6,-2331,840,-5574
alpha 0.005,2,341,-6,-2337,841,-5580
alpha 0.005,2,342,-6,-2343,842,-5586
alpha 0.005,2,343,-6,-2349,843,-5592
alpha 0.005,2,344,-6,-2355,844,-5598
alpha 0.005,2,345,-6,-2361,845,-5604
alpha 0.005,2,346,-6,-2367,846,-5610
alpha 0.005,2,347,-6,-2373,847,-5616
alpha 0.005,2,348,-6,-2379,848,-5622
alpha 0.005,2,349,-6,-2385,849,-5628
alpha 0.005,2,350,-8,-2393,850,-5636
alpha 0.005,2,351,-8,-2401,851,-5644
alpha 0.005,2,352,-8,-2409,852,-5652
alpha 0.005,2,353,-8,-2417,853,-5660
alpha 0.005,2,354,-8,-2425,854,-5668
alpha 0.005,2,355,-8,-2433,855,-5676
alpha 0.005,2,356,-8,-2441,856,-5684
alpha 0.005,2,357,-8,-2449,857,-5692
alpha 0.005,2,358,-8,-2457,858,-5700
alpha 0.005,2,359,-8,-2465,859,-5708
alpha 0.005,2,360,-10,-2475,860,-5718
alpha 0.005,2,361,-10,-2485,861,-5728
alpha 0.005,2,362,-10,-2495,862,-5738
alpha 0.005,2,363,-10,-2505,863,-5748
alpha 0.005,2,364,-10,-2515,864,-5758
alpha 0.005,2,365,-10,-2525,865,-5768
alpha 0.005,2,366,-10,-2535,866,-5778
alpha 0.005,2,367,-10,-2545,867,-5788
alpha 0.005,2,368,-10,-2555,868,-5798
alpha 0.005,2,369,-10,-2565,869,-5808
alpha 0.005,2,370,-10,-2575,870,-5818
alpha 0.005,2,371,-10,-2585,871,-5828
alpha 0.005,2,372,-10,-2595,872,-5838
alpha 0.005,2,373,-10,-2605,873,-5848
alpha 0.005,2,374,-10,-2615,874,-5858
alpha 0.005,2,375,-10,-2625,875,-5868
alpha 0.005,2,376,-10,-2635,876,-5878
alpha 0.005,2,377,-10,-2645,877,-5888
alpha 0.005,2,378,-10,-2655,878,-5898
alpha 0.005,2,379,-10,-2665,879,-5908
alpha 0.005,2,380,-10,-2675,880,-5918
alpha 0.005,2,381,-10,-2685,881,-5928
alpha 0.005,2,382,-10,-2695,882,-5938
alpha 0.005,2,383,-10,-2705,883,-5948
alpha 0.005,2,384,-10,-2715,884,-5958
alpha 0.005,2,385,-10,-2725,885,-5968
alpha 0.005,2,386,-10,-2735,886,-5978
alpha 0.005,2,387,-10,-2745,887,-5988
alpha 0.005,2,388,-10,-2755,888,-5998
alpha 0.005,2,389,-10,-2765,889,-6008
alpha 0.005,2,390,-10,-2775,890,-6018
alpha 0.005,2,391,-10,-2785,891,-6028
alpha 0.005,2,392,-10,-2795,892,-6038
alpha 0.005,2,393,-10,-2805,893,-6048
alpha 0.005,2,394,-10,-2815,894,-6058
alpha 0.005,2,395,-10,-2825,895,-6068
alpha 0.005,2,396,-10,-2835,896,-6078
alpha 0.005,2,397,-10,-2845,897,-6088
alpha 0.005,2,398,-10,-2855,898,-6098
alpha 0.005,2,399,-10,-2865,899,-6108
alpha 0.005,2,400,-10,-2875,900,-6118
alpha 0.005,2,401,-10,-2885,901,-6128
alpha 0.005,2,402,-10,-2895,902,-6138
alpha 0.005,2,403,-10,-2905,903,-6148
alpha 0.005,2,404,-10,-2915,904,-6158
alpha 0.005,2,405,-10,-2925,905,-6168
alpha 0.005,2,406,-10,-2935,906,-6178
alpha 0.005,2,407,-10,-2945,907,-6188
alpha 0.005,2,408,-10,-2955,908,-6198
alpha 0.005,2,409,-10,-2965,909,-6208
alpha 0.005,2,410,-10,-2975,910,-6218
alpha 0.005,2,411,-10,-2985,911,-6228
alpha 0.005,2,412,-10,-2995,912,-6238
alpha 0.005,2,413,-10,-3005,913,-6248
alpha 0.005,2,414,-8,-3013,914,-6256
alpha 0.005,2,415,-8,-3021,915,-6264
alpha 0.005,2,416,-8,-3029,916,-6272
alpha 0.005,2,417,-8,-3037,917,-6280
alpha 0.005,2,418,-8,-3045,918,-6288
alpha 0.005,2,419,-8,-3053,919,-6296
alpha 0.005,2,420,-8,-3061,920,-6304
alpha 0.005,2,421,-7,-3068,921,-6311
alpha 0.005,2,422,-7,-3075,922,-6318
alpha 0.005,2,423,-7,-3082,923,-6325
alpha 0.005,2,424,-7,-3089,924,-6332
alpha 0.005,2,425,-7,-3096,925,-6339
alpha 0.005,2,426,-7,-3103,926,-6346
alpha 0.005,2,427,-7,-3110,927,-6353
alpha 0.005,2,428,-7,-3117,928,-6360
alpha 0.005,2,429,-6,-3123,929,-6366
alpha 0.005,2,430,-6,-3129,930,-6372
alpha 0.005,2,431,-6,-3135,931,-6378
alpha 0.005,2,432,-5,-3140,932,-6383
alpha 0.005,2,433,-5,-3145,933,-6388
alpha 0.005,2,434,-5,-3150,934,-6393
alpha 0.005,2,435,-5,-3155,935,-6398
alpha 0.005,2,436,-5,-3160,936,-6403
alpha 0.005,2,437,-5,-3165,937,-6408
alpha 0.005,2,438,-5,-3170,938,-6413
alpha 0.005,2,439,-5,-3175,939,-6418
alpha 0.005,2,440,-5,-3180,940,-6423
alpha 0.005,2,441,-5,-3185,941,-6428
alpha 0.005,2,442,-6,-3191,942,-6434
alpha 0.005,2,443,-6,-3197,943,-6440
alpha 0.005,2,444,-6,-3203,944,-6446
alpha 0.005,2,445,-7,-3210,945,-6453
alpha 0.005,2,446,-7,-3217,946,-6460
alpha 0.005,2,447,-7,-3224,947,-6467
alpha 0.005,2,448,-7,-3231,948,-6474
alpha 0.005,2,449,-7,-3238,949,-6481
alpha 0.005,2,450,-7,-3245,950,-6488
alpha 0.005,2,451,-7,-3252,951,-6495
alpha 0.005,2,452,-7,-3259,952,-6502
alpha 0.005,2,453,-7,-3266,953,-6509
alpha 0.005,2,454,-7,-3273,954,-6516
alpha 0.005,2,455,-8,-3281,955,-6524
alpha 0.005,2,456,-8,-3289,956,-6532
alpha 0.005,2,457,-8,-3297,957,-6540
alpha 0.005,2,458,-8,-3305,958,-6548
alpha 0.005,2,459,-8,-3313,959,-6556
alpha 0.005,2,460,-8,-3321,960,-6564
alpha 0.005,2,461,-8,-3329,961,-6572
alpha 0.005,2,462,-8,-3337,962,-6580
alpha 0.005,2,463,-8,-3345,963,-6588
alpha 0.005,2,464,-8,-3353,964,-6596
alpha 0.005,2,465,-8,-3361,965,-6604
alpha 0.005,2,466,-8,-3369,966,-6612
alpha 0.005,2,467,-10,-3379,967,-6622
alpha 0.005,2,468,-10,-3389,968,-6632
alpha 0.005,2,469,-10,-3399,969,-6642
alpha 0.005,2,470,-10,-3409,970,-6652
alpha 0.005,2,471,-10,-3419,971,-6662
alpha 0.005,2,472,-10,-3429,972,-6672
alpha 0.005,2,473,-10,-3439,973,-6682
alpha 0.005,2,474,-10,-3449,974,-6692
alpha 0.005,2,475,-10,-3459,975,-6702
alpha 0.005,2,476,-10,-3469,976,-6712
alpha 0.005,2,477,-10,-3479,977,-6722
alpha 0.005,2,478,-10,-3489,978,-6732
alpha 0.005,2,479,-10,-3499,979,-6742
alpha 0.005,2,480,-10,-3509,980,-6752
alpha 0.005,2,481,-10,-3519,981,-6762
alpha 0.005,2,482,-10,-3529,982,-6772
alpha 0.005,2,483,-10,-3539,983,-6782
alpha 0.005,2,484,-10,-3549,984,-6792
alpha 0.005,2,485,-10,-3559,985,-6802
alpha 0.005,2,486,-10,-3569,986,-6812
alpha 0.005,2,487,-10,-3579,987,-6822
alpha 0.005,2,488,-10,-3589,988,-6832
alpha 0.005,2,489,-10,-3599,989,-6842
alpha 0.005,2,490,-10,-3609,990,-6852
alpha 0.005,2,491,-10,-3619,991,-6862
alpha 0.005,2,492,-10,-3629,992,-6872
alpha 0.005,2,493,-10,-3639,993,-6882
alpha 0.005,2,494,-10,-3649,994,-6892
alpha 0.005,2,495,-10,-3659,995,-6902
alpha 0.005,2,496,-10,-3669,996,-6912
alpha 0.005,2,497,-10,-3679,997,-6922
alpha 0.005,2,498,-10,-3689,998,-6932
alpha 0.005,2,499,-10,-3699,999,-6942
alpha 0.005,2,500,-10,-3709,1000,-6952
alpha 0.005,1,1,1,1,1,1
alpha 0.005,1,2,-3,-2,2,-2
alpha 0.005,1,3,-7,-9,3,-9
alpha 0.005,1,4,-10,-19,4,-19
alpha 0.005,1,5,-10,-29,5,-29
alpha 0.005,1,6,-10,-39,6,-39
alpha 0.005,1,7,-10,-49,7,-49
alpha 0.005,1,8,-8,-57,8,-57
alpha 0.005,1,9,-8,-65,9,-65
alpha 0.005,1,10,-8,-73,10,-73
alpha 0.005,1,11,-8,-81,11,-81
alpha 0.005,1,12,-8,-89,12,-89
alpha 0.005,1,13,-8,-97,13,-97
alpha 0.005,1,14,-7,-104,14,-104
alpha 0.005,1,15,-7,-111,15,-111
alpha 0.005,1,16,-7,-118,16,-118
alpha 0.005,1,17,-7,-125,17,-125
alpha 0.005,1,18,-7,-132,18,-132
alpha 0.005,1,19,-7,-139,19,-139
alpha 0.005,1,20,-7,-146,20,-146
alpha 0.005,1,21,-7,-153,21,-153
alpha 0.005,1,22,-7,-160,22,-160
alpha 0.005,1,23,-7,-167,23,-167
alpha 0.005,1,24,-7,-174,24,-174
alpha 0.005,1,25,-7,-181,25,-181
alpha 0.005,1,26,-7,-188,26,-188
alpha 0.005,1,27,-7,-195,27,-195
alpha 0.005,1,28,-5,-200,28,-200
alpha 0.005,1,29,-5,-205,29,-205
alpha 0.005,1,30,-5,-210,30,-210
alpha 0.005,1,31,-5,-215,31,-215
alpha 0.005,1,32,-5,-220,32,-220
alpha 0.005,1,33,-5,-225,33,-225
alpha 0.005,1,34,-4,-229,34,-229
alpha 0.005,1,35,-4,-233,35,-233
alpha 0.005,1,36,-4,-237,36,-237
alpha 0.005,1,37,-2,-239,37,-239
alpha 0.005,1,38,-1,-240,38,-240
alpha 0.005,1,39,-2,-242,39,-242
alpha 0.005,1,40,-2,-244,40,-244
alpha 0.005,1,41,-1,-245,41,-245
alpha 0.005,1,42,-2,-247,42,-247
alpha 0.005,1,43,-2,-249,43,-249
alpha 0.005,1,44,-1,-250,44,-250
alpha 0.005,1,45,1,-249,45,-249
alpha 0.005,1,46,1,-248,46,-248
alpha 0.005,1,47,1,-247,47,-247
alpha 0.005,1,48,1,-246,48,-246
alpha 0.005,1,49,1,-245,49,-245
alpha 0.005,1,50,-2,-247,50,-247
alpha 0.005,1,51,-2,-249,51,-249
alpha 0.005,1,52,-3,-252,52,-252
alpha 0.005,1,53,-3,-255,53,-255
alpha 0.005,1,54,-2,-257,54,-257
alpha 0.005,1,55,-1,-258,55,-258
alpha 0.005,1,56,2,-256,56,-256
alpha 0.005,1,57,1,-255,57,-255
alpha 0.005,1,58,-4,-259,58,-259
alpha 0.005,1,59,-7,-266,59,-266
alpha 0.005,1,60,-5,-271,60,-271
alpha 0.005,1,61,-4,-275,61,-275
alpha 0.005,1,62,-2,-277,62,-277
alpha 0.005,1,63,-3,-280,63,-280
alpha 0.005,1,64,-2,-282,64,-282
alpha 0.005,1,65,-1,-283,65,-283
alpha 0.005,1,66,2,-281,66,-281
alpha 0.005,1,67,1,-280,67,-280
alpha 0.005,1,68,1,-279,68,-279
alpha 0.005,1,69,-2,-281,69,-281
alpha 0.005,1,70,-2,-283,70,-283
alpha 0.005,1,71,-3,-286,71,-286
alpha 0.005,1,72,-5,-291,72,-291
alpha 0.005,1,73,-4,-295,73,-295
alpha 0.005,1,74,-5,-300,74,-300
alpha 0.005,1,75,-8,-308,75,-308
alpha 0.005,1,76,-5,-313,76,-313
alpha 0.005,1,77,-4,-317,77,-317
alpha 0.005,1,78,-4,-321,78,-321
alpha 0.005,1,79,-4,-325,79,-325
alpha 0.005,1,80,-5,-330,80,-330
alpha 0.005,1,81,-5,-335,81,-335
alpha 0.005,1,82,-5,-340,82,-340
alpha 0.005,1,83,-8,-348,83,-348
alpha 0.005,1,84,-8,-356,84,-356
alpha 0.005,1,85,-6,-362,85,-362
alpha 0.005,1,86,-8,-370,86,-370
alpha 0.005,1,87,-8,-378,87,-378
alpha 0.005,1,88,-8,-386,88,-386
alpha 0.005,1,89,-8,-394,89,-394
alpha 0.005,1,90,-8,-402,90,-402
alpha 0.005,1,91,-8,-410,91,-410
alpha 0.005,1,92,-8,-418,92,-418
alpha 0.005,1,93,-8,-426,93,-426
alpha 0.005,1,94,-10,-436,94,-436
alpha 0.005,1,95,-10,-446,95,-446
alpha 0.005,1,96,-10,-456,96,-456
alpha 0.005,1,97,-10,-466,97,-466
alpha 0.005,1,98,-10,-476,98,-476
alpha 0.005,1,99,-10,-486,99,-486
alpha 0.005,1,100,-10,-496,100,-496
alpha 0.005,1,101,-10,-506,101,-506
alpha 0.005,1,102,-10,-516,102,-516
alpha 0.005,1,103,-10,-526,103,-526
alpha 0.005,1,104,-10,-536,104,-536
alpha 0.005,1,105,-10,-546,105,-546
alpha 0.005,1,106,-10,-556,106,-556
alpha 0.005,1,107,-10,-566,107,-566
alpha 0.005,1,108,-10,-576,108,-576
alpha 0.005,1,109,-10,-586,109,-586
alpha 0.005,1,110,-10,-596,110,-596
alpha 0.005,1,111,-10,-606,111,-606
alpha 0.005,1,112,-10,-616,112,-616
alpha 0.005,1,113,-10,-626,113,-626
alpha 0.005,1,114,-10,-636,114,-636
alpha 0.005,1,115,-10,-646,115,-646
alpha 0.005,1,116,-10,-656,116,-656
alpha 0.005,1,117,-10,-666,117,-666
alpha 0.005,1,118,-10,-676,118,-676
alpha 0.005,1,119,-10,-686,119,-686
alpha 0.005,1,120,-10,-696,120,-696
alpha 0.005,1,121,-10,-706,121,-706
alpha 0.005,1,122,-10,-716,122,-716
alpha 0.005,1,123,-10,-726,123,-726
alpha 0.005,1,124,-10,-736,124,-736
alpha 0.005,1,125,-10,-746,125,-746
alpha 0.005,1,126,-10,-756,126,-756
alpha 0.005,1,127,-10,-766,127,-766
alpha 0.005,1,128,-10,-776,128,-776
alpha 0.005,1,129,-10,-786,129,-786
alpha 0.005,1,130,-10,-796,130,-796
alpha 0.005,1,131,-10,-806,131,-806
alpha 0.005,1,132,-10,-816,132,-816
alpha 0.005,1,133,-10,-826,133,-826
alpha 0.005,1,134,-8,-834,134,-834
alpha 0.005,1,135,-8,-842,135,-842
alpha 0.005,1,136,-8,-850,136,-850
alpha 0.005,1,137,-8,-858,137,-858
alpha 0.005,1,138,-8,-866,138,-866
alpha 0.005,1,139,-8,-874,139,-874
alpha 0.005,1,140,-8,-882,140,-882
alpha 0.005,1,141,-8,-890,141,-890
alpha 0.005,1,142,-8,-898,142,-898
alpha 0.005,1,143,-8,-906,143,-906
alpha 0.005,1,144,-8,-914,144,-914
alpha 0.005,1,145,-8,-922,145,-922
alpha 0.005,1,146,-7,-929,146,-929
alpha 0.005,1,147,-7,-936,147,-936
alpha 0.005,1,148,-7,-943,148,-943
alpha 0.005,1,149,-7,-950,149,-950
alpha 0.005,1,150,-7,-957,150,-957
alpha 0.005,1,151,-7,-964,151,-964
alpha 0.005,1,152,-7,-971,152,-971
alpha 0.005,1,153,-7,-978,153,-978
alpha 0.005,1,154,-7,-985,154,-985
alpha 0.005,1,155,-7,-992,155,-992
alpha 0.005,1,156,-7,-999,156,-999
alpha 0.005,1,157,-7,-1006,157,-1006
alpha 0.005,1,158,-7,-1013,158,-1013
alpha 0.005,1,159,-7,-1020,159,-1020
alpha 0.005,1,160,-6,-1026,160,-1026
alpha 0.005,1,161,-6,-1032,161,-1032
alpha 0.005,1,162,-6,-1038,162,-1038
alpha 0.005,1,163,-5,-1043,163,-1043
alpha 0.005,1,164,-5,-1048,164,-1048
alpha 0.005,1,165,-5,-1053,165,-1053
alpha 0.005,1,166,-5,-1058,166,-1058
alpha 0.005,1,167,-5,-1063,167,-1063
alpha 0.005,1,168,-5,-1068,168,-1068
alpha 0.005,1,169,-5,-1073,169,-1073
alpha 0.005,1,170,-5,-1078,170,-1078
alpha 0.005,1,171,-5,-1083,171,-1083
alpha 0.005,1,172,-5,-1088,172,-1088
alpha 0.005,1,173,-5,-1093,173,-1093
alpha 0.005,1,174,-5,-1098,174,-1098
alpha 0.005,1,175,-5,-1103,175,-1103
alpha 0.005,1,176,-5,-1108,176,-1108
alpha 0.005,1,177,-5,-1113,177,-1113
alpha 0.005,1,178,-5,-1118,178,-1118
alpha 0.005,1,179,-5,-1123,179,-1123
alpha 0.005,1,180,-6,-1129,180,-1129
alpha 0.005,1,181,-6,-1135,181,-1135
alpha 0.005,1,182,-7,-1142,182,-1142
alpha 0.005,1,183,-7,-1149,183,-1149
alpha 0.005,1,184,-7,-1156,184,-1156
alpha 0.005,1,185,-7,-1163,185,-1163
alpha 0.005,1,186,-7,-1170,186,-1170
alpha 0.005,1,187,-7,-1177,187,-1177
alpha 0.005,1,188,-7,-1184,188,-1184
alpha 0.005,1,189,-7,-1191,189,-1191
alpha 0.005,1,190,-7,-1198,190,-1198
alpha 0.005,1,191,-7,-1205,191,-1205
alpha 0.005,1,192,-7,-1212,192,-1212
alpha 0.005,1,193,-7,-1219,193,-1219
alpha 0.005,1,194,-7,-1226,194,-1226
alpha 0.005,1,195,-8,-1234,195,-1234
alpha 0.005,1,196,-8,-1242,196,-1242
alpha 0.005,1,197,-8,-1250,197,-1250
alpha 0.005,1,198,-8,-1258,198,-1258
alpha 0.005,1,199,-8,-1266,199,-1266
alpha 0.005,1,200,-8,-1274,200,-1274
alpha 0.005,1,201,-8,-1282,201,-1282
alpha 0.005,1,202,-8,-1290,202,-1290
alpha 0.005,1,203,-8,-1298,203,-1298
alpha 0.005,1,204,-8,-1306,204,-1306
alpha 0.005,1,205,-8,-1314,205,-1314
alpha 0.005,1,206,-8,-1322,206,-1322
alpha 0.005,1,207,-8,-1330,207,-1330
alpha 0.005,1,208,-8,-1338,208,-1338
alpha 0.005,1,209,-8,-1346,209,-1346
alpha 0.005,1,210,-8,-1354,210,-1354
alpha 0.005,1,211,-10,-1364,211,-1364
alpha 0.005,1,212,-10,-1374,212,-1374
alpha 0.005,1,213,-10,-1384,213,-1384
alpha 0.005,1,214,-10,-1394,214,-1394
alpha 0.005,1,215,-10,-1404,215,-1404
alpha 0.005,1,216,-10,-1414,216,-1414
alpha 0.005,1,217,-10,-1424,217,-1424
alpha 0.005,1,218,-10,-1434,218,-1434
alpha 0.005,1,219,-10,-1444,219,-1444
alpha 0.005,1,220,-10,-1454,220,-1454
alpha 0.005,1,221,-10,-1464,221,-1464
alpha 0.005,1,222,-10,-1474,222,-1474
alpha 0.005,1,223,-10,-1484,223,-1484
alpha 0.005,1,224,-10,-1494,224,-1494
alpha 0.005,1,225,-10,-1504,225,-1504
alpha 0.005,1,226,-10,-1514,226,-1514
alpha 0.005,1,227,-10,-1524,227,-1524
alpha 0.005,1,228,-10,-1534,228,-1534
alpha 0.005,1,229,-10,-1544,229,-1544
alpha 0.005,1,230,-10,-1554,230,-1554
alpha 0.005,1,231,-10,-1564,231,-1564
alpha 0.005,1,232,-10,-1574,232,-1574
alpha 0.005,1,233,-10,-1584,233,-1584
alpha 0.005,1,234,-10,-1594,234,-1594
alpha 0.005,1,235,-10,-1604,235,-1604
alpha 0.005,1,236,-10,-1614,236,-1614
alpha 0.005,1,237,-10,-1624,237,-1624
alpha 0.005,1,238,-10,-1634,238,-1634
alpha 0.005,1,239,-10,-1644,239,-1644
alpha 0.005,1,240,-10,-1654,240,-1654
alpha 0.005,1,241,-10,-1664,241,-1664
alpha 0.005,1,242,-10,-1674,242,-1674
alpha 0.005,1,243,-10,-1684,243,-1684
alpha 0.005,1,244,-10,-1694,244,-1694
alpha 0.005,1,245,-10,-1704,245,-1704
alpha 0.005,1,246,-10,-1714,246,-1714
alpha 0.005,1,247,-10,-1724,247,-1724
alpha 0.005,1,248,-8,-1732,248,-1732
alpha 0.005,1,249,-8,-1740,249,-1740
alpha 0.005,1,250,-8,-1748,250,-1748
alpha 0.005,1,251,-6,-1754,251,-1754
alpha 0.005,1,252,-6,-1760,252,-1760
alpha 0.005,1,253,-5,-1765,253,-1765
alpha 0.005,1,254,-5,-1770,254,-1770
alpha 0.005,1,255,-5,-1775,255,-1775
alpha 0.005,1,256,-6,-1781,256,-1781
alpha 0.005,1,257,-6,-1787,257,-1787
alpha 0.005,1,258,-6,-1793,258,-1793
alpha 0.005,1,259,-6,-1799,259,-1799
alpha 0.005,1,260,-6,-1805,260,-1805
alpha 0.005,1,261,-6,-1811,261,-1811
alpha 0.005,1,262,-5,-1816,262,-1816
alpha 0.005,1,263,-5,-1821,263,-1821
alpha 0.005,1,264,-5,-1826,264,-1826
alpha 0.005,1,265,-5,-1831,265,-1831
alpha 0.005,1,266,-5,-1836,266,-1836
alpha 0.005,1,267,-5,-1841,267,-1841
alpha 0.005,1,268,-5,-1846,268,-1846
alpha 0.005,1,269,-5,-1851,269,-1851
alpha 0.005,1,270,-5,-1856,270,-1856
alpha 0.005,1,271,-5,-1861,271,-1861
alpha 0.005,1,272,-4,-1865,272,-1865
alpha 0.005,1,273,-4,-1869,273,-1869
alpha 0.005,1,274,-4,-1873,274,-1873
alpha 0.005,1,275,-4,-1877,275,-1877
alpha 0.005,1,276,-4,-1881,276,-1881
alpha 0.005,1,277,-3,-1884,277,-1884
alpha 0.005,1,278,-3,-1887,278,-1887
alpha 0.005,1,279,-3,-1890,279,-1890
alpha 0.005,1,280,-3,-1893,280,-1893
alpha 0.005,1,281,-3,-1896,281,-1896
alpha 0.005,1,282,-3,-1899,282,-1899
alpha 0.005,1,283,-5,-1904,283,-1904
alpha 0.005,1,284,-3,-1907,284,-1907
alpha 0.005,1,285,-2,-1909,285,-1909
alpha 0.005,1,286,-2,-1911,286,-1911
alpha 0.005,1,287,-2,-1913,287,-1913
alpha 0.005,1,288,-2,-1915,288,-1915
alpha 0.005,1,289,-2,-1917,289,-1917
alpha 0.005,1,290,-2,-1919,290,-1919
alpha 0.005,1,291,-2,-1921,291,-1921
alpha 0.005,1,292,-2,-1923,292,-1923
alpha 0.005,1,293,-2,-1925,293,-1925
alpha 0.005,1,294,-2,-1927,294,-1927
alpha 0.005,1,295,-3,-1930,295,-1930
alpha 0.005,1,296,-3,-1933,296,-1933
alpha 0.005,1,297,-3,-1936,297,-1936
alpha 0.005,1,298,-3,-1939,298,-1939
alpha 0.005,1,299,-3,-1942,299,-1942
alpha 0.005,1,300,-3,-1945,300,-1945
alpha 0.005,1,301,-3,-1948,301,-1948
alpha 0.005,1,302,-5,-1953,302,-1953
alpha 0.005,1,303,-5,-1958,303,-1958
alpha 0.005,1,304,-3,-1961,304,-1961
alpha 0.005,1,305,-3,-1964,305,-1964
alpha 0.005,1,306,-3,-1967,306,-1967
alpha 0.005,1,307,-5,-1972,307,-1972
alpha 0.005,1,308,-5,-1977,308,-1977
alpha 0.005,1,309,-5,-1982,309,-1982
alpha 0.005,1,310,-6,-1988,310,-1988
alpha 0.005,1,311,-6,-1994,311,-1994
alpha 0.005,1,312,-6,-2000,312,-2000
alpha 0.005,1,313,-6,-2006,313,-2006
alpha 0.005,1,314,-6,-2012,314,-2012
alpha 0.005,1,315,-6,-2018,315,-2018
alpha 0.005,1,316,-6,-2024,316,-2024
alpha 0.005,1,317,-6,-2030,317,-2030
alpha 0.005,1,318,-6,-2036,318,-2036
alpha 0.005,1,319,-6,-2042,319,-2042
alpha 0.005,1,320,-7,-2049,320,-2049
alpha 0.005,1,321,-7,-2056,321,-2056
alpha 0.005,1,322,-7,-2063,322,-2063
alpha 0.005,1,323,-7,-2070,323,-2070
alpha 0.005,1,324,-7,-2077,324,-2077
alpha 0.005,1,325,-7,-2084,325,-2084
alpha 0.005,1,326,-7,-2091,326,-2091
alpha 0.005,1,327,-7,-2098,327,-2098
alpha 0.005,1,328,-7,-2105,328,-2105
alpha 0.005,1,329,-7,-2112,329,-2112
alpha 0.005,1,330,-7,-2119,330,-2119
alpha 0.005,1,331,-7,-2126,331,-2126
alpha 0.005,1,332,-7,-2133,332,-2133
alpha 0.005,1,333,-7,-2140,333,-2140
alpha 0.005,1,334,-7,-2147,334,-2147
alpha 0.005,1,335,-7,-2154,335,-2154
alpha 0.005,1,336,-7,-2161,336,-2161
alpha 0.005,1,337,-7,-2168,337,-2168
alpha 0.005,1,338,-7,-2175,338,-2175
alpha 0.005,1,339,-7,-2182,339,-2182
alpha 0.005,1,340,-7,-2189,340,-2189
alpha 0.005,1,341,-7,-2196,341,-2196
alpha 0.005,1,342,-7,-2203,342,-2203
alpha 0.005,1,343,-7,-2210,343,-2210
alpha 0.005,1,344,-7,-2217,344,-2217
alpha 0.005,1,345,-7,-2224,345,-2224
alpha 0.005,1,346,-7,-2231,346,-2231
alpha 0.005,1,347,-7,-2238,347,-2238
alpha 0.005,1,348,-7,-2245,348,-2245
alpha 0.005,1,349,-7,-2252,349,-2252
alpha 0.005,1,350,-7,-2259,350,-2259
alpha 0.005,1,351,-7,-2266,351,-2266
alpha 0.005,1,352,-7,-2273,352,-2273
alpha 0.005,1,353,-7,-2280,353,-2280
alpha 0.005,1,354,-7,-2287,354,-2287
alpha 0.005,1,355,-7,-2294,355,-2294
alpha 0.005,1,356,-7,-2301,356,-2301
alpha 0.005,1,357,-7,-2308,357,-2308
alpha 0.005,1,358,-7,-2315,358,-2315
alpha 0.005,1,359,-7,-2322,359,-2322
alpha 0.005,1,360,-7,-2329,360,-2329
alpha 0.005,1,361,-8,-2337,361,-2337
alpha 0.005,1,362,-8,-2345,362,-2345
alpha 0.005,1,363,-8,-2353,363,-2353
alpha 0.005,1,364,-7,-2360,364,-2360
alpha 0.005,1,365,-7,-2367,365,-2367
alpha 0.005,1,366,-7,-2374,366,-2374
alpha 0.005,1,367,-7,-2381,367,-2381
alpha 0.005,1,368,-7,-2388,368,-2388
alpha 0.005,1,369,-7,-2395,369,-2395
alpha 0.005,1,370,-8,-2403,370,-2403
alpha 0.005,1,371,-7,-2410,371,-2410
alpha 0.005,1,372,-7,-2417,372,-2417
alpha 0.005,1,373,-7,-2424,373,-2424
alpha 0.005,1,374,-7,-2431,374,-2431
alpha 0.005,1,375,-7,-2438,375,-2438
alpha 0.005,1,376,-7,-2445,376,-2445
alpha 0.005,1,377,-7,-2452,377,-2452
alpha 0.005,1,378,-7,-2459,378,-2459
alpha 0.005,1,379,-7,-2466,379,-2466
alpha 0.005,1,380,-7,-2473,380,-2473
alpha 0.005,1,381,-7,-2480,381,-2480
alpha 0.005,1,382,-7,-2487,382,-2487
alpha 0.005,1,383,-7,-2494,383,-2494
alpha 0.005,1,384,-7,-2501,384,-2501
alpha 0.005,1,385,-7,-2508,385,-2508
alpha 0.005,1,386,-7,-2515,386,-2515
alpha 0.005,1,387,-7,-2522,387,-2522
alpha 0.005,1,388,-7,-2529,388,-2529
alpha 0.005,1,389,-7,-2536,389,-2536
alpha 0.005,1,390,-7,-2543,390,-2543
alpha 0.005,1,391,-7,-2550,391,-2550
alpha 0.005,1,392,-7,-2557,392,-2557
alpha 0.005,1,393,-7,-2564,393,-2564
alpha 0.005,1,394,-7,-2571,394,-2571
alpha 0.005,1,395,-7,-2578,395,-2578
alpha 0.005,1,396,-7,-2585,396,-2585
alpha 0.005,1,397,-7,-2592,397,-2592
alpha 0.005,1,398,-7,-2599,398,-2599
alpha 0.005,1,399,-7,-2606,399,-2606
alpha 0.005,1,400,-6,-2612,400,-2612
alpha 0.005,1,401,-6,-2618,401,-2618
alpha 0.005,1,402,-6,-2624,402,-2624
alpha 0.005,1,403,-6,-2630,403,-2630
alpha 0.005,1,404,-6,-2636,404,-2636
alpha 0.005,1,405,-6,-2642,405,-2642
alpha 0.005,1,406,-6,-2648,406,-2648
alpha 0.005,1,407,-5,-2653,407,-2653
alpha 0.005,1,408,-5,-2658,408,-2658
alpha 0.005,1,409,-5,-2663,409,-2663
alpha 0.005,1,410,-5,-2668,410,-2668
alpha 0.005,1,411,-5,-2673,411,-2673
alpha 0.005,1,412,-5,-2678,412,-2678
alpha 0.005,1,413,-5,-2683,413,-2683
alpha 0.005,1,414,-5,-2688,414,-2688
alpha 0.005,1,415,-5,-2693,415,-2693
alpha 0.005,1,416,-5,-2698,416,-2698
alpha 0.005,1,417,-5,-2703,417,-2703
alpha 0.005,1,418,-5,-2708,418,-2708
alpha 0.005,1,419,-5,-2713,419,-2713
alpha 0.005,1,420,-5,-2718,420,-2718
alpha 0.005,1,421,-5,-2723,421,-2723
alpha 0.005,1,422,-5,-2728,422,-2728
alpha 0.005,1,423,-5,-2733,423,-2733
alpha 0.005,1,424,-5,-2738,424,-2738
alpha 0.005,1,425,-5,-2743,425,-2743
alpha 0.005,1,426,-5,-2748,426,-2748
alpha 0.005,1,427,-5,-2753,427,-2753
alpha 0.005,1,428,-5,-2758,428,-2758
alpha 0.005,1,429,-5,-2763,429,-2763
alpha 0.005,1,430,-5,-2768,430,-2768
alpha 0.005,1,431,-5,-2773,431,-2773
alpha 0.005,1,432,-5,-2778,432,-2778
alpha 0.005,1,433,-5,-2783,433,-2783
alpha 0.005,1,434,-5,-2788,434,-2788
alpha 0.005,1,435,-5,-2793,435,-2793
alpha 0.005,1,436,-6,-2799,436,-2799
alpha 0.005,1,437,-6,-2805,437,-2805
alpha 0.005,1,438,-6,-2811,438,-2811
alpha 0.005,1,439,-6,-2817,439,-2817
alpha 0.005,1,440,-6,-2823,440,-2823
alpha 0.005,1,441,-6,-2829,441,-2829
alpha 0.005,1,442,-7,-2836,442,-2836
alpha 0.005,1,443,-7,-2843,443,-2843
alpha 0.005,1,444,-7,-2850,444,-2850
alpha 0.005,1,445,-7,-2857,445,-2857
alpha 0.005,1,446,-7,-2864,446,-2864
alpha 0.005,1,447,-7,-2871,447,-2871
alpha 0.005,1,448,-7,-2878,448,-2878
alpha 0.005,1,449,-7,-2885,449,-2885
alpha 0.005,1,450,-7,-2892,450,-2892
alpha 0.005,1,451,-7,-2899,451,-2899
alpha 0.005,1,452,-7,-2906,452,-2906
alpha 0.005,1,453,-7,-2913,453,-2913
alpha 0.005,1,454,-7,-2920,454,-2920
alpha 0.005,1,455,-7,-2927,455,-2927
alpha 0.005,1,456,-7,-2934,456,-2934
alpha 0.005,1,457,-7,-2941,457,-2941
alpha 0.005,1,458,-7,-2948,458,-2948
alpha 0.005,1,459,-7,-2955,459,-2955
alpha 0.005,1,460,-7,-2962,460,-2962
alpha 0.005,1,461,-7,-2969,461,-2969
alpha 0.005,1,462,-7,-2976,462,-2976
alpha 0.005,1,463,-7,-2983,463,-2983
alpha 0.005,1,464,-7,-2990,464,-2990
alpha 0.005,1,465,-7,-2997,465,-2997
alpha 0.005,1,466,-7,-3004,466,-3004
alpha 0.005,1,467,-7,-3011,467,-3011
alpha 0.005,1,468,-7,-3018,468,-3018
alpha 0.005,1,469,-7,-3025,469,-3025
alpha 0.005,1,470,-7,-3032,470,-3032
alpha 0.005,1,471,-7,-3039,471,-3039
alpha 0.005,1,472,-7,-3046,472,-3046
alpha 0.005,1,473,-7,-3053,473,-3053
alpha 0.005,1,474,-7,-3060,474,-3060
alpha 0.005,1,475,-7,-3067,475,-3067
alpha 0.005,1,476,-7,-3074,476,-3074
alpha 0.005,1,477,-8,-3082,477,-3082
alpha 0.005,1,478,-7,-3089,478,-3089
alpha 0.005,1,479,-7,-3096,479,-3096
alpha 0.005,1,480,-7,-3103,480,-3103
alpha 0.005,1,481,-7,-3110,481,-3110
alpha 0.005,1,482,-7,-3117,482,-3117
alpha 0.005,1,483,-7,-3124,483,-3124
alpha 0.005,1,484,-7,-3131,484,-3131
alpha 0.005,1,485,-7,-3138,485,-3138
alpha 0.005,1,486,-7,-3145,486,-3145
alpha 0.005,1,487,-7,-3152,487,-3152
alpha 0.005,1,488,-7,-3159,488,-3159
alpha 0.005,1,489,-7,-3166,489,-3166
alpha 0.005,1,490,-7,-3173,490,-3173
alpha 0.005,1,491,-7,-3180,491,-3180
alpha 0.005,1,492,-7,-3187,492,-3187
alpha 0.005,1,493,-7,-3194,493,-3194
alpha 0.005,1,494,-7,-3201,494,-3201
alpha 0.005,1,495,-7,-3208,495,-3208
alpha 0.005,1,496,-7,-3215,496,-3215
alpha 0.005,1,497,-7,-3222,497,-3222
alpha 0.005,1,498,-7,-3229,498,-3229
alpha 0.005,1,499,-7,-3236,499,-3236
alpha 0.005,1,500,-7,-3243,500,-3243
alpha 0.005,2,1,4,4,501,-3239
alpha 0.005,2,2,-1,3,502,-3240
alpha 0.005,2,3,-6,-3,503,-3246
alpha 0.005,2,4,-10,-13,504,-3256
alpha 0.005,2,5,-7,-20,505,-3263
alpha 0.005,2,6,-7,-27,506,-3270
alpha 0.005,2,7,-8,-35,507,-3278
alpha 0.005,2,8,-7,-42,508,-3285
alpha 0.005,2,9,-6,-48,509,-3291
alpha 0.005,2,10,-5,-53,510,-3296
alpha 0.005,2,11,-5,-58,511,-3301
alpha 0.005,2,12,-6,-64,512,-3307
alpha 0.005,2,13,-6,-70,513,-3313
alpha 0.005,2,14,-7,-77,514,-3320
alpha 0.005,2,15,-7,-84,515,-3327
alpha 0.005,2,16,-7,-91,516,-3334
alpha 0.005,2,17,-7,-98,517,-3341
alpha 0.005,2,18,-7,-105,518,-3348
alpha 0.005,2,19,-7,-112,519,-3355
alpha 0.005,2,20,-7,-119,520,-3362
alpha 0.005,2,21,-7,-126,521,-3369
alpha 0.005,2,22,-7,-133,522,-3376
alpha 0.005,2,23,-8,-141,523,-3384
alpha 0.005,2,24,-8,-149,524,-3392
alpha 0.005,2,25,-8,-157,525,-3400
alpha 0.005,2,26,-8,-165,526,-3408
alpha 0.005,2,27,-8,-173,527,-3416
alpha 0.005,2,28,-8,-181,528,-3424
alpha 0.005,2,29,-10,-191,529,-3434
alpha 0.005,2,30,-10,-201,530,-3444
alpha 0.005,2,31,-10,-211,531,-3454
alpha 0.005,2,32,-10,-221,532,-3464
alpha 0.005,2,33,-10,-231,533,-3474
alpha 0.005,2,34,-10,-241,534,-3484
alpha 0.005,2,35,-10,-251,535,-3494
alpha 0.005,2,36,-10,-261,536,-3504
alpha 0.005,2,37,-10,-271,537,-3514
alpha 0.005,2,38,-10,-281,538,-3524
alpha 0.005,2,39,-10,-291,539,-3534
alpha 0.005,2,40,-10,-301,540,-3544
alpha 0.005,2,41,-10,-311,541,-3554
alpha 0.005,2,42,-10,-321,542,-3564
alpha 0.005,2,43,-10,-331,543,-3574
alpha 0.005,2,44,-10,-341,544,-3584
alpha 0.005,2,45,-10,-351,545,-3594
alpha 0.005,2,46,-10,-361,546,-3604
alpha 0.005,2,47,-10,-371,547,-3614
alpha 0.005,2,48,-10,-381,548,-3624
alpha 0.005,2,49,-10,-391,549,-3634
alpha 0.005,2,50,-10,-401,550,-3644
alpha 0.005,2,51,-10,-411,551,-3654
alpha 0.005,2,52,-10,-421,552,-3664
alpha 0.005,2,53,-10,-431,553,-3674
alpha 0.005,2,54,-10,-441,554,-3684
alpha 0.005,2,55,-10,-451,555,-3694
alpha 0.005,2,56,-10,-461,556,-3704
alpha 0.005,2,57,-8,-469,557,-3712
alpha 0.005,2,58,-6,-475,558,-3718
alpha 0.005,2,59,-5,-480,559,-3723
alpha 0.005,2,60,-5,-485,560,-3728
alpha 0.005,2,61,-5,-490,561,-3733
alpha 0.005,2,62,-3,-493,562,-3736
alpha 0.005,2,63,-2,-495,563,-3738
alpha 0.005,2,64,-2,-497,564,-3740
alpha 0.005,2,65,-2,-499,565,-3742
alpha 0.005,2,66,2,-497,566,-3740
alpha 0.005,2,67,1,-496,567,-3739
alpha 0.005,2,68,2,-494,568,-3737
alpha 0.005,2,69,1,-493,569,-3736
alpha 0.005,2,70,-3,-496,570,-3739
alpha 0.005,2,71,-4,-500,571,-3743
alpha 0.005,2,72,-3,-503,572,-3746
alpha 0.005,2,73,-3,-506,573,-3749
alpha 0.005,2,74,-3,-509,574,-3752
alpha 0.005,2,75,-4,-513,575,-3756
alpha 0.005,2,76,-4,-517,576,-3760
alpha 0.005,2,77,-4,-521,577,-3764
alpha 0.005,2,78,-4,-525,578,-3768
alpha 0.005,2,79,-4,-529,579,-3772
alpha 0.005,2,80,-4,-533,580,-3776
alpha 0.005,2,81,-4,-537,581,-3780
alpha 0.005,2,82,-4,-541,582,-3784
alpha 0.005,2,83,-4,-545,583,-3788
alpha 0.005,2,84,-4,-549,584,-3792
alpha 0.005,2,85,-4,-553,585,-3796
alpha 0.005,2,86,-4,-557,586,-3800
alpha 0.005,2,87,-6,-563,587,-3806
alpha 0.005,2,88,-5,-568,588,-3811
alpha 0.005,2,89,-5,-573,589,-3816
alpha 0.005,2,90,-5,-578,590,-3821
alpha 0.005,2,91,-5,-583,591,-3826
alpha 0.005,2,92,-6,-589,592,-3832
alpha 0.005,2,93,-6,-595,593,-3838
alpha 0.005,2,94,-6,-601,594,-3844
alpha 0.005,2,95,-6,-607,595,-3850
alpha 0.005,2,96,-8,-615,596,-3858
alpha 0.005,2,97,-7,-622,597,-3865
alpha 0.005,2,98,-7,-629,598,-3872
alpha 0.005,2,99,-7,-636,599,-3879
alpha 0.005,2,100,-7,-643,600,-3886
alpha 0.005,2,101,-7,-650,601,-3893
alpha 0.005,2,102,-7,-657,602,-3900
alpha 0.005,2,103,-7,-664,603,-3907
alpha 0.005,2,104,-7,-671,604,-3914
alpha 0.005,2,105,-7,-678,605,-3921
alpha 0.005,2,106,-7,-685,606,-3928
alpha 0.005,2,107,-7,-692,607,-3935
alpha 0.005,2,108,-7,-699,608,-3942
alpha 0.005,2,109,-7,-706,609,-3949
alpha 0.005,2,110,-7,-713,610,-3956
alpha 0.005,2,111,-7,-720,611,-3963
alpha 0.005,2,112,-7,-727,612,-3970
alpha 0.005,2,113,-8,-735,613,-3978
alpha 0.005,2,114,-8,-743,614,-3986
alpha 0.005,2,115,-8,-751,615,-3994
alpha 0.005,2,116,-8,-759,616,-4002
alpha 0.005,2,117,-8,-767,617,-4010
alpha 0.005,2,118,-8,-775,618,-4018
alpha 0.005,2,119,-8,-783,619,-4026
alpha 0.005,2,120,-8,-791,620,-4034
alpha 0.005,2,121,-8,-799,621,-4042
alpha 0.005,2,122,-8,-807,622,-4050
alpha 0.005,2,123,-10,-817,623,-4060
alpha 0.005,2,124,-10,-827,624,-4070
alpha 0.005,2,125,-10,-837,625,-4080
alpha 0.005,2,126,-10,-847,626,-4090
alpha 0.005,2,127,-10,-857,627,-4100
alpha 0.005,2,128,-10,-867,628,-4110
alpha 0.005,2,129,-10,-877,629,-4120
alpha 0.005,2,130,-10,-887,630,-4130
alpha 0.005,2,131,-10,-897,631,-4140
alpha 0.005,2,132,-10,-907,632,-4150
alpha 0.005,2,133,-10,-917,633,-4160
alpha 0.005,2,134,-10,-927,634,-4170
alpha 0.005,2,135,-10,-937,635,-4180
alpha 0.005,2,136,-10,-947,636,-4190
alpha 0.005,2,137,-10,-957,637,-4200
alpha 0.005,2,138,-10,-967,638,-4210
alpha 0.005,2,139,-10,-977,639,-4220
alpha 0.005,2,140,-10,-987,640,-4230
alpha 0.005,2,141,-10,-997,641,-4240
alpha 0.005,2,142,-10,-1007,642,-4250
alpha 0.005,2,143,-10,-1017,643,-4260
alpha 0.005,2,144,-10,-1027,644,-4270
alpha 0.005,2,145,-10,-1037,645,-4280
alpha 0.005,2,146,-10,-1047,646,-4290
alpha 0.005,2,147,-10,-1057,647,-4300
alpha 0.005,2,148,-10,-1067,648,-4310
alpha 0.005,2,149,-10,-1077,649,-4320
alpha 0.005,2,150,-10,-1087,650,-4330
alpha 0.005,2,151,-10,-1097,651,-4340
alpha 0.005,2,152,-10,-1107,652,-4350
alpha 0.005,2,153,-10,-1117,653,-4360
alpha 0.005,2,154,-10,-1127,654,-4370
alpha 0.005,2,155,-10,-1137,655,-4380
alpha 0.005,2,156,-10,-1147,656,-4390
alpha 0.005,2,157,-10,-1157,657,-4400
alpha 0.005,2,158,-10,-1167,658,-4410
alpha 0.005,2,159,-10,-1177,659,-4420
alpha 0.005,2,160,-10,-1187,660,-4430
alpha 0.005,2,161,-10,-1197,661,-4440
alpha 0.005,2,162,-10,-1207,662,-4450
alpha 0.005,2,163,-10,-1217,663,-4460
alpha 0.005,2,164,-10,-1227,664,-4470
alpha 0.005,2,165,-10,-1237,665,-4480
alpha 0.005,2,166,-10,-1247,666,-4490
alpha 0.005,2,167,-10,-1257,667,-4500
alpha 0.005,2,168,-10,-1267,668,-4510
alpha 0.005,2,169,-10,-1277,669,-4520
alpha 0.005,2,170,-10,-1287,670,-4530
alpha 0.005,2,171,-8,-1295,671,-4538
alpha 0.005,2,172,-8,-1303,672,-4546
alpha 0.005,2,173,-8,-1311,673,-4554
alpha 0.005,2,174,-8,-1319,674,-4562
alpha 0.005,2,175,-8,-1327,675,-4570
alpha 0.005,2,176,-8,-1335,676,-4578
alpha 0.005,2,177,-7,-1342,677,-4585
alpha 0.005,2,178,-7,-1349,678,-4592
alpha 0.005,2,179,-7,-1356,679,-4599
alpha 0.005,2,180,-7,-1363,680,-4606
alpha 0.005,2,181,-7,-1370,681,-4613
alpha 0.005,2,182,-7,-1377,682,-4620
alpha 0.005,2,183,-7,-1384,683,-4627
alpha 0.005,2,184,-7,-1391,684,-4634
alpha 0.005,2,185,-6,-1397,685,-4640
alpha 0.005,2,186,-6,-1403,686,-4646
alpha 0.005,2,187,-5,-1408,687,-4651
alpha 0.005,2,188,-5,-1413,688,-4656
alpha 0.005,2,189,-5,-1418,689,-4661
alpha 0.005,2,190,-5,-1423,690,-4666
alpha 0.005,2,191,-5,-1428,691,-4671
alpha 0.005,2,192,-5,-1433,692,-4676
alpha 0.005,2,193,-5,-1438,693,-4681
alpha 0.005,2,194,-5,-1443,694,-4686
alpha 0.005,2,195,-5,-1448,695,-4691
alpha 0.005,2,196,-6,-1454,696,-4697
alpha 0.005,2,197,-6,-1460,697,-4703
alpha 0.005,2,198,-6,-1466,698,-4709
alpha 0.005,2,199,-7,-1473,699,-4716
alpha 0.005,2,200,-7,-1480,700,-4723
alpha 0.005,2,201,-7,-1487,701,-4730
alpha 0.005,2,202,-7,-1494,702,-4737
alpha 0.005,2,203,-7,-1501,703,-4744
alpha 0.005,2,204,-7,-1508,704,-4751
alpha 0.005,2,205,-7,-1515,705,-4758
alpha 0.005,2,206,-7,-1522,706,-4765
alpha 0.005,2,207,-8,-1530,707,-4773
alpha 0.005,2,208,-8,-1538,708,-4781
alpha 0.005,2,209,-8,-1546,709,-4789
alpha 0.005,2,210,-8,-1554,710,-4797
alpha 0.005,2,211,-8,-1562,711,-4805
alpha 0.005,2,212,-8,-1570,712,-4813
alpha 0.005,2,213,-8,-1578,713,-4821
alpha 0.005,2,214,-10,-1588,714,-4831
alpha 0.005,2,215,-10,-1598,715,-4841
alpha 0.005,2,216,-10,-1608,716,-4851
alpha 0.005,2,217,-10,-1618,717,-4861
alpha 0.005,2,218,-10,-1628,718,-4871
alpha 0.005,2,219,-10,-1638,719,-4881
alpha 0.005,2,220,-10,-1648,720,-4891
alpha 0.005,2,221,-10,-1658,721,-4901
alpha 0.005,2,222,-10,-1668,722,-4911
alpha 0.005,2,223,-10,-1678,723,-4921
alpha 0.005,2,224,-10,-1688,724,-4931
alpha 0.005,2,225,-10,-1698,725,-4941
alpha 0.005,2,226,-10,-1708,726,-4951
alpha 0.005,2,227,-10,-1718,727,-4961
alpha 0.005,2,228,-10,-1728,728,-4971
alpha 0.005,2,229,-10,-1738,729,-4981
alpha 0.005,2,230,-10,-1748,730,-4991
alpha 0.005,2,231,-10,-1758,731,-5001
alpha 0.005,2,232,-10,-1768,732,-5011
alpha 0.005,2,233,-10,-1778,733,-5021
alpha 0.005,2,234,-10,-1788,734,-5031
alpha 0.005,2,235,-10,-1798,735,-5041
alpha 0.005,2,236,-10,-1808,736,-5051
alpha 0.005,2,237,-10,-1818,737,-5061
alpha 0.005,2,238,-10,-1828,738,-5071
alpha 0.005,2,239,-10,-1838,739,-5081
alpha 0.005,2,240,-10,-1848,740,-5091
alpha 0.005,2,241,-10,-1858,741,-5101
alpha 0.005,2,242,-10,-1868,742,-5111
alpha 0.005,2,243,-10,-1878,743,-5121
alpha 0.005,2,244,-10,-1888,744,-5131
alpha 0.005,2,245,-10,-1898,745,-5141
alpha 0.005,2,246,-10,-1908,746,-5151
alpha 0.005,2,247,-10,-1918,747,-5161
alpha 0.005,2,248,-10,-1928,748,-5171
alpha 0.005,2,249,-10,-1938,749,-5181
alpha 0.005,2,250,-10,-1948,750,-5191
alpha 0.005,2,251,-10,-1958,751,-5201
alpha 0.005,2,252,-10,-1968,752,-5211
alpha 0.005,2,253,-10,-1978,753,-5221
alpha 0.005,2,254,-10,-1988,754,-5231
alpha 0.005,2,255,-10,-1998,755,-5241
alpha 0.005,2,256,-7,-2005,756,-5248
alpha 0.005,2,257,-7,-2012,757,-5255
alpha 0.005,2,258,-7,-2019,758,-5262
alpha 0.005,2,259,-7,-2026,759,-5269
alpha 0.005,2,260,-7,-2033,760,-5276
alpha 0.005,2,261,-7,-2040,761,-5283
alpha 0.005,2,262,-7,-2047,762,-5290
alpha 0.005,2,263,-7,-2054,763,-5297
alpha 0.005,2,264,-7,-2061,764,-5304
alpha 0.005,2,265,-7,-2068,765,-5311
alpha 0.005,2,266,-7,-2075,766,-5318
alpha 0.005,2,267,-7,-2082,767,-5325
alpha 0.005,2,268,-7,-2089,768,-5332
alpha 0.005,2,269,-7,-2096,769,-5339
alpha 0.005,2,270,-7,-2103,770,-5346
alpha 0.005,2,271,-7,-2110,771,-5353
alpha 0.005,2,272,-7,-2117,772,-5360
alpha 0.005,2,273,-5,-2122,773,-5365
alpha 0.005,2,274,-5,-2127,774,-5370
alpha 0.005,2,275,-5,-2132,775,-5375
alpha 0.005,2,276,-4,-2136,776,-5379
alpha 0.005,2,277,-4,-2140,777,-5383
alpha 0.005,2,278,-4,-2144,778,-5387
alpha 0.005,2,279,-4,-2148,779,-5391
alpha 0.005,2,280,-4,-2152,780,-5395
alpha 0.005,2,281,-4,-2156,781,-5399
alpha 0.005,2,282,-4,-2160,782,-5403
alpha 0.005,2,283,-4,-2164,783,-5407
alpha 0.005,2,284,-4,-2168,784,-5411
alpha 0.005,2,285,-4,-2172,785,-5415
alpha 0.005,2,286,-4,-2176,786,-5419
alpha 0.005,2,287,-4,-2180,787,-5423
alpha 0.005,2,288,-4,-2184,788,-5427
alpha 0.005,2,289,-4,-2188,789,-5431
alpha 0.005,2,290,-4,-2192,790,-5435
alpha 0.005,2,291,-4,-2196,791,-5439
alpha 0.005,2,292,-4,-2200,792,-5443
alpha 0.005,2,293,-4,-2204,793,-5447
alpha 0.005,2,294,-4,-2208,794,-5451
alpha 0.005,2,295,-3,-2211,795,-5454
alpha 0.005,2,296,-2,-2213,796,-5456
alpha 0.005,2,297,-2,-2215,797,-5458
alpha 0.005,2,298,-1,-2216,798,-5459
alpha 0.005,2,299,-2,-2218,799,-5461
alpha 0.005,2,300,-1,-2219,800,-5462
alpha 0.005,2,301,1,-2218,801,-5461
alpha 0.005,2,302,1,-2217,802,-5460
alpha 0.005,2,303,1,-2216,803,-5459
alpha 0.005,2,304,1,-2215,804,-5458
alpha 0.005,2,305,1,-2214,805,-5457
alpha 0.005,2,306,1,-2213,806,-5456
alpha 0.005,2,307,1,-2212,807,-5455
alpha 0.005,2,308,-1,-2213,808,-5456
alpha 0.005,2,309,-2,-2215,809,-5458
alpha 0.005,2,310,-2,-2217,810,-5460
alpha 0.005,2,311,-2,-2219,811,-5462
alpha 0.005,2,312,-2,-2221,812,-5464
alpha 0.005,2,313,-3,-2224,813,-5467
alpha 0.005,2,314,-3,-2227,814,-5470
alpha 0.005,2,315,-2,-2229,815,-5472
alpha 0.005,2,316,-2,-2231,816,-5474
alpha 0.005,2,317,-2,-2233,817,-5476
alpha 0.005,2,318,-2,-2235,818,-5478
alpha 0.005,2,319,-2,-2237,819,-5480
alpha 0.005,2,320,-2,-2239,820,-5482
alpha 0.005,2,321,-2,-2241,821,-5484
alpha 0.005,2,322,-2,-2243,822,-5486
alpha 0.005,2,323,-3,-2246,823,-5489
alpha 0.005,2,324,-4,-2250,824,-5493
alpha 0.005,2,325,-4,-2254,825,-5497
alpha 0.005,2,326,-4,-2258,826,-5501
alpha 0.005,2,327,-4,-2262,827,-5505
alpha 0.005,2,328,-5,-2267,828,-5510
alpha 0.005,2,329,-5,-2272,829,-5515
alpha 0.005,2,330,-5,-2277,830,-5520
alpha 0.005,2,331,-5,-2282,831,-5525
alpha 0.005,2,332,-5,-2287,832,-5530
alpha 0.005,2,333,-5,-2292,833,-5535
alpha 0.005,2,334,-5,-2297,834,-5540
alpha 0.005,2,335,-5,-2302,835,-5545
alpha 0.005,2,336,-5,-2307,836,-5550
alpha 0.005,2,337,-6,-2313,837,-5556
alpha 0.005,2,338,-6,-2319,838,-5562
alpha 0.005,2,339,-6,-2325,839,-5568
alpha 0.005,2,340,-6,-2331,840,-5574
alpha 0.005,2,341,-6,-2337,841,-5580
alpha 0.005,2,342,-6,-2343,842,-5586
alpha 0.005,2,343,-6,-2349,843,-5592
alpha 0.005,2,344,-6,-2355,844,-5598
alpha 0.005,2,345,-6,-2361,845,-5604
alpha 0.005,2,346,-6,-2367,846,-5610
alpha 0.005,2,347,-6,-2373,847,-5616
alpha 0.005,2,348,-6,-2379,848,-5622
alpha 0.005,2,349,-6,-2385,849,-5628
alpha 0.005,2,350,-8,-2393,850,-5636
alpha 0.005,2,351,-8,-2401,851,-5644
alpha 0.005,2,352,-8,-2409,852,-5652
alpha 0.005,2,353,-8,-2417,853,-5660
alpha 0.005,2,354,-8,-2425,854,-5668
alpha 0.005,2,355,-8,-2433,855,-5676
alpha 0.005,2,356,-8,-2441,856,-5684
alpha 0.005,2,357,-8,-2449,857,-5692
alpha 0.005,2,358,-8,-2457,858,-5700
alpha 0.005,2,359,-8,-2465,859,-5708
alpha 0.005,2,360,-10,-2475,860,-5718
alpha 0.005,2,361,-10,-2485,861,-5728
alpha 0.005,2,362,-10,-2495,862,-5738
alpha 0.005,2,363,-10,-2505,863,-5748
alpha 0.005,2,364,-10,-2515,864,-5758
alpha 0.005,2,365,-10,-2525,865,-5768
alpha 0.005,2,366,-10,-2535,866,-5778
alpha 0.005,2,367,-10,-2545,867,-5788
alpha 0.005,2,368,-10,-2555,868,-5798
alpha 0.005,2,369,-10,-2565,869,-5808
alpha 0.005,2,370,-10,-2575,870,-5818
alpha 0.005,2,371,-10,-2585,871,-5828
alpha 0.005,2,372,-10,-2595,872,-5838
alpha 0.005,2,373,-10,-2605,873,-5848
alpha 0.005,2,374,-10,-2615,874,-5858
alpha 0.005,2,375,-10,-2625,875,-5868
alpha 0.005,2,376,-10,-2635,876,-5878
alpha 0.005,2,377,-10,-2645,877,-5888
alpha 0.005,2,378,-10,-2655,878,-5898
alpha 0.005,2,379,-10,-2665,879,-5908
alpha 0.005,2,380,-10,-2675,880,-5918
alpha 0.005,2,381,-10,-2685,881,-5928
alpha 0.005,2,382,-10,-2695,882,-5938
alpha 0.005,2,383,-10,-2705,883,-5948
alpha 0.005,2,384,-10,-2715,884,-5958
alpha 0.005,2,385,-10,-2725,885,-5968
alpha 0.005,2,386,-10,-2735,886,-5978
alpha 0.005,2,387,-10,-2745,887,-5988
alpha 0.005,2,388,-10,-2755,888,-5998
alpha 0.005,2,389,-10,-2765,889,-6008
alpha 0.005,2,390,-10,-2775,890,-6018
alpha 0.005,2,391,-10,-2785,891,-6028
alpha 0.005,2,392,-10,-2795,892,-6038
alpha 0.005,2,393,-10,-2805,893,-6048
alpha 0.005,2,394,-10,-2815,894,-6058
alpha 0.005,2,395,-10,-2825,895,-6068
alpha 0.005,2,396,-10,-2835,896,-6078
alpha 0.005,2,397,-10,-2845,897,-6088
alpha 0.005,2,398,-10,-2855,898,-6098
alpha 0.005,2,399,-10,-2865,899,-6108
alpha 0.005,2,400,-10,-2875,900,-6118
alpha 0.005,2,401,-10,-2885,901,-6128
alpha 0.005,2,402,-10,-2895,902,-6138
alpha 0.005,2,403,-10,-2905,903,-6148
alpha 0.005,2,404,-10,-2915,904,-6158
alpha 0.005,2,405,-10,-2925,905,-6168
alpha 0.005,2,406,-10,-2935,906,-6178
alpha 0.005,2,407,-10,-2945,907,-6188
alpha 0.005,2,408,-10,-2955,908,-6198
alpha 0.005,2,409,-10,-2965,909,-6208
alpha 0.005,2,410,-10,-2975,910,-6218
alpha 0.005,2,411,-10,-2985,911,-6228
alpha 0.005,2,412,-10,-2995,912,-6238
alpha 0.005,2,413,-10,-3005,913,-6248
alpha 0.005,2,414,-8,-3013,914,-6256
alpha 0.005,2,415,-8,-3021,915,-6264
alpha 0.005,2,416,-8,-3029,916,-6272
alpha 0.005,2,417,-8,-3037,917,-6280
alpha 0.005,2,418,-8,-3045,918,-6288
alpha 0.005,2,419,-8,-3053,919,-6296
alpha 0.005,2,420,-8,-3061,920,-6304
alpha 0.005,2,421,-7,-3068,921,-6311
alpha 0.005,2,422,-7,-3075,922,-6318
alpha 0.005,2,423,-7,-3082,923,-6325
alpha 0.005,2,424,-7,-3089,924,-6332
alpha 0.005,2,425,-7,-3096,925,-6339
alpha 0.005,2,426,-7,-3103,926,-6346
alpha 0.005,2,427,-7,-3110,927,-6353
alpha 0.005,2,428,-7,-3117,928,-6360
alpha 0.005,2,429,-6,-3123,929,-6366
alpha 0.005,2,430,-6,-3129,930,-6372
alpha 0.005,2,431,-6,-3135,931,-6378
alpha 0.005,2,432,-5,-3140,932,-6383
alpha 0.005,2,433,-5,-3145,933,-6388
alpha 0.005,2,434,-5,-3150,934,-6393
alpha 0.005,2,435,-5,-3155,935,-6398
alpha 0.005,2,436,-5,-3160,936,-6403
alpha 0.005,2,437,-5,-3165,937,-6408
alpha 0.005,2,438,-5,-3170,938,-6413
alpha 0.005,2,439,-5,-3175,939,-6418
alpha 0.005,2,440,-5,-3180,940,-6423
alpha 0.005,2,441,-5,-3185,941,-6428
alpha 0.005,2,442,-6,-3191,942,-6434
alpha 0.005,2,443,-6,-3197,943,-6440
alpha 0.005,2,444,-6,-3203,944,-6446
alpha 0.005,2,445,-7,-3210,945,-6453
alpha 0.005,2,446,-7,-3217,946,-6460
alpha 0.005,2,447,-7,-3224,947,-6467
alpha 0.005,2,448,-7,-3231,948,-6474
alpha 0.005,2,449,-7,-3238,949,-6481
alpha 0.005,2,450,-7,-3245,950,-6488
alpha 0.005,2,451,-7,-3252,951,-6495
alpha 0.005,2,452,-7,-3259,952,-6502
alpha 0.005,2,453,-7,-3266,953,-6509
alpha 0.005,2,454,-7,-3273,954,-6516
alpha 0.005,2,455,-8,-3281,955,-6524
alpha 0.005,2,456,-8,-3289,956,-6532
alpha 0.005,2,457,-8,-3297,957,-6540
alpha 0.005,2,458,-8,-3305,958,-6548
alpha 0.005,2,459,-8,-3313,959,-6556
alpha 0.005,2,460,-8,-3321,960,-6564
alpha 0.005,2,461,-8,-3329,961,-6572
alpha 0.005,2,462,-8,-3337,962,-6580
alpha 0.005,2,463,-8,-3345,963,-6588
alpha 0.005,2,464,-8,-3353,964,-6596
alpha 0.005,2,465,-8,-3361,965,-6604
alpha 0.005,2,466,-8,-3369,966,-6612
alpha 0.005,2,467,-10,-3379,967,-6622
alpha 0.005,2,468,-10,-3389,968,-6632
alpha 0.005,2,469,-10,-3399,969,-6642
alpha 0.005,2,470,-10,-3409,970,-6652
alpha 0.005,2,471,-10,-3419,971,-6662
alpha 0.005,2,472,-10,-3429,972,-6672
alpha 0.005,2,473,-10,-3439,973,-6682
alpha 0.005,2,474,-10,-3449,974,-6692
alpha 0.005,2,475,-10,-3459,975,-6702
alpha 0.005,2,476,-10,-3469,976,-6712
alpha 0.005,2,477,-10,-3479,977,-6722
alpha 0.005,2,478,-10,-3489,978,-6732
alpha 0.005,2,479,-10,-3499,979,-6742
alpha 0.005,2,480,-10,-3509,980,-6752
alpha 0.005,2,481,-10,-3519,981,-6762
alpha 0.005,2,482,-10,-3529,982,-6772
alpha 0.005,2,483,-10,-3539,983,-6782
alpha 0.005,2,484,-10,-3549,984,-6792
alpha 0.005,2,485,-10,-3559,985,-6802
alpha 0.005,2,486,-10,-3569,986,-6812
alpha 0.005,2,487,-10,-3579,987,-6822
alpha 0.005,2,488,-10,-3589,988,-6832
alpha 0.005,2,489,-10,-3599,989,-6842
alpha 0.005,2,490,-10,-3609,990,-6852
alpha 0.005,2,491,-10,-3619,991,-6862
alpha 0.005,2,492,-10,-3629,992,-6872
alpha 0.005,2,493,-10,-3639,993,-6882
alpha 0.005,2,494,-10,-3649,994,-6892
alpha 0.005,2,495,-10,-3659,995,-6902
alpha 0.005,2,496,-10,-3669,996,-6912
alpha 0.005,2,497,-10,-3679,997,-6922
alpha 0.005,2,498,-10,-3689,998,-6932
alpha 0.005,2,499,-10,-3699,999,-6942
alpha 0.005,2,500,-10,-3709,1000,-6952
alpha 0.005,3,1,2,2,1001,-6950
alpha 0.005,3,2,-1,1,1002,-6951
alpha 0.005,3,3,-6,-5,1003,-6957
alpha 0.005,3,4,-8,-13,1004,-6965
alpha 0.005,3,5,-10,-23,1005,-6975
alpha 0.005,3,6,-10,-33,1006,-6985
alpha 0.005,3,7,-10,-43,1007,-6995
alpha 0.005,3,8,-10,-53,1008,-7005
alpha 0.005,3,9,-10,-63,1009,-7015
alpha 0.005,3,10,-10,-73,1010,-7025
alpha 0.005,3,11,-10,-83,1011,-7035
alpha 0.005,3,12,-10,-93,1012,-7045
alpha 0.005,3,13,-10,-103,1013,-7055
alpha 0.005,3,14,-10,-113,1014,-7065
alpha 0.005,3,15,-10,-123,1015,-7075
alpha 0.005,3,16,-10,-133,1016,-7085
alpha 0.005,3,17,-10,-143,1017,-7095
alpha 0.005,3,18,-10,-153,1018,-7105
alpha 0.005,3,19,-10,-163,1019,-7115
alpha 0.005,3,20,-10,-173,1020,-7125
alpha 0.005,3,21,-10,-183,1021,-7135
alpha 0.005,3,22,-10,-193,1022,-7145
alpha 0.005,3,23,-10,-203,1023,-7155
alpha 0.005,3,24,-10,-213,1024,-7165
alpha 0.005,3,25,-10,-223,1025,-7175
alpha 0.005,3,26,-10,-233,1026,-7185
alpha 0.005,3,27,-10,-243,1027,-7195
alpha 0.005,3,28,-10,-253,1028,-7205
alpha 0.005,3,29,-10,-263,1029,-7215
alpha 0.005,3,30,-10,-273,1030,-7225
alpha 0.005,3,31,-10,-283,1031,-7235
alpha 0.005,3,32,-8,-291,1032,-7243
alpha 0.005,3,33,-8,-299,1033,-7251
alpha 0.005,3,34,-8,-307,1034,-7259
alpha 0.005,3,35,-8,-315,1035,-7267
alpha 0.005,3,36,-8,-323,1036,-7275
alpha 0.005,3,37,-8,-331,1037,-7283
alpha 0.005,3,38,-8,-339,1038,-7291
alpha 0.005,3,39,-8,-347,1039,-7299
alpha 0.005,3,40,-8,-355,1040,-7307
alpha 0.005,3,41,-7,-362,1041,-7314
alpha 0.005,3,42,-7,-369,1042,-7321
alpha 0.005,3,43,-5,-374,1043,-7326
alpha 0.005,3,44,-5,-379,1044,-7331
alpha 0.005,3,45,-5,-384,1045,-7336
alpha 0.005,3,46,-5,-389,1046,-7341
alpha 0.005,3,47,-5,-394,1047,-7346
alpha 0.005,3,48,-5,-399,1048,-7351
alpha 0.005,3,49,-5,-404,1049,-7356
alpha 0.005,3,50,-5,-409,1050,-7361
alpha 0.005,3,51,-5,-414,1051,-7366
alpha 0.005,3,52,-5,-419,1052,-7371
alpha 0.005,3,53,-4,-423,1053,-7375
alpha 0.005,3,54,-3,-426,1054,-7378
alpha 0.005,3,55,-4,-430,1055,-7382
alpha 0.005,3,56,-4,-434,1056,-7386
alpha 0.005,3,57,-4,-438,1057,-7390
alpha 0.005,3,58,-4,-442,1058,-7394
alpha 0.005,3,59,-4,-446,1059,-7398
alpha 0.005,3,60,-4,-450,1060,-7402
alpha 0.005,3,61,-4,-454,1061,-7406
alpha 0.005,3,62,-4,-458,1062,-7410
alpha 0.005,3,63,-4,-462,1063,-7414
alpha 0.005,3,64,-4,-466,1064,-7418
alpha 0.005,3,65,-4,-470,1065,-7422
alpha 0.005,3,66,-4,-474,1066,-7426
alpha 0.005,3,67,-3,-477,1067,-7429
alpha 0.005,3,68,-3,-480,1068,-7432
alpha 0.005,3,69,-3,-483,1069,-7435
alpha 0.005,3,70,-3,-486,1070,-7438
alpha 0.005,3,71,-3,-489,1071,-7441
alpha 0.005,3,72,-3,-492,1072,-7444
alpha 0.005,3,73,-3,-495,1073,-7447
alpha 0.005,3,74,-2,-497,1074,-7449
alpha 0.005,3,75,-3,-500,1075,-7452
alpha 0.005,3,76,1,-499,1076,-7451
alpha 0.005,3,77,1,-498,1077,-7450
alpha 0.005,3,78,1,-497,1078,-7449
alpha 0.005,3,79,-1,-498,1079,-7450
alpha 0.005,3,80,-2,-500,1080,-7452
alpha 0.005,3,81,-3,-503,1081,-7455
alpha 0.005,3,82,-3,-506,1082,-7458
alpha 0.005,3,83,-3,-509,1083,-7461
alpha 0.005,3,84,-3,-512,1084,-7464
alpha 0.005,3,85,-3,-515,1085,-7467
alpha 0.005,3,86,-4,-519,1086,-7471
alpha 0.005,3,87,-4,-523,1087,-7475
alpha 0.005,3,88,-4,-527,1088,-7479
alpha 0.005,3,89,-3,-530,1089,-7482
alpha 0.005,3,90,-3,-533,1090,-7485
alpha 0.005,3,91,-4,-537,1091,-7489
alpha 0.005,3,92,-4,-541,1092,-7493
alpha 0.005,3,93,-4,-545,1093,-7497
alpha 0.005,3,94,-4,-549,1094,-7501
alpha 0.005,3,95,-4,-553,1095,-7505
alpha 0.005,3,96,-4,-557,1096,-7509
alpha 0.005,3,97,-4,-561,1097,-7513
alpha 0.005,3,98,-4,-565,1098,-7517
alpha 0.005,3,99,-5,-570,1099,-7522
alpha 0.005,3,100,-5,-575,1100,-7527
alpha 0.005,3,101,-5,-580,1101,-7532
alpha 0.005,3,102,-5,-585,1102,-7537
alpha 0.005,3,103,-5,-590,1103,-7542
alpha 0.005,3,104,-5,-595,1104,-7547
alpha 0.005,3,105,-5,-600,1105,-7552
alpha 0.005,3,106,-5,-605,1106,-7557
alpha 0.005,3,107,-5,-610,1107,-7562
alpha 0.005,3,108,-5,-615,1108,-7567
alpha 0.005,3,109,-5,-620,1109,-7572
alpha 0.005,3,110,-5,-625,1110,-7577
alpha 0.005,3,111,-8,-633,1111,-7585
alpha 0.005,3,112,-8,-641,1112,-7593
alpha 0.005,3,113,-8,-649,1113,-7601
alpha 0.005,3,114,-8,-657,1114,-7609
alpha 0.005,3,115,-8,-665,1115,-7617
alpha 0.005,3,116,-8,-673,1116,-7625
alpha 0.005,3,117,-8,-681,1117,-7633
alpha 0.005,3,118,-8,-689,1118,-7641
alpha 0.005,3,119,-8,-697,1119,-7649
alpha 0.005,3,120,-8,-705,1120,-7657
alpha 0.005,3,121,-8,-713,1121,-7665
alpha 0.005,3,122,-8,-721,1122,-7673
alpha 0.005,3,123,-10,-731,1123,-7683
alpha 0.005,3,124,-10,-741,1124,-7693
alpha 0.005,3,125,-10,-751,1125,-7703
alpha 0.005,3,126,-10,-761,1126,-7713
alpha 0.005,3,127,-10,-771,1127,-7723
alpha 0.005,3,128,-10,-781,1128,-7733
alpha 0.005,3,129,-10,-791,1129,-7743
alpha 0.005,3,130,-10,-801,1130,-7753
alpha 0.005,3,131,-10,-811,1131,-7763
alpha 0.005,3,132,-10,-821,1132,-7773
alpha 0.005,3,133,-10,-831,1133,-7783
alpha 0.005,3,134,-10,-841,1134,-7793
alpha 0.005,3,135,-10,-851,1135,-7803
alpha 0.005,3,136,-10,-861,1136,-7813
alpha 0.005,3,137,-10,-871,1137,-7823
alpha 0.005,3,138,-10,-881,1138,-7833
alpha 0.005,3,139,-10,-891,1139,-7843
alpha 0.005,3,140,-10,-901,1140,-7853
alpha 0.005,3,141,-10,-911,1141,-7863
alpha 0.005,3,142,-10,-921,1142,-7873
alpha 0.005,3,143,-10,-931,1143,-7883
alpha 0.005,3,144,-10,-941,1144,-7893
alpha 0.005,3,145,-10,-951,1145,-7903
alpha 0.005,3,146,-10,-961,1146,-7913
alpha 0.005,3,147,-10,-971,1147,-7923
alpha 0.005,3,148,-10,-981,1148,-7933
alpha 0.005,3,149,-10,-991,1149,-7943
alpha 0.005,3,150,-10,-1001,1150,-7953
alpha 0.005,3,151,-10,-1011,1151,-7963
alpha 0.005,3,152,-10,-1021,1152,-7973
alpha 0.005,3,153,-10,-1031,1153,-7983
alpha 0.005,3,154,-10,-1041,1154,-7993
alpha 0.005,3,155,-10,-1051,1155,-8003
alpha 0.005,3,156,-10,-1061,1156,-8013
alpha 0.005,3,157,-10,-1071,1157,-8023
alpha 0.005,3,158,-10,-1081,1158,-8033
alpha 0.005,3,159,-10,-1091,1159,-8043
alpha 0.005,3,160,-10,-1101,1160,-8053
alpha 0.005,3,161,-10,-1111,1161,-8063
alpha 0.005,3,162,-10,-1121,1162,-8073
alpha 0.005,3,163,-10,-1131,1163,-8083
alpha 0.005,3,164,-10,-1141,1164,-8093
alpha 0.005,3,165,-8,-1149,1165,-8101
alpha 0.005,3,166,-8,-1157,1166,-8109
alpha 0.005,3,167,-8,-1165,1167,-8117
alpha 0.005,3,168,-8,-1173,1168,-8125
alpha 0.005,3,169,-8,-1181,1169,-8133
alpha 0.005,3,170,-8,-1189,1170,-8141
alpha 0.005,3,171,-8,-1197,1171,-8149
alpha 0.005,3,172,-8,-1205,1172,-8157
alpha 0.005,3,173,-8,-1213,1173,-8165
alpha 0.005,3,174,-8,-1221,1174,-8173
alpha 0.005,3,175,-8,-1229,1175,-8181
alpha 0.005,3,176,-8,-1237,1176,-8189
alpha 0.005,3,177,-7,-1244,1177,-8196
alpha 0.005,3,178,-7,-1251,1178,-8203
alpha 0.005,3,179,-7,-1258,1179,-8210
alpha 0.005,3,180,-7,-1265,1180,-8217
alpha 0.005,3,181,-7,-1272,1181,-8224
alpha 0.005,3,182,-7,-1279,1182,-8231
alpha 0.005,3,183,-7,-1286,1183,-8238
alpha 0.005,3,184,-7,-1293,1184,-8245
alpha 0.005,3,185,-7,-1300,1185,-8252
alpha 0.005,3,186,-7,-1307,1186,-8259
alpha 0.005,3,187,-7,-1314,1187,-8266
alpha 0.005,3,188,-7,-1321,1188,-8273
alpha 0.005,3,189,-7,-1328,1189,-8280
alpha 0.005,3,190,-7,-1335,1190,-8287
alpha 0.005,3,191,-7,-1342,1191,-8294
alpha 0.005,3,192,-6,-1348,1192,-8300
alpha 0.005,3,193,-6,-1354,1193,-8306
alpha 0.005,3,194,-6,-1360,1194,-8312
alpha 0.005,3,195,-5,-1365,1195,-8317
alpha 0.005,3,196,-5,-1370,1196,-8322
alpha 0.005,3,197,-5,-1375,1197,-8327
alpha 0.005,3,198,-5,-1380,1198,-8332
alpha 0.005,3,199,-5,-1385,1199,-8337
alpha 0.005,3,200,-5,-1390,1200,-8342
alpha 0.005,3,201,-5,-1395,1201,-8347
alpha 0.005,3,202,-5,-1400,1202,-8352
alpha 0.005,3,203,-5,-1405,1203,-8357
alpha 0.005,3,204,-5,-1410,1204,-8362
alpha 0.005,3,205,-5,-1415,1205,-8367
alpha 0.005,3,206,-5,-1420,1206,-8372
alpha 0.005,3,207,-5,-1425,1207,-8377
alpha 0.005,3,208,-5,-1430,1208,-8382
alpha 0.005,3,209,-5,-1435,1209,-8387
alpha 0.005,3,210,-5,-1440,1210,-8392
alpha 0.005,3,211,-6,-1446,1211,-8398
alpha 0.005,3,212,-6,-1452,1212,-8404
alpha 0.005,3,213,-6,-1458,1213,-8410
alpha 0.005,3,214,-6,-1464,1214,-8416
alpha 0.005,3,215,-6,-1470,1215,-8422
alpha 0.005,3,216,-7,-1477,1216,-8429
alpha 0.005,3,217,-7,-1484,1217,-8436
alpha 0.005,3,218,-7,-1491,1218,-8443
alpha 0.005,3,219,-7,-1498,1219,-8450
alpha 0.005,3,220,-7,-1505,1220,-8457
alpha 0.005,3,221,-7,-1512,1221,-8464
alpha 0.005,3,222,-7,-1519,1222,-8471
alpha 0.005,3,223,-7,-1526,1223,-8478
alpha 0.005,3,224,-7,-1533,1224,-8485
alpha 0.005,3,225,-7,-1540,1225,-8492
alpha 0.005,3,226,-7,-1547,1226,-8499
alpha 0.005,3,227,-7,-1554,1227,-8506
alpha 0.005,3,228,-7,-1561,1228,-8513
alpha 0.005,3,229,-7,-1568,1229,-8520
alpha 0.005,3,230,-7,-1575,1230,-8527
alpha 0.005,3,231,-7,-1582,1231,-8534
alpha 0.005,3,232,-7,-1589,1232,-8541
alpha 0.005,3,233,-8,-1597,1233,-8549
alpha 0.005,3,234,-8,-1605,1234,-8557
alpha 0.005,3,235,-8,-1613,1235,-8565
alpha 0.005,3,236,-8,-1621,1236,-8573
alpha 0.005,3,237,-8,-1629,1237,-8581
alpha 0.005,3,238,-8,-1637,1238,-8589
alpha 0.005,3,239,-8,-1645,1239,-8597
alpha 0.005,3,240,-8,-1653,1240,-8605
alpha 0.005,3,241,-8,-1661,1241,-8613
alpha 0.005,3,242,-8,-1669,1242,-8621
alpha 0.005,3,243,-8,-1677,1243,-8629
alpha 0.005,3,244,-8,-1685,1244,-8637
alpha 0.005,3,245,-8,-1693,1245,-8645
alpha 0.005,3,246,-8,-1701,1246,-8653
alpha 0.005,3,247,-8,-1709,1247,-8661
alpha 0.005,3,248,-8,-1717,1248,-8669
alpha 0.005,3,249,-8,-1725,1249,-8677
alpha 0.005,3,250,-8,-1733,1250,-8685
alpha 0.005,3,251,-10,-1743,1251,-8695
alpha 0.005,3,252,-8,-1751,1252,-8703
alpha 0.005,3,253,-8,-1759,1253,-8711
alpha 0.005,3,254,-8,-1767,1254,-8719
alpha 0.005,3,255,-8,-1775,1255,-8727
alpha 0.005,3,256,-8,-1783,1256,-8735
alpha 0.005,3,257,-8,-1791,1257,-8743
alpha 0.005,3,258,-8,-1799,1258,-8751
alpha 0.005,3,259,-8,-1807,1259,-8759
alpha 0.005,3,260,-8,-1815,1260,-8767
alpha 0.005,3,261,-8,-1823,1261,-8775
alpha 0.005,3,262,-8,-1831,1262,-8783
alpha 0.005,3,263,-8,-1839,1263,-8791
alpha 0.005,3,264,-8,-1847,1264,-8799
alpha 0.005,3,265,-8,-1855,1265,-8807
alpha 0.005,3,266,-8,-1863,1266,-8815
alpha 0.005,3,267,-8,-1871,1267,-8823
alpha 0.005,3,268,-8,-1879,1268,-8831
alpha 0.005,3,269,-8,-1887,1269,-8839
alpha 0.005,3,270,-8,-1895,1270,-8847
alpha 0.005,3,271,-8,-1903,1271,-8855
alpha 0.005,3,272,-8,-1911,1272,-8863
alpha 0.005,3,273,-8,-1919,1273,-8871
alpha 0.005,3,274,-8,-1927,1274,-8879
alpha 0.005,3,275,-8,-1935,1275,-8887
alpha 0.005,3,276,-8,-1943,1276,-8895
alpha 0.005,3,277,-8,-1951,1277,-8903
alpha 0.005,3,278,-8,-1959,1278,-8911
alpha 0.005,3,279,-8,-1967,1279,-8919
alpha 0.005,3,280,-8,-1975,1280,-8927
alpha 0.005,3,281,-6,-1981,1281,-8933
alpha 0.005,3,282,-6,-1987,1282,-8939
alpha 0.005,3,283,-6,-1993,1283,-8945
alpha 0.005,3,284,-5,-1998,1284,-8950
alpha 0.005,3,285,-5,-2003,1285,-8955
alpha 0.005,3,286,-5,-2008,1286,-8960
alpha 0.005,3,287,-5,-2013,1287,-8965
alpha 0.005,3,288,-5,-2018,1288,-8970
alpha 0.005,3,289,-5,-2023,1289,-8975
alpha 0.005,3,290,-5,-2028,1290,-8980
alpha 0.005,3,291,-5,-2033,1291,-8985
alpha 0.005,3,292,-5,-2038,1292,-8990
alpha 0.005,3,293,-5,-2043,1293,-8995
alpha 0.005,3,294,-5,-2048,1294,-9000
alpha 0.005,3,295,-5,-2053,1295,-9005
alpha 0.005,3,296,-5,-2058,1296,-9010
alpha 0.005,3,297,-5,-2063,1297,-9015
alpha 0.005,3,298,-5,-2068,1298,-9020
alpha 0.005,3,299,-5,-2073,1299,-9025
alpha 0.005,3,300,-5,-2078,1300,-9030
alpha 0.005,3,301,-5,-2083,1301,-9035
alpha 0.005,3,302,-5,-2088,1302,-9040
alpha 0.005,3,303,-5,-2093,1303,-9045
alpha 0.005,3,304,-4,-2097,1304,-9049
alpha 0.005,3,305,-3,-2100,1305,-9052
alpha 0.005,3,306,-3,-2103,1306,-9055
alpha 0.005,3,307,-3,-2106,1307,-9058
alpha 0.005,3,308,-3,-2109,1308,-9061
alpha 0.005,3,309,-3,-2112,1309,-9064
alpha 0.005,3,310,-3,-2115,1310,-9067
alpha 0.005,3,311,-3,-2118,1311,-9070
alpha 0.005,3,312,-5,-2123,1312,-9075
alpha 0.005,3,313,-5,-2128,1313,-9080
alpha 0.005,3,314,-5,-2133,1314,-9085
alpha 0.005,3,315,-3,-2136,1315,-9088
alpha 0.005,3,316,-3,-2139,1316,-9091
alpha 0.005,3,317,-3,-2142,1317,-9094
alpha 0.005,3,318,-5,-2147,1318,-9099
alpha 0.005,3,319,-5,-2152,1319,-9104
alpha 0.005,3,320,-5,-2157,1320,-9109
alpha 0.005,3,321,-5,-2162,1321,-9114
alpha 0.005,3,322,-5,-2167,1322,-9119
alpha 0.005,3,323,-5,-2172,1323,-9124
alpha 0.005,3,324,-5,-2177,1324,-9129
alpha 0.005,3,325,-5,-2182,1325,-9134
alpha 0.005,3,326,-5,-2187,1326,-9139
alpha 0.005,3,327,-5,-2192,1327,-9144
alpha 0.005,3,328,-5,-2197,1328,-9149
alpha 0.005,3,329,-5,-2202,1329,-9154
alpha 0.005,3,330,-3,-2205,1330,-9157
alpha 0.005,3,331,-3,-2208,1331,-9160
alpha 0.005,3,332,-3,-2211,1332,-9163
alpha 0.005,3,333,-3,-2214,1333,-9166
alpha 0.005,3,334,-3,-2217,1334,-9169
alpha 0.005,3,335,-3,-2220,1335,-9172
alpha 0.005,3,336,-3,-2223,1336,-9175
alpha 0.005,3,337,-3,-2226,1337,-9178
alpha 0.005,3,338,-3,-2229,1338,-9181
alpha 0.005,3,339,-3,-2232,1339,-9184
alpha 0.005,3,340,-4,-2236,1340,-9188
alpha 0.005,3,341,-4,-2240,1341,-9192
alpha 0.005,3,342,-4,-2244,1342,-9196
alpha 0.005,3,343,-6,-2250,1343,-9202
alpha 0.005,3,344,-6,-2256,1344,-9208
alpha 0.005,3,345,-6,-2262,1345,-9214
alpha 0.005,3,346,-6,-2268,1346,-9220
alpha 0.005,3,347,-6,-2274,1347,-9226
alpha 0.005,3,348,-6,-2280,1348,-9232
alpha 0.005,3,349,-6,-2286,1349,-9238
alpha 0.005,3,350,-6,-2292,1350,-9244
alpha 0.005,3,351,-4,-2296,1351,-9248
alpha 0.005,3,352,-5,-2301,1352,-9253
alpha 0.005,3,353,-5,-2306,1353,-9258
alpha 0.005,3,354,-5,-2311,1354,-9263
alpha 0.005,3,355,-5,-2316,1355,-9268
alpha 0.005,3,356,-5,-2321,1356,-9273
alpha 0.005,3,357,-5,-2326,1357,-9278
alpha 0.005,3,358,-7,-2333,1358,-9285
alpha 0.005,3,359,-7,-2340,1359,-9292
alpha 0.005,3,360,-5,-2345,1360,-9297
alpha 0.005,3,361,-4,-2349,1361,-9301
alpha 0.005,3,362,-4,-2353,1362,-9305
alpha 0.005,3,363,-4,-2357,1363,-9309
alpha 0.005,3,364,-4,-2361,1364,-9313
alpha 0.005,3,365,-7,-2368,1365,-9320
alpha 0.005,3,366,-5,-2373,1366,-9325
alpha 0.005,3,367,-6,-2379,1367,-9331
alpha 0.005,3,368,-6,-2385,1368,-9337
alpha 0.005,3,369,-6,-2391,1369,-9343
alpha 0.005,3,370,-6,-2397,1370,-9349
alpha 0.005,3,371,-6,-2403,1371,-9355
alpha 0.005,3,372,-8,-2411,1372,-9363
alpha 0.005,3,373,-8,-2419,1373,-9371
alpha 0.005,3,374,-8,-2427,1374,-9379
alpha 0.005,3,375,-8,-2435,1375,-9387
alpha 0.005,3,376,-7,-2442,1376,-9394
alpha 0.005,3,377,-6,-2448,1377,-9400
alpha 0.005,3,378,-5,-2453,1378,-9405
alpha 0.005,3,379,-5,-2458,1379,-9410
alpha 0.005,3,380,-6,-2464,1380,-9416
alpha 0.005,3,381,-7,-2471,1381,-9423
alpha 0.005,3,382,-7,-2478,1382,-9430
alpha 0.005,3,383,-7,-2485,1383,-9437
alpha 0.005,3,384,-7,-2492,1384,-9444
alpha 0.005,3,385,-7,-2499,1385,-9451
alpha 0.005,3,386,-7,-2506,1386,-9458
alpha 0.005,3,387,-8,-2514,1387,-9466
alpha 0.005,3,388,-8,-2522,1388,-9474
alpha 0.005,3,389,-8,-2530,1389,-9482
alpha 0.005,3,390,-8,-2538,1390,-9490
alpha 0.005,3,391,-8,-2546,1391,-9498
alpha 0.005,3,392,-8,-2554,1392,-9506
alpha 0.005,3,393,-8,-2562,1393,-9514
alpha 0.005,3,394,-8,-2570,1394,-9522
alpha 0.005,3,395,-8,-2578,1395,-9530
alpha 0.005,3,396,-8,-2586,1396,-9538
alpha 0.005,3,397,-10,-2596,1397,-9548
alpha 0.005,3,398,-10,-2606,1398,-9558
alpha 0.005,3,399,-8,-2614,1399,-9566
alpha 0.005,3,400,-8,-2622,1400,-9574
alpha 0.005,3,401,-8,-2630,1401,-9582
alpha 0.005,3,402,-8,-2638,1402,-9590
alpha 0.005,3,403,-8,-2646,1403,-9598
alpha 0.005,3,404,-8,-2654,1404,-9606
alpha 0.005,3,405,-10,-2664,1405,-9616
alpha 0.005,3,406,-10,-2674,1406,-9626
alpha 0.005,3,407,-10,-2684,1407,-9636
alpha 0.005,3,408,-10,-2694,1408,-9646
alpha 0.005,3,409,-10,-2704,1409,-9656
alpha 0.005,3,410,-10,-2714,1410,-9666
alpha 0.005,3,411,-10,-2724,1411,-9676
alpha 0.005,3,412,-10,-2734,1412,-9686
alpha 0.005,3,413,-10,-2744,1413,-9696
alpha 0.005,3,414,-10,-2754,1414,-9706
alpha 0.005,3,415,-10,-2764,1415,-9716
alpha 0.005,3,416,-10,-2774,1416,-9726
alpha 0.005,3,417,-10,-2784,1417,-9736
alpha 0.005,3,418,-10,-2794,1418,-9746
alpha 0.005,3,419,-10,-2804,1419,-9756
alpha 0.005,3,420,-10,-2814,1420,-9766
alpha 0.005,3,421,-10,-2824,1421,-9776
alpha 0.005,3,422,-10,-2834,1422,-9786
alpha 0.005,3,423,-10,-2844,1423,-9796
alpha 0.005,3,424,-10,-2854,1424,-9806
alpha 0.005,3,425,-10,-2864,1425,-9816
alpha 0.005,3,426,-10,-2874,1426,-9826
alpha 0.005,3,427,-10,-2884,1427,-9836
alpha 0.005,3,428,-10,-2894,1428,-9846
alpha 0.005,3,429,-10,-2904,1429,-9856
alpha 0.005,3,430,-10,-2914,1430,-9866
alpha 0.005,3,431,-10,-2924,1431,-9876
alpha 0.005,3,432,-10,-2934,1432,-9886
alpha 0.005,3,433,-10,-2944,1433,-9896
alpha 0.005,3,434,-10,-2954,1434,-9906
alpha 0.005,3,435,-10,-2964,1435,-9916
alpha 0.005,3,436,-10,-2974,1436,-9926
alpha 0.005,3,437,-10,-2984,1437,-9936
alpha 0.005,3,438,-10,-2994,1438,-9946
alpha 0.005,3,439,-10,-3004,1439,-9956
alpha 0.005,3,440,-10,-3014,1440,-9966
alpha 0.005,3,441,-10,-3024,1441,-9976
alpha 0.005,3,442,-10,-3034,1442,-9986
alpha 0.005,3,443,-10,-3044,1443,-9996
alpha 0.005,3,444,-10,-3054,1444,-10006
alpha 0.005,3,445,-10,-3064,1445,-10016
alpha 0.005,3,446,-10,-3074,1446,-10026
alpha 0.005,3,447,-10,-3084,1447,-10036
alpha 0.005,3,448,-10,-3094,1448,-10046
alpha 0.005,3,449,-10,-3104,1449,-10056
alpha 0.005,3,450,-8,-3112,1450,-10064
alpha 0.005,3,451,-8,-3120,1451,-10072
alpha 0.005,3,452,-8,-3128,1452,-10080
alpha 0.005,3,453,-8,-3136,1453,-10088
alpha 0.005,3,454,-8,-3144,1454,-10096
alpha 0.005,3,455,-7,-3151,1455,-10103
alpha 0.005,3,456,-7,-3158,1456,-10110
alpha 0.005,3,457,-7,-3165,1457,-10117
alpha 0.005,3,458,-7,-3172,1458,-10124
alpha 0.005,3,459,-7,-3179,1459,-10131
alpha 0.005,3,460,-6,-3185,1460,-10137
alpha 0.005,3,461,-5,-3190,1461,-10142
alpha 0.005,3,462,-5,-3195,1462,-10147
alpha 0.005,3,463,-5,-3200,1463,-10152
alpha 0.005,3,464,-5,-3205,1464,-10157
alpha 0.005,3,465,-5,-3210,1465,-10162
alpha 0.005,3,466,-5,-3215,1466,-10167
alpha 0.005,3,467,-6,-3221,1467,-10173
alpha 0.005,3,468,-6,-3227,1468,-10179
alpha 0.005,3,469,-7,-3234,1469,-10186
alpha 0.005,3,470,-7,-3241,1470,-10193
alpha 0.005,3,471,-7,-3248,1471,-10200
alpha 0.005,3,472,-7,-3255,1472,-10207
alpha 0.005,3,473,-8,-3263,1473,-10215
alpha 0.005,3,474,-8,-3271,1474,-10223
alpha 0.005,3,475,-8,-3279,1475,-10231
alpha 0.005,3,476,-8,-3287,1476,-10239
alpha 0.005,3,477,-10,-3297,1477,-10249
alpha 0.005,3,478,-10,-3307,1478,-10259
alpha 0.005,3,479,-10,-3317,1479,-10269
alpha 0.005,3,480,-10,-3327,1480,-10279
alpha 0.005,3,481,-10,-3337,1481,-10289
alpha 0.005,3,482,-10,-3347,1482,-10299
alpha 0.005,3,483,-10,-3357,1483,-10309
alpha 0.005,3,484,-10,-3367,1484,-10319
alpha 0.005,3,485,-10,-3377,1485,-10329
alpha 0.005,3,486,-10,-3387,1486,-10339
alpha 0.005,3,487,-10,-3397,1487,-10349
alpha 0.005,3,488,-10,-3407,1488,-10359
alpha 0.005,3,489,-10,-3417,1489,-10369
alpha 0.005,3,490,-10,-3427,1490,-10379
alpha 0.005,3,491,-10,-3437,1491,-10389
alpha 0.005,3,492,-10,-3447,1492,-10399
alpha 0.005,3,493,-10,-3457,1493,-10409
alpha 0.005,3,494,-10,-3467,1494,-10419
alpha 0.005,3,495,-10,-3477,1495,-10429
alpha 0.005,3,496,-10,-3487,1496,-10439
alpha 0.005,3,497,-10,-3497,1497,-10449
alpha 0.005,3,498,-10,-3507,1498,-10459
alpha 0.005,3,499,-10,-3517,1499,-10469
alpha 0.005,3,500,-10,-3527,1500,-10479
alpha 0.005,1,1,1,1,1,1
alpha 0.005,1,2,-3,-2,2,-2
alpha 0.005,1,3,-7,-9,3,-9
alpha 0.005,1,4,-10,-19,4,-19
alpha 0.005,1,5,-10,-29,5,-29
alpha 0.005,1,6,-10,-39,6,-39
alpha 0.005,1,7,-10,-49,7,-49
alpha 0.005,1,8,-8,-57,8,-57
alpha 0.005,1,9,-8,-65,9,-65
alpha 0.005,1,10,-8,-73,10,-73
alpha 0.005,1,11,-8,-81,11,-81
alpha 0.005,1,12,-8,-89,12,-89
alpha 0.005,1,13,-8,-97,13,-97
alpha 0.005,1,14,-7,-104,14,-104
alpha 0.005,1,15,-7,-111,15,-111
alpha 0.005,1,16,-7,-118,16,-118
alpha 0.005,1,17,-7,-125,17,-125
alpha 0.005,1,18,-7,-132,18,-132
alpha 0.005,1,19,-7,-139,19,-139
alpha 0.005,1,20,-7,-146,20,-146
alpha 0.005,1,21,-7,-153,21,-153
alpha 0.005,1,22,-7,-160,22,-160
alpha 0.005,1,23,-7,-167,23,-167
alpha 0.005,1,24,-7,-174,24,-174
alpha 0.005,1,25,-7,-181,25,-181
alpha 0.005,1,26,-7,-188,26,-188
alpha 0.005,1,27,-7,-195,27,-195
alpha 0.005,1,28,-5,-200,28,-200
alpha 0.005,1,29,-5,-205,29,-205
alpha 0.005,1,30,-5,-210,30,-210
alpha 0.005,1,31,-5,-215,31,-215
alpha 0.005,1,32,-5,-220,32,-220
alpha 0.005,1,33,-5,-225,33,-225
alpha 0.005,1,34,-4,-229,34,-229
alpha 0.005,1,35,-4,-233,35,-233
alpha 0.005,1,36,-4,-237,36,-237
alpha 0.005,1,37,-2,-239,37,-239
alpha 0.005,1,38,-1,-240,38,-240
alpha 0.005,1,39,-2,-242,39,-242
alpha 0.005,1,40,-2,-244,40,-244
alpha 0.005,1,41,-1,-245,41,-245
alpha 0.005,1,42,-2,-247,42,-247
alpha 0.005,1,43,-2,-249,43,-249
alpha 0.005,1,44,-1,-250,44,-250
alpha 0.005,1,45,1,-249,45,-249
alpha 0.005,1,46,1,-248,46,-248
alpha 0.005,1,47,1,-247,47,-247
alpha 0.005,1,48,1,-246,48,-246
alpha 0.005,1,49,1,-245,49,-245
alpha 0.005,1,50,-2,-247,50,-247
alpha 0.005,1,51,-2,-249,51,-249
alpha 0.005,1,52,-3,-252,52,-252
alpha 0.005,1,53,-3,-255,53,-255
alpha 0.005,1,54,-2,-257,54,-257
alpha 0.005,1,55,-1,-258,55,-258
alpha 0.005,1,56,2,-256,56,-256
alpha 0.005,1,57,1,-255,57,-255
alpha 0.005,1,58,-4,-259,58,-259
alpha 0.005,1,59,-7,-266,59,-266
alpha 0.005,1,60,-5,-271,60,-271
alpha 0.005,1,61,-4,-275,61,-275
alpha 0.005,1,62,-2,-277,62,-277
alpha 0.005,1,63,-3,-280,63,-280
alpha 0.005,1,64,-2,-282,64,-282
alpha 0.005,1,65,-1,-283,65,-283
alpha 0.005,1,66,2,-281,66,-281
alpha 0.005,1,67,1,-280,67,-280
alpha 0.005,1,68,1,-279,68,-279
alpha 0.005,1,69,-2,-281,69,-281
alpha 0.005,1,70,-2,-283,70,-283
alpha 0.005,1,71,-3,-286,71,-286
alpha 0.005,1,72,-5,-291,72,-291
alpha 0.005,1,73,-4,-295,73,-295
alpha 0.005,1,74,-5,-300,74,-300
alpha 0.005,1,75,-8,-308,75,-308
alpha 0.005,1,76,-5,-313,76,-313
alpha 0.005,1,77,-4,-317,77,-317
alpha 0.005,1,78,-4,-321,78,-321
alpha 0.005,1,79,-4,-325,79,-325
alpha 0.005,1,80,-5,-330,80,-330
alpha 0.005,1,81,-5,-335,81,-335
alpha 0.005,1,82,-5,-340,82,-340
alpha 0.005,1,83,-8,-348,83,-348
alpha 0.005,1,84,-8,-356,84,-356
alpha 0.005,1,85,-6,-362,85,-362
alpha 0.005,1,86,-8,-370,86,-370
alpha 0.005,1,87,-8,-378,87,-378
alpha 0.005,1,88,-8,-386,88,-386
alpha 0.005,1,89,-8,-394,89,-394
alpha 0.005,1,90,-8,-402,90,-402
alpha 0.005,1,91,-8,-410,91,-410
alpha 0.005,1,92,-8,-418,92,-418
alpha 0.005,1,93,-8,-426,93,-426
alpha 0.005,1,94,-10,-436,94,-436
alpha 0.005,1,95,-10,-446,95,-446
alpha 0.005,1,96,-10,-456,96,-456
alpha 0.005,1,97,-10,-466,97,-466
alpha 0.005,1,98,-10,-476,98,-476
alpha 0.005,1,99,-10,-486,99,-486
alpha 0.005,1,100,-10,-496,100,-496
alpha 0.005,1,101,-10,-506,101,-506
alpha 0.005,1,102,-10,-516,102,-516
alpha 0.005,1,103,-10,-526,103,-526
alpha 0.005,1,104,-10,-536,104,-536
alpha 0.005,1,105,-10,-546,105,-546
alpha 0.005,1,106,-10,-556,106,-556
alpha 0.005,1,107,-10,-566,107,-566
alpha 0.005,1,108,-10,-576,108,-576
alpha 0.005,1,109,-10,-586,109,-586
alpha 0.005,1,110,-10,-596,110,-596
alpha 0.005,1,111,-10,-606,111,-606
alpha 0.005,1,112,-10,-616,112,-616
alpha 0.005,1,113,-10,-626,113,-626
alpha 0.005,1,114,-10,-636,114,-636
alpha 0.005,1,115,-10,-646,115,-646
alpha 0.005,1,116,-10,-656,116,-656
alpha 0.005,1,117,-10,-666,117,-666
alpha 0.005,1,118,-10,-676,118,-676
alpha 0.005,1,119,-10,-686,119,-686
alpha 0.005,1,120,-10,-696,120,-696
alpha 0.005,1,121,-10,-706,121,-706
alpha 0.005,1,122,-10,-716,122,-716
alpha 0.005,1,123,-10,-726,123,-726
alpha 0.005,1,124,-10,-736,124,-736
alpha 0.005,1,125,-10,-746,125,-746
alpha 0.005,1,126,-10,-756,126,-756
alpha 0.005,1,127,-10,-766,127,-766
alpha 0.005,1,128,-10,-776,128,-776
alpha 0.005,1,129,-10,-786,129,-786
alpha 0.005,1,130,-10,-796,130,-796
alpha 0.005,1,131,-10,-806,131,-806
alpha 0.005,1,132,-10,-816,132,-816
alpha 0.005,1,133,-10,-826,133,-826
alpha 0.005,1,134,-8,-834,134,-834
alpha 0.005,1,135,-8,-842,135,-842
alpha 0.005,1,136,-8,-850,136,-850
alpha 0.005,1,137,-8,-858,137,-858
alpha 0.005,1,138,-8,-866,138,-866
alpha 0.005,1,139,-8,-874,139,-874
alpha 0.005,1,140,-8,-882,140,-882
alpha 0.005,1,141,-8,-890,141,-890
alpha 0.005,1,142,-8,-898,142,-898
alpha 0.005,1,143,-8,-906,143,-906
alpha 0.005,1,144,-8,-914,144,-914
alpha 0.005,1,145,-8,-922,145,-922
alpha 0.005,1,146,-7,-929,146,-929
alpha 0.005,1,147,-7,-936,147,-936
alpha 0.005,1,148,-7,-943,148,-943
alpha 0.005,1,149,-7,-950,149,-950
alpha 0.005,1,150,-7,-957,150,-957
alpha 0.005,1,151,-7,-964,151,-964
alpha 0.005,1,152,-7,-971,152,-971
alpha 0.005,1,153,-7,-978,153,-978
alpha 0.005,1,154,-7,-985,154,-985
alpha 0.005,1,155,-7,-992,155,-992
alpha 0.005,1,156,-7,-999,156,-999
alpha 0.005,1,157,-7,-1006,157,-1006
alpha 0.005,1,158,-7,-1013,158,-1013
alpha 0.005,1,159,-7,-1020,159,-1020
alpha 0.005,1,160,-6,-1026,160,-1026
alpha 0.005,1,161,-6,-1032,161,-1032
alpha 0.005,1,162,-6,-1038,162,-1038
alpha 0.005,1,163,-5,-1043,163,-1043
alpha 0.005,1,164,-5,-1048,164,-1048
alpha 0.005,1,165,-5,-1053,165,-1053
alpha 0.005,1,166,-5,-1058,166,-1058
alpha 0.005,1,167,-5,-1063,167,-1063
alpha 0.005,1,168,-5,-1068,168,-1068
alpha 0.005,1,169,-5,-1073,169,-1073
alpha 0.005,1,170,-5,-1078,170,-1078
alpha 0.005,1,171,-5,-1083,171,-1083
alpha 0.005,1,172,-5,-1088,172,-1088
alpha 0.005,1,173,-5,-1093,173,-1093
alpha 0.005,1,174,-5,-1098,174,-1098
alpha 0.005,1,175,-5,-1103,175,-1103
alpha 0.005,1,176,-5,-1108,176,-1108
alpha 0.005,1,177,-5,-1113,177,-1113
alpha 0.005,1,178,-5,-1118,178,-1118
alpha 0.005,1,179,-5,-1123,179,-1123
alpha 0.005,1,180,-6,-1129,180,-1129
alpha 0.005,1,181,-6,-1135,181,-1135
alpha 0.005,1,182,-7,-1142,182,-1142
alpha 0.005,1,183,-7,-1149,183,-1149
alpha 0.005,1,184,-7,-1156,184,-1156
alpha 0.005,1,185,-7,-1163,185,-1163
alpha 0.005,1,186,-7,-1170,186,-1170
alpha 0.005,1,187,-7,-1177,187,-1177
alpha 0.005,1,188,-7,-1184,188,-1184
alpha 0.005,1,189,-7,-1191,189,-1191
alpha 0.005,1,190,-7,-1198,190,-1198
alpha 0.005,1,191,-7,-1205,191,-1205
alpha 0.005,1,192,-7,-1212,192,-1212
alpha 0.005,1,193,-7,-1219,193,-1219
alpha 0.005,1,194,-7,-1226,194,-1226
alpha 0.005,1,195,-8,-1234,195,-1234
alpha 0.005,1,196,-8,-1242,196,-1242
alpha 0.005,1,197,-8,-1250,197,-1250
alpha 0.005,1,198,-8,-1258,198,-1258
alpha 0.005,1,199,-8,-1266,199,-1266
alpha 0.005,1,200,-8,-1274,200,-1274
alpha 0.005,1,201,-8,-1282,201,-1282
alpha 0.005,1,202,-8,-1290,202,-1290
alpha 0.005,1,203,-8,-1298,203,-1298
alpha 0.005,1,204,-8,-1306,204,-1306
alpha 0.005,1,205,-8,-1314,205,-1314
alpha 0.005,1,206,-8,-1322,206,-1322
alpha 0.005,1,207,-8,-1330,207,-1330
alpha 0.005,1,208,-8,-1338,208,-1338
alpha 0.005,1,209,-8,-1346,209,-1346
alpha 0.005,1,210,-8,-1354,210,-1354
alpha 0.005,1,211,-10,-1364,211,-1364
alpha 0.005,1,212,-10,-1374,212,-1374
alpha 0.005,1,213,-10,-1384,213,-1384
alpha 0.005,1,214,-10,-1394,214,-1394
alpha 0.005,1,215,-10,-1404,215,-1404
alpha 0.005,1,216,-10,-1414,216,-1414
alpha 0.005,1,217,-10,-1424,217,-1424
alpha 0.005,1,218,-10,-1434,218,-1434
alpha 0.005,1,219,-10,-1444,219,-1444
alpha 0.005,1,220,-10,-1454,220,-1454
alpha 0.005,1,221,-10,-1464,221,-1464
alpha 0.005,1,222,-10,-1474,222,-1474
alpha 0.005,1,223,-10,-1484,223,-1484
alpha 0.005,1,224,-10,-1494,224,-1494
alpha 0.005,1,225,-10,-1504,225,-1504
alpha 0.005,1,226,-10,-1514,226,-1514
alpha 0.005,1,227,-10,-1524,227,-1524
alpha 0.005,1,228,-10,-1534,228,-1534
alpha 0.005,1,229,-10,-1544,229,-1544
alpha 0.005,1,230,-10,-1554,230,-1554
alpha 0.005,1,231,-10,-1564,231,-1564
alpha 0.005,1,232,-10,-1574,232,-1574
alpha 0.005,1,233,-10,-1584,233,-1584
alpha 0.005,1,234,-10,-1594,234,-1594
alpha 0.005,1,235,-10,-1604,235,-1604
alpha 0.005,1,236,-10,-1614,236,-1614
alpha 0.005,1,237,-10,-1624,237,-1624
alpha 0.005,1,238,-10,-1634,238,-1634
alpha 0.005,1,239,-10,-1644,239,-1644
alpha 0.005,1,240,-10,-1654,240,-1654
alpha 0.005,1,241,-10,-1664,241,-1664
alpha 0.005,1,242,-10,-1674,242,-1674
alpha 0.005,1,243,-10,-1684,243,-1684
alpha 0.005,1,244,-10,-1694,244,-1694
alpha 0.005,1,245,-10,-1704,245,-1704
alpha 0.005,1,246,-10,-1714,246,-1714
alpha 0.005,1,247,-10,-1724,247,-1724
alpha 0.005,1,248,-8,-1732,248,-1732
alpha 0.005,1,249,-8,-1740,249,-1740
alpha 0.005,1,250,-8,-1748,250,-1748
alpha 0.005,1,251,-6,-1754,251,-1754
alpha 0.005,1,252,-6,-1760,252,-1760
alpha 0.005,1,253,-5,-1765,253,-1765
alpha 0.005,1,254,-5,-1770,254,-1770
alpha 0.005,1,255,-5,-1775,255,-1775
alpha 0.005,1,256,-6,-1781,256,-1781
alpha 0.005,1,257,-6,-1787,257,-1787
alpha 0.005,1,258,-6,-1793,258,-1793
alpha 0.005,1,259,-6,-1799,259,-1799
alpha 0.005,1,260,-6,-1805,260,-1805
alpha 0.005,1,261,-6,-1811,261,-1811
alpha 0.005,1,262,-5,-1816,262,-1816
alpha 0.005,1,263,-5,-1821,263,-1821
alpha 0.005,1,264,-5,-1826,264,-1826
alpha 0.005,1,265,-5,-1831,265,-1831
alpha 0.005,1,266,-5,-1836,266,-1836
alpha 0.005,1,267,-5,-1841,267,-1841
alpha 0.005,1,268,-5,-1846,268,-1846
alpha 0.005,1,269,-5,-1851,269,-1851
alpha 0.005,1,270,-5,-1856,270,-1856
alpha 0.005,1,271,-5,-1861,271,-1861
alpha 0.005,1,272,-4,-1865,272,-1865
alpha 0.005,1,273,-4,-1869,273,-1869
alpha 0.005,1,274,-4,-1873,274,-1873
alpha 0.005,1,275,-4,-1877,275,-1877
alpha 0.005,1,276,-4,-1881,276,-1881
alpha 0.005,1,277,-3,-1884,277,-1884
alpha 0.005,1,278,-3,-1887,278,-1887
alpha 0.005,1,279,-3,-1890,279,-1890
alpha 0.005,1,280,-3,-1893,280,-1893
alpha 0.005,1,281,-3,-1896,281,-1896
alpha 0.005,1,282,-3,-1899,282,-1899
alpha 0.005,1,283,-5,-1904,283,-1904
alpha 0.005,1,284,-3,-1907,284,-1907
alpha 0.005,1,285,-2,-1909,285,-1909
alpha 0.005,1,286,-2,-1911,286,-1911
alpha 0.005,1,287,-2,-1913,287,-1913
alpha 0.005,1,288,-2,-1915,288,-1915
alpha 0.005,1,289,-2,-1917,289,-1917
alpha 0.005,1,290,-2,-1919,290,-1919
alpha 0.005,1,291,-2,-1921,291,-1921
alpha 0.005,1,292,-2,-1923,292,-1923
alpha 0.005,1,293,-2,-1925,293,-1925
alpha 0.005,1,294,-2,-1927,294,-1927
alpha 0.005,1,295,-3,-1930,295,-1930
alpha 0.005,1,296,-3,-1933,296,-1933
alpha 0.005,1,297,-3,-1936,297,-1936
alpha 0.005,1,298,-3,-1939,298,-1939
alpha 0.005,1,299,-3,-1942,299,-1942
alpha 0.005,1,300,-3,-1945,300,-1945
alpha 0.005,1,301,-3,-1948,301,-1948
alpha 0.005,1,302,-5,-1953,302,-1953
alpha 0.005,1,303,-5,-1958,303,-1958
alpha 0.005,1,304,-3,-1961,304,-1961
alpha 0.005,1,305,-3,-1964,305,-1964
alpha 0.005,1,306,-3,-1967,306,-1967
alpha 0.005,1,307,-5,-1972,307,-1972
alpha 0.005,1,308,-5,-1977,308,-1977
alpha 0.005,1,309,-5,-1982,309,-1982
alpha 0.005,1,310,-6,-1988,310,-1988
alpha 0.005,1,311,-6,-1994,311,-1994
alpha 0.005,1,312,-6,-2000,312,-2000
alpha 0.005,1,313,-6,-2006,313,-2006
alpha 0.005,1,314,-6,-2012,314,-2012
alpha 0.005,1,315,-6,-2018,315,-2018
alpha 0.005,1,316,-6,-2024,316,-2024
alpha 0.005,1,317,-6,-2030,317,-2030
alpha 0.005,1,318,-6,-2036,318,-2036
alpha 0.005,1,319,-6,-2042,319,-2042
alpha 0.005,1,320,-7,-2049,320,-2049
alpha 0.005,1,321,-7,-2056,321,-2056
alpha 0.005,1,322,-7,-2063,322,-2063
alpha 0.005,1,323,-7,-2070,323,-2070
alpha 0.005,1,324,-7,-2077,324,-2077
alpha 0.005,1,325,-7,-2084,325,-2084
alpha 0.005,1,326,-7,-2091,326,-2091
alpha 0.005,1,327,-7,-2098,327,-2098
alpha 0.005,1,328,-7,-2105,328,-2105
alpha 0.005,1,329,-7,-2112,329,-2112
alpha 0.005,1,330,-7,-2119,330,-2119
alpha 0.005,1,331,-7,-2126,331,-2126
alpha 0.005,1,332,-7,-2133,332,-2133
alpha 0.005,1,333,-7,-2140,333,-2140
alpha 0.005,1,334,-7,-2147,334,-2147
alpha 0.005,1,335,-7,-2154,335,-2154
alpha 0.005,1,336,-7,-2161,336,-2161
alpha 0.005,1,337,-7,-2168,337,-2168
alpha 0.005,1,338,-7,-2175,338,-2175
alpha 0.005,1,339,-7,-2182,339,-2182
alpha 0.005,1,340,-7,-2189,340,-2189
alpha 0.005,1,341,-7,-2196,341,-2196
alpha 0.005,1,342,-7,-2203,342,-2203
alpha 0.005,1,343,-7,-2210,343,-2210
alpha 0.005,1,344,-7,-2217,344,-2217
alpha 0.005,1,345,-7,-2224,345,-2224
alpha 0.005,1,346,-7,-2231,346,-2231
alpha 0.005,1,347,-7,-2238,347,-2238
alpha 0.005,1,348,-7,-2245,348,-2245
alpha 0.005,1,349,-7,-2252,349,-2252
alpha 0.005,1,350,-7,-2259,350,-2259
alpha 0.005,1,351,-7,-2266,351,-2266
alpha 0.005,1,352,-7,-2273,352,-2273
alpha 0.005,1,353,-7,-2280,353,-2280
alpha 0.005,1,354,-7,-2287,354,-2287
alpha 0.005,1,355,-7,-2294,355,-2294
alpha 0.005,1,356,-7,-2301,356,-2301
alpha 0.005,1,357,-7,-2308,357,-2308
alpha 0.005,1,358,-7,-2315,358,-2315
alpha 0.005,1,359,-7,-2322,359,-2322
alpha 0.005,1,360,-7,-2329,360,-2329
alpha 0.005,1,361,-8,-2337,361,-2337
alpha 0.005,1,362,-8,-2345,362,-2345
alpha 0.005,1,363,-8,-2353,363,-2353
alpha 0.005,1,364,-7,-2360,364,-2360
alpha 0.005,1,365,-7,-2367,365,-2367
alpha 0.005,1,366,-7,-2374,366,-2374
alpha 0.005,1,367,-7,-2381,367,-2381
alpha 0.005,1,368,-7,-2388,368,-2388
alpha 0.005,1,369,-7,-2395,369,-2395
alpha 0.005,1,370,-8,-2403,370,-2403
alpha 0.005,1,371,-7,-2410,371,-2410
alpha 0.005,1,372,-7,-2417,372,-2417
alpha 0.005,1,373,-7,-2424,373,-2424
alpha 0.005,1,374,-7,-2431,374,-2431
alpha 0.005,1,375,-7,-2438,375,-2438
alpha 0.005,1,376,-7,-2445,376,-2445
alpha 0.005,1,377,-7,-2452,377,-2452
alpha 0.005,1,378,-7,-2459,378,-2459
alpha 0.005,1,379,-7,-2466,379,-2466
alpha 0.005,1,380,-7,-2473,380,-2473
alpha 0.005,1,381,-7,-2480,381,-2480
alpha 0.005,1,382,-7,-2487,382,-2487
alpha 0.005,1,383,-7,-2494,383,-2494
alpha 0.005,1,384,-7,-2501,384,-2501
alpha 0.005,1,385,-7,-2508,385,-2508
alpha 0.005,1,386,-7,-2515,386,-2515
alpha 0.005,1,387,-7,-2522,387,-2522
alpha 0.005,1,388,-7,-2529,388,-2529
alpha 0.005,1,389,-7,-2536,389,-2536
alpha 0.005,1,390,-7,-2543,390,-2543
alpha 0.005,1,391,-7,-2550,391,-2550
alpha 0.005,1,392,-7,-2557,392,-2557
alpha 0.005,1,393,-7,-2564,393,-2564
alpha 0.005,1,394,-7,-2571,394,-2571
alpha 0.005,1,395,-7,-2578,395,-2578
alpha 0.005,1,396,-7,-2585,396,-2585
alpha 0.005,1,397,-7,-2592,397,-2592
alpha 0.005,1,398,-7,-2599,398,-2599
alpha 0.005,1,399,-7,-2606,399,-2606
alpha 0.005,1,400,-6,-2612,400,-2612
alpha 0.005,1,401,-6,-2618,401,-2618
alpha 0.005,1,402,-6,-2624,402,-2624
alpha 0.005,1,403,-6,-2630,403,-2630
alpha 0.005,1,404,-6,-2636,404,-2636
alpha 0.005,1,405,-6,-2642,405,-2642
alpha 0.005,1,406,-6,-2648,406,-2648
alpha 0.005,1,407,-5,-2653,407,-2653
alpha 0.005,1,408,-5,-2658,408,-2658
alpha 0.005,1,409,-5,-2663,409,-2663
alpha 0.005,1,410,-5,-2668,410,-2668
alpha 0.005,1,411,-5,-2673,411,-2673
alpha 0.005,1,412,-5,-2678,412,-2678
alpha 0.005,1,413,-5,-2683,413,-2683
alpha 0.005,1,414,-5,-2688,414,-2688
alpha 0.005,1,415,-5,-2693,415,-2693
alpha 0.005,1,416,-5,-2698,416,-2698
alpha 0.005,1,417,-5,-2703,417,-2703
alpha 0.005,1,418,-5,-2708,418,-2708
alpha 0.005,1,419,-5,-2713,419,-2713
alpha 0.005,1,420,-5,-2718,420,-2718
alpha 0.005,1,421,-5,-2723,421,-2723
alpha 0.005,1,422,-5,-2728,422,-2728
alpha 0.005,1,423,-5,-2733,423,-2733
alpha 0.005,1,424,-5,-2738,424,-2738
alpha 0.005,1,425,-5,-2743,425,-2743
alpha 0.005,1,426,-5,-2748,426,-2748
alpha 0.005,1,427,-5,-2753,427,-2753
alpha 0.005,1,428,-5,-2758,428,-2758
alpha 0.005,1,429,-5,-2763,429,-2763
alpha 0.005,1,430,-5,-2768,430,-2768
alpha 0.005,1,431,-5,-2773,431,-2773
alpha 0.005,1,432,-5,-2778,432,-2778
alpha 0.005,1,433,-5,-2783,433,-2783
alpha 0.005,1,434,-5,-2788,434,-2788
alpha 0.005,1,435,-5,-2793,435,-2793
alpha 0.005,1,436,-6,-2799,436,-2799
alpha 0.005,1,437,-6,-2805,437,-2805
alpha 0.005,1,438,-6,-2811,438,-2811
alpha 0.005,1,439,-6,-2817,439,-2817
alpha 0.005,1,440,-6,-2823,440,-2823
alpha 0.005,1,441,-6,-2829,441,-2829
alpha 0.005,1,442,-7,-2836,442,-2836
alpha 0.005,1,443,-7,-2843,443,-2843
alpha 0.005,1,444,-7,-2850,444,-2850
alpha 0.005,1,445,-7,-2857,445,-2857
alpha 0.005,1,446,-7,-2864,446,-2864
alpha 0.005,1,447,-7,-2871,447,-2871
alpha 0.005,1,448,-7,-2878,448,-2878
alpha 0.005,1,449,-7,-2885,449,-2885
alpha 0.005,1,450,-7,-2892,450,-2892
alpha 0.005,1,451,-7,-2899,451,-2899
alpha 0.005,1,452,-7,-2906,452,-2906
alpha 0.005,1,453,-7,-2913,453,-2913
alpha 0.005,1,454,-7,-2920,454,-2920
alpha 0.005,1,455,-7,-2927,455,-2927
alpha 0.005,1,456,-7,-2934,456,-2934
alpha 0.005,1,457,-7,-2941,457,-2941
alpha 0.005,1,458,-7,-2948,458,-2948
alpha 0.005,1,459,-7,-2955,459,-2955
alpha 0.005,1,460,-7,-2962,460,-2962
alpha 0.005,1,461,-7,-2969,461,-2969
alpha 0.005,1,462,-7,-2976,462,-2976
alpha 0.005,1,463,-7,-2983,463,-2983
alpha 0.005,1,464,-7,-2990,464,-2990
alpha 0.005,1,465,-7,-2997,465,-2997
alpha 0.005,1,466,-7,-3004,466,-3004
alpha 0.005,1,467,-7,-3011,467,-3011
alpha 0.005,1,468,-7,-3018,468,-3018
alpha 0.005,1,469,-7,-3025,469,-3025
alpha 0.005,1,470,-7,-3032,470,-3032
alpha 0.005,1,471,-7,-3039,471,-3039
alpha 0.005,1,472,-7,-3046,472,-3046
alpha 0.005,1,473,-7,-3053,473,-3053
alpha 0.005,1,474,-7,-3060,474,-3060
alpha 0.005,1,475,-7,-3067,475,-3067
alpha 0.005,1,476,-7,-3074,476,-3074
alpha 0.005,1,477,-8,-3082,477,-3082
alpha 0.005,1,478,-7,-3089,478,-3089
alpha 0.005,1,479,-7,-3096,479,-3096
alpha 0.005,1,480,-7,-3103,480,-3103
alpha 0.005,1,481,-7,-3110,481,-3110
alpha 0.005,1,482,-7,-3117,482,-3117
alpha 0.005,1,483,-7,-3124,483,-3124
alpha 0.005,1,484,-7,-3131,484,-3131
alpha 0.005,1,485,-7,-3138,485,-3138
alpha 0.005,1,486,-7,-3145,486,-3145
alpha 0.005,1,487,-7,-3152,487,-3152
alpha 0.005,1,488,-7,-3159,488,-3159
alpha 0.005,1,489,-7,-3166,489,-3166
alpha 0.005,1,490,-7,-3173,490,-3173
alpha 0.005,1,491,-7,-3180,491,-3180
alpha 0.005,1,492,-7,-3187,492,-3187
alpha 0.005,1,493,-7,-3194,493,-3194
alpha 0.005,1,494,-7,-3201,494,-3201
alpha 0.005,1,495,-7,-3208,495,-3208
alpha 0.005,1,496,-7,-3215,496,-3215
alpha 0.005,1,497,-7,-3222,497,-3222
alpha 0.005,1,498,-7,-3229,498,-3229
alpha 0.005,1,499,-7,-3236,499,-3236
alpha 0.005,1,500,-7,-3243,500,-3243
alpha 0.005,2,1,4,4,501,-3239
alpha 0.005,2,2,-1,3,502,-3240
alpha 0.005,2,3,-6,-3,503,-3246
alpha 0.005,2,4,-10,-13,504,-3256
alpha 0.005,2,5,-7,-20,505,-3263
alpha 0.005,2,6,-7,-27,506,-3270
alpha 0.005,2,7,-8,-35,507,-3278
alpha 0.005,2,8,-7,-42,508,-3285
alpha 0.005,2,9,-6,-48,509,-3291
alpha 0.005,2,10,-5,-53,510,-3296
alpha 0.005,2,11,-5,-58,511,-3301
alpha 0.005,2,12,-6,-64,512,-3307
alpha 0.005,2,13,-6,-70,513,-3313
alpha 0.005,2,14,-7,-77,514,-3320
alpha 0.005,2,15,-7,-84,515,-3327
alpha 0.005,2,16,-7,-91,516,-3334
alpha 0.005,2,17,-7,-98,517,-3341
alpha 0.005,2,18,-7,-105,518,-3348
alpha 0.005,2,19,-7,-112,519,-3355
alpha 0.005,2,20,-7,-119,520,-3362
alpha 0.005,2,21,-7,-126,521,-3369
alpha 0.005,2,22,-7,-133,522,-3376
alpha 0.005,2,23,-8,-141,523,-3384
alpha 0.005,2,24,-8,-149,524,-3392
alpha 0.005,2,25,-8,-157,525,-3400
alpha 0.005,2,26,-8,-165,526,-3408
alpha 0.005,2,27,-8,-173,527,-3416
alpha 0.005,2,28,-8,-181,528,-3424
alpha 0.005,2,29,-10,-191,529,-3434
alpha 0.005,2,30,-10,-201,530,-3444
alpha 0.005,2,31,-10,-211,531,-3454
alpha 0.005,2,32,-10,-221,532,-3464
alpha 0.005,2,33,-10,-231,533,-3474
alpha 0.005,2,34,-10,-241,534,-3484
alpha 0.005,2,35,-10,-251,535,-3494
alpha 0.005,2,36,-10,-261,536,-3504
alpha 0.005,2,37,-10,-271,537,-3514
alpha 0.005,2,38,-10,-281,538,-3524
alpha 0.005,2,39,-10,-291,539,-3534
alpha 0.005,2,40,-10,-301,540,-3544
alpha 0.005,2,41,-10,-311,541,-3554
alpha 0.005,2,42,-10,-321,542,-3564
alpha 0.005,2,43,-10,-331,543,-3574
alpha 0.005,2,44,-10,-341,544,-3584
alpha 0.005,2,45,-10,-351,545,-3594
alpha 0.005,2,46,-10,-361,546,-3604
alpha 0.005,2,47,-10,-371,547,-3614
alpha 0.005,2,48,-10,-381,548,-3624
alpha 0.005,2,49,-10,-391,549,-3634
alpha 0.005,2,50,-10,-401,550,-3644
alpha 0.005,2,51,-10,-411,551,-3654
alpha 0.005,2,52,-10,-421,552,-3664
alpha 0.005,2,53,-10,-431,553,-3674
alpha 0.005,2,54,-10,-441,554,-3684
alpha 0.005,2,55,-10,-451,555,-3694
alpha 0.005,2,56,-10,-461,556,-3704
alpha 0.005,2,57,-8,-469,557,-3712
alpha 0.005,2,58,-6,-475,558,-3718
alpha 0.005,2,59,-5,-480,559,-3723
alpha 0.005,2,60,-5,-485,560,-3728
alpha 0.005,2,61,-5,-490,561,-3733
alpha 0.005,2,62,-3,-493,562,-3736
alpha 0.005,2,63,-2,-495,563,-3738
alpha 0.005,2,64,-2,-497,564,-3740
alpha 0.005,2,65,-2,-499,565,-3742
alpha 0.005,2,66,2,-497,566,-3740
alpha 0.005,2,67,1,-496,567,-3739
alpha 0.005,2,68,2,-494,568,-3737
alpha 0.005,2,69,1,-493,569,-3736
alpha 0.005,2,70,-3,-496,570,-3739
alpha 0.005,2,71,-4,-500,571,-3743
alpha 0.005,2,72,-3,-503,572,-3746
alpha 0.005,2,73,-3,-506,573,-3749
alpha 0.005,2,74,-3,-509,574,-3752
alpha 0.005,2,75,-4,-513,575,-3756
alpha 0.005,2,76,-4,-517,576,-3760
alpha 0.005,2,77,-4,-521,577,-3764
alpha 0.005,2,78,-4,-525,578,-3768
alpha 0.005,2,79,-4,-529,579,-3772
alpha 0.005,2,80,-4,-533,580,-3776
alpha 0.005,2,81,-4,-537,581,-3780
alpha 0.005,2,82,-4,-541,582,-3784
alpha 0.005,2,83,-4,-545,583,-3788
alpha 0.005,2,84,-4,-549,584,-3792
alpha 0.005,2,85,-4,-553,585,-3796
alpha 0.005,2,86,-4,-557,586,-3800
alpha 0.005,2,87,-6,-563,587,-3806
alpha 0.005,2,88,-5,-568,588,-3811
alpha 0.005,2,89,-5,-573,589,-3816
alpha 0.005,2,90,-5,-578,590,-3821
alpha 0.005,2,91,-5,-583,591,-3826
alpha 0.005,2,92,-6,-589,592,-3832
alpha 0.005,2,93,-6,-595,593,-3838
alpha 0.005,2,94,-6,-601,594,-3844
alpha 0.005,2,95,-6,-607,595,-3850
alpha 0.005,2,96,-8,-615,596,-3858
alpha 0.005,2,97,-7,-622,597,-3865
alpha 0.005,2,98,-7,-629,598,-3872
alpha 0.005,2,99,-7,-636,599,-3879
alpha 0.005,2,100,-7,-643,600,-3886
alpha 0.005,2,101,-7,-650,601,-3893
alpha 0.005,2,102,-7,-657,602,-3900
alpha 0.005,2,103,-7,-664,603,-3907
alpha 0.005,2,104,-7,-671,604,-3914
alpha 0.005,2,105,-7,-678,605,-3921
alpha 0.005,2,106,-7,-685,606,-3928
alpha 0.005,2,107,-7,-692,607,-3935
alpha 0.005,2,108,-7,-699,608,-3942
alpha 0.005,2,109,-7,-706,609,-3949
alpha 0.005,2,110,-7,-713,610,-3956
alpha 0.005,2,111,-7,-720,611,-3963
alpha 0.005,2,112,-7,-727,612,-3970
alpha 0.005,2,113,-8,-735,613,-3978
alpha 0.005,2,114,-8,-743,614,-3986
alpha 0.005,2,115,-8,-751,615,-3994
alpha 0.005,2,116,-8,-759,616,-4002
alpha 0.005,2,117,-8,-767,617,-4010
alpha 0.005,2,118,-8,-775,618,-4018
alpha 0.005,2,119,-8,-783,619,-4026
alpha 0.005,2,120,-8,-791,620,-4034
alpha 0.005,2,121,-8,-799,621,-4042
alpha 0.005,2,122,-8,-807,622,-4050
alpha 0.005,2,123,-10,-817,623,-4060
alpha 0.005,2,124,-10,-827,624,-4070
alpha 0.005,2,125,-10,-837,625,-4080
alpha 0.005,2,126,-10,-847,626,-4090
alpha 0.005,2,127,-10,-857,627,-4100
alpha 0.005,2,128,-10,-867,628,-4110
alpha 0.005,2,129,-10,-877,629,-4120
alpha 0.005,2,130,-10,-887,630,-4130
alpha 0.005,2,131,-10,-897,631,-4140
alpha 0.005,2,132,-10,-907,632,-4150
alpha 0.005,2,133,-10,-917,633,-4160
alpha 0.005,2,134,-10,-927,634,-4170
alpha 0.005,2,135,-10,-937,635,-4180
alpha 0.005,2,136,-10,-947,636,-4190
alpha 0.005,2,137,-10,-957,637,-4200
alpha 0.005,2,138,-10,-967,638,-4210
alpha 0.005,2,139,-10,-977,639,-4220
alpha 0.005,2,140,-10,-987,640,-4230
alpha 0.005,2,141,-10,-997,641,-4240
alpha 0.005,2,142,-10,-1007,642,-4250
alpha 0.005,2,143,-10,-1017,643,-4260
alpha 0.005,2,144,-10,-1027,644,-4270
alpha 0.005,2,145,-10,-1037,645,-4280
alpha 0.005,2,146,-10,-1047,646,-4290
alpha 0.005,2,147,-10,-1057,647,-4300
alpha 0.005,2,148,-10,-1067,648,-4310
alpha 0.005,2,149,-10,-1077,649,-4320
alpha 0.005,2,150,-10,-1087,650,-4330
alpha 0.005,2,151,-10,-1097,651,-4340
alpha 0.005,2,152,-10,-1107,652,-4350
alpha 0.005,2,153,-10,-1117,653,-4360
alpha 0.005,2,154,-10,-1127,654,-4370
alpha 0.005,2,155,-10,-1137,655,-4380
alpha 0.005,2,156,-10,-1147,656,-4390
alpha 0.005,2,157,-10,-1157,657,-4400
alpha 0.005,2,158,-10,-1167,658,-4410
alpha 0.005,2,159,-10,-1177,659,-4420
alpha 0.005,2,160,-10,-1187,660,-4430
alpha 0.005,2,161,-10,-1197,661,-4440
alpha 0.005,2,162,-10,-1207,662,-4450
alpha 0.005,2,163,-10,-1217,663,-4460
alpha 0.005,2,164,-10,-1227,664,-4470
alpha 0.005,2,165,-10,-1237,665,-4480
alpha 0.005,2,166,-10,-1247,666,-4490
alpha 0.005,2,167,-10,-1257,667,-4500
alpha 0.005,2,168,-10,-1267,668,-4510
alpha 0.005,2,169,-10,-1277,669,-4520
alpha 0.005,2,170,-10,-1287,670,-4530
alpha 0.005,2,171,-8,-1295,671,-4538
alpha 0.005,2,172,-8,-1303,672,-4546
alpha 0.005,2,173,-8,-1311,673,-4554
alpha 0.005,2,174,-8,-1319,674,-4562
alpha 0.005,2,175,-8,-1327,675,-4570
alpha 0.005,2,176,-8,-1335,676,-4578
alpha 0.005,2,177,-7,-1342,677,-4585
alpha 0.005,2,178,-7,-1349,678,-4592
alpha 0.005,2,179,-7,-1356,679,-4599
alpha 0.005,2,180,-7,-1363,680,-4606
alpha 0.005,2,181,-7,-1370,681,-4613
alpha 0.005,2,182,-7,-1377,682,-4620
alpha 0.005,2,183,-7,-1384,683,-4627
alpha 0.005,2,184,-7,-1391,684,-4634
alpha 0.005,2,185,-6,-1397,685,-4640
alpha 0.005,2,186,-6,-1403,686,-4646
alpha 0.005,2,187,-5,-1408,687,-4651
alpha 0.005,2,188,-5,-1413,688,-4656
alpha 0.005,2,189,-5,-1418,689,-4661
alpha 0.005,2,190,-5,-1423,690,-4666
alpha 0.005,2,191,-5,-1428,691,-4671
alpha 0.005,2,192,-5,-1433,692,-4676
alpha 0.005,2,193,-5,-1438,693,-4681
alpha 0.005,2,194,-5,-1443,694,-4686
alpha 0.005,2,195,-5,-1448,695,-4691
alpha 0.005,2,196,-6,-1454,696,-4697
alpha 0.005,2,197,-6,-1460,697,-4703
alpha 0.005,2,198,-6,-1466,698,-4709
alpha 0.005,2,199,-7,-1473,699,-4716
alpha 0.005,2,200,-7,-1480,700,-4723
alpha 0.005,2,201,-7,-1487,701,-4730
alpha 0.005,2,202,-7,-1494,702,-4737
alpha 0.005,2,203,-7,-1501,703,-4744
alpha 0.005,2,204,-7,-1508,704,-4751
alpha 0.005,2,205,-7,-1515,705,-4758
alpha 0.005,2,206,-7,-1522,706,-4765
alpha 0.005,2,207,-8,-1530,707,-4773
alpha 0.005,2,208,-8,-1538,708,-4781
alpha 0.005,2,209,-8,-1546,709,-4789
alpha 0.005,2,210,-8,-1554,710,-4797
alpha 0.005,2,211,-8,-1562,711,-4805
alpha 0.005,2,212,-8,-1570,712,-4813
alpha 0.005,2,213,-8,-1578,713,-4821
alpha 0.005,2,214,-10,-1588,714,-4831
alpha 0.005,2,215,-10,-1598,715,-4841
alpha 0.005,2,216,-10,-1608,716,-4851
alpha 0.005,2,217,-10,-1618,717,-4861
alpha 0.005,2,218,-10,-1628,718,-4871
alpha 0.005,2,219,-10,-1638,719,-4881
alpha 0.005,2,220,-10,-1648,720,-4891
alpha 0.005,2,221,-10,-1658,721,-4901
alpha 0.005,2,222,-10,-1668,722,-4911
alpha 0.005,2,223,-10,-1678,723,-4921
alpha 0.005,2,224,-10,-1688,724,-4931
alpha 0.005,2,225,-10,-1698,725,-4941
alpha 0.005,2,226,-10,-1708,726,-4951
alpha 0.005,2,227,-10,-1718,727,-4961
alpha 0.005,2,228,-10,-1728,728,-4971
alpha 0.005,2,229,-10,-1738,729,-4981
alpha 0.005,2,230,-10,-1748,730,-4991
alpha 0.005,2,231,-10,-1758,731,-5001
alpha 0.005,2,232,-10,-1768,732,-5011
alpha 0.005,2,233,-10,-1778,733,-5021
alpha 0.005,2,234,-10,-1788,734,-5031
alpha 0.005,2,235,-10,-1798,735,-5041
alpha 0.005,2,236,-10,-1808,736,-5051
alpha 0.005,2,237,-10,-1818,737,-5061
alpha 0.005,2,238,-10,-1828,738,-5071
alpha 0.005,2,239,-10,-1838,739,-5081
alpha 0.005,2,240,-10,-1848,740,-5091
alpha 0.005,2,241,-10,-1858,741,-5101
alpha 0.005,2,242,-10,-1868,742,-5111
alpha 0.005,2,243,-10,-1878,743,-5121
alpha 0.005,2,244,-10,-1888,744,-5131
alpha 0.005,2,245,-10,-1898,745,-5141
alpha 0.005,2,246,-10,-1908,746,-5151
alpha 0.005,2,247,-10,-1918,747,-5161
alpha 0.005,2,248,-10,-1928,748,-5171
alpha 0.005,2,249,-10,-1938,749,-5181
alpha 0.005,2,250,-10,-1948,750,-5191
alpha 0.005,2,251,-10,-1958,751,-5201
alpha 0.005,2,252,-10,-1968,752,-5211
alpha 0.005,2,253,-10,-1978,753,-5221
alpha 0.005,2,254,-10,-1988,754,-5231
alpha 0.005,2,255,-10,-1998,755,-5241
alpha 0.005,2,256,-7,-2005,756,-5248
alpha 0.005,2,257,-7,-2012,757,-5255
alpha 0.005,2,258,-7,-2019,758,-5262
alpha 0.005,2,259,-7,-2026,759,-5269
alpha 0.005,2,260,-7,-2033,760,-5276
alpha 0.005,2,261,-7,-2040,761,-5283
alpha 0.005,2,262,-7,-2047,762,-5290
alpha 0.005,2,263,-7,-2054,763,-5297
alpha 0.005,2,264,-7,-2061,764,-5304
alpha 0.005,2,265,-7,-2068,765,-5311
alpha 0.005,2,266,-7,-2075,766,-5318
alpha 0.005,2,267,-7,-2082,767,-5325
alpha 0.005,2,268,-7,-2089,768,-5332
alpha 0.005,2,269,-7,-2096,769,-5339
alpha 0.005,2,270,-7,-2103,770,-5346
alpha 0.005,2,271,-7,-2110,771,-5353
alpha 0.005,2,272,-7,-2117,772,-5360
alpha 0.005,2,273,-5,-2122,773,-5365
alpha 0.005,2,274,-5,-2127,774,-5370
alpha 0.005,2,275,-5,-2132,775,-5375
alpha 0.005,2,276,-4,-2136,776,-5379
alpha 0.005,2,277,-4,-2140,777,-5383
alpha 0.005,2,278,-4,-2144,778,-5387
alpha 0.005,2,279,-4,-2148,779,-5391
alpha 0.005,2,280,-4,-2152,780,-5395
alpha 0.005,2,281,-4,-2156,781,-5399
alpha 0.005,2,282,-4,-2160,782,-5403
alpha 0.005,2,283,-4,-2164,783,-5407
alpha 0.005,2,284,-4,-2168,784,-5411
alpha 0.005,2,285,-4,-2172,785,-5415
alpha 0.005,2,286,-4,-2176,786,-5419
alpha 0.005,2,287,-4,-2180,787,-5423
alpha 0.005,2,288,-4,-2184,788,-5427
alpha 0.005,2,289,-4,-2188,789,-5431
alpha 0.005,2,290,-4,-2192,790,-5435
alpha 0.005,2,291,-4,-2196,791,-5439
alpha 0.005,2,292,-4,-2200,792,-5443
alpha 0.005,2,293,-4,-2204,793,-5447
alpha 0.005,2,294,-4,-2208,794,-5451
alpha 0.005,2,295,-3,-2211,795,-5454
alpha 0.005,2,296,-2,-2213,796,-5456
alpha 0.005,2,297,-2,-2215,797,-5458
alpha 0.005,2,298,-1,-2216,798,-5459
alpha 0.005,2,299,-2,-2218,799,-5461
alpha 0.005,2,300,-1,-2219,800,-5462
alpha 0.005,2,301,1,-2218,801,-5461
alpha 0.005,2,302,1,-2217,802,-5460
alpha 0.005,2,303,1,-2216,803,-5459
alpha 0.005,2,304,1,-2215,804,-5458
alpha 0.005,2,305,1,-2214,805,-5457
alpha 0.005,2,306,1,-2213,806,-5456
alpha 0.005,2,307,1,-2212,807,-5455
alpha 0.005,2,308,-1,-2213,808,-5456
alpha 0.005,2,309,-2,-2215,809,-5458
alpha 0.005,2,310,-2,-2217,810,-5460
alpha 0.005,2,311,-2,-2219,811,-5462
alpha 0.005,2,312,-2,-2221,812,-5464
alpha 0.005,2,313,-3,-2224,813,-5467
alpha 0.005,2,314,-3,-2227,814,-5470
alpha 0.005,2,315,-2,-2229,815,-5472
alpha 0.005,2,316,-2,-2231,816,-5474
alpha 0.005,2,317,-2,-2233,817,-5476
alpha 0.005,2,318,-2,-2235,818,-5478
alpha 0.005,2,319,-2,-2237,819,-5480
alpha 0.005,2,320,-2,-2239,820,-5482
alpha 0.005,2,321,-2,-2241,821,-5484
alpha 0.005,2,322,-2,-2243,822,-5486
alpha 0.005,2,323,-3,-2246,823,-5489
alpha 0.005,2,324,-4,-2250,824,-5493
alpha 0.005,2,325,-4,-2254,825,-5497
alpha 0.005,2,326,-4,-2258,826,-5501
alpha 0.005,2,327,-4,-2262,827,-5505
alpha 0.005,2,328,-5,-2267,828,-5510
alpha 0.005,2,329,-5,-2272,829,-5515
alpha 0.005,2,330,-5,-2277,830,-5520
alpha 0.005,2,331,-5,-2282,831,-5525
alpha 0.005,2,332,-5,-2287,832,-5530
alpha 0.005,2,333,-5,-2292,833,-5535
alpha 0.005,2,334,-5,-2297,834,-5540
alpha 0.005,2,335,-5,-2302,835,-5545
alpha 0.005,2,336,-5,-2307,836,-5550
alpha 0.005,2,337,-6,-2313,837,-5556
alpha 0.005,2,338,-6,-2319,838,-5562
alpha 0.005,2,339,-6,-2325,839,-5568
alpha 0.005,2,340,-6,-2331,840,-5574
alpha 0.005,2,341,-6,-2337,841,-5580
alpha 0.005,2,342,-6,-2343,842,-5586
alpha 0.005,2,343,-6,-2349,843,-5592
alpha 0.005,2,344,-6,-2355,844,-5598
alpha 0.005,2,345,-6,-2361,845,-5604
alpha 0.005,2,346,-6,-2367,846,-5610
alpha 0.005,2,347,-6,-2373,847,-5616
alpha 0.005,2,348,-6,-2379,848,-5622
alpha 0.005,2,349,-6,-2385,849,-5628
alpha 0.005,2,350,-8,-2393,850,-5636
alpha 0.005,2,351,-8,-2401,851,-5644
alpha 0.005,2,352,-8,-2409,852,-5652
alpha 0.005,2,353,-8,-2417,853,-5660
alpha 0.005,2,354,-8,-2425,854,-5668
alpha 0.005,2,355,-8,-2433,855,-5676
alpha 0.005,2,356,-8,-2441,856,-5684
alpha 0.005,2,357,-8,-2449,857,-5692
alpha 0.005,2,358,-8,-2457,858,-5700
alpha 0.005,2,359,-8,-2465,859,-5708
alpha 0.005,2,360,-10,-2475,860,-5718
alpha 0.005,2,361,-10,-2485,861,-5728
alpha 0.005,2,362,-10,-2495,862,-5738
alpha 0.005,2,363,-10,-2505,863,-5748
alpha 0.005,2,364,-10,-2515,864,-5758
alpha 0.005,2,365,-10,-2525,865,-5768
alpha 0.005,2,366,-10,-2535,866,-5778
alpha 0.005,2,367,-10,-2545,867,-5788
alpha 0.005,2,368,-10,-2555,868,-5798
alpha 0.005,2,369,-10,-2565,869,-5808
alpha 0.005,2,370,-10,-2575,870,-5818
alpha 0.005,2,371,-10,-2585,871,-5828
alpha 0.005,2,372,-10,-2595,872,-5838
alpha 0.005,2,373,-10,-2605,873,-5848
alpha 0.005,2,374,-10,-2615,874,-5858
alpha 0.005,2,375,-10,-2625,875,-5868
alpha 0.005,2,376,-10,-2635,876,-5878
alpha 0.005,2,377,-10,-2645,877,-5888
alpha 0.005,2,378,-10,-2655,878,-5898
alpha 0.005,2,379,-10,-2665,879,-5908
alpha 0.005,2,380,-10,-2675,880,-5918
alpha 0.005,2,381,-10,-2685,881,-5928
alpha 0.005,2,382,-10,-2695,882,-5938
alpha 0.005,2,383,-10,-2705,883,-5948
alpha 0.005,2,384,-10,-2715,884,-5958
alpha 0.005,2,385,-10,-2725,885,-5968
alpha 0.005,2,386,-10,-2735,886,-5978
alpha 0.005,2,387,-10,-2745,887,-5988
alpha 0.005,2,388,-10,-2755,888,-5998
alpha 0.005,2,389,-10,-2765,889,-6008
alpha 0.005,2,390,-10,-2775,890,-6018
alpha 0.005,2,391,-10,-2785,891,-6028
alpha 0.005,2,392,-10,-2795,892,-6038
alpha 0.005,2,393,-10,-2805,893,-6048
alpha 0.005,2,394,-10,-2815,894,-6058
alpha 0.005,2,395,-10,-2825,895,-6068
alpha 0.005,2,396,-10,-2835,896,-6078
alpha 0.005,2,397,-10,-2845,897,-6088
alpha 0.005,2,398,-10,-2855,898,-6098
alpha 0.005,2,399,-10,-2865,899,-6108
alpha 0.005,2,400,-10,-2875,900,-6118
alpha 0.005,2,401,-10,-2885,901,-6128
alpha 0.005,2,402,-10,-2895,902,-6138
alpha 0.005,2,403,-10,-2905,903,-6148
alpha 0.005,2,404,-10,-2915,904,-6158
alpha 0.005,2,405,-10,-2925,905,-6168
alpha 0.005,2,406,-10,-2935,906,-6178
alpha 0.005,2,407,-10,-2945,907,-6188
alpha 0.005,2,408,-10,-2955,908,-6198
alpha 0.005,2,409,-10,-2965,909,-6208
alpha 0.005,2,410,-10,-2975,910,-6218
alpha 0.005,2,411,-10,-2985,911,-6228
alpha 0.005,2,412,-10,-2995,912,-6238
alpha 0.005,2,413,-10,-3005,913,-6248
alpha 0.005,2,414,-8,-3013,914,-6256
alpha 0.005,2,415,-8,-3021,915,-6264
alpha 0.005,2,416,-8,-3029,916,-6272
alpha 0.005,2,417,-8,-3037,917,-6280
alpha 0.005,2,418,-8,-3045,918,-6288
alpha 0.005,2,419,-8,-3053,919,-6296
alpha 0.005,2,420,-8,-3061,920,-6304
alpha 0.005,2,421,-7,-3068,921,-6311
alpha 0.005,2,422,-7,-3075,922,-6318
alpha 0.005,2,423,-7,-3082,923,-6325
alpha 0.005,2,424,-7,-3089,924,-6332
alpha 0.005,2,425,-7,-3096,925,-6339
alpha 0.005,2,426,-7,-3103,926,-6346
alpha 0.005,2,427,-7,-3110,927,-6353
alpha 0.005,2,428,-7,-3117,928,-6360
alpha 0.005,2,429,-6,-3123,929,-6366
alpha 0.005,2,430,-6,-3129,930,-6372
alpha 0.005,2,431,-6,-3135,931,-6378
alpha 0.005,2,432,-5,-3140,932,-6383
alpha 0.005,2,433,-5,-3145,933,-6388
alpha 0.005,2,434,-5,-3150,934,-6393
alpha 0.005,2,435,-5,-3155,935,-6398
alpha 0.005,2,436,-5,-3160,936,-6403
alpha 0.005,2,437,-5,-3165,937,-6408
alpha 0.005,2,438,-5,-3170,938,-6413
alpha 0.005,2,439,-5,-3175,939,-6418
alpha 0.005,2,440,-5,-3180,940,-6423
alpha 0.005,2,441,-5,-3185,941,-6428
alpha 0.005,2,442,-6,-3191,942,-6434
alpha 0.005,2,443,-6,-3197,943,-6440
alpha 0.005,2,444,-6,-3203,944,-6446
alpha 0.005,2,445,-7,-3210,945,-6453
alpha 0.005,2,446,-7,-3217,946,-6460
alpha 0.005,2,447,-7,-3224,947,-6467
alpha 0.005,2,448,-7,-3231,948,-6474
alpha 0.005,2,449,-7,-3238,949,-6481
alpha 0.005,2,450,-7,-3245,950,-6488
alpha 0.005,2,451,-7,-3252,951,-6495
alpha 0.005,2,452,-7,-3259,952,-6502
alpha 0.005,2,453,-7,-3266,953,-6509
alpha 0.005,2,454,-7,-3273,954,-6516
alpha 0.005,2,455,-8,-3281,955,-6524
alpha 0.005,2,456,-8,-3289,956,-6532
alpha 0.005,2,457,-8,-3297,957,-6540
alpha 0.005,2,458,-8,-3305,958,-6548
alpha 0.005,2,459,-8,-3313,959,-6556
alpha 0.005,2,460,-8,-3321,960,-6564
alpha 0.005,2,461,-8,-3329,961,-6572
alpha 0.005,2,462,-8,-3337,962,-6580
alpha 0.005,2,463,-8,-3345,963,-6588
alpha 0.005,2,464,-8,-3353,964,-6596
alpha 0.005,2,465,-8,-3361,965,-6604
alpha 0.005,2,466,-8,-3369,966,-6612
alpha 0.005,2,467,-10,-3379,967,-6622
alpha 0.005,2,468,-10,-3389,968,-6632
alpha 0.005,2,469,-10,-3399,969,-6642
alpha 0.005,2,470,-10,-3409,970,-6652
alpha 0.005,2,471,-10,-3419,971,-6662
alpha 0.005,2,472,-10,-3429,972,-6672
alpha 0.005,2,473,-10,-3439,973,-6682
alpha 0.005,2,474,-10,-3449,974,-6692
alpha 0.005,2,475,-10,-3459,975,-6702
alpha 0.005,2,476,-10,-3469,976,-6712
alpha 0.005,2,477,-10,-3479,977,-6722
alpha 0.005,2,478,-10,-3489,978,-6732
alpha 0.005,2,479,-10,-3499,979,-6742
alpha 0.005,2,480,-10,-3509,980,-6752
alpha 0.005,2,481,-10,-3519,981,-6762
alpha 0.005,2,482,-10,-3529,982,-6772
alpha 0.005,2,483,-10,-3539,983,-6782
alpha 0.005,2,484,-10,-3549,984,-6792
alpha 0.005,2,485,-10,-3559,985,-6802
alpha 0.005,2,486,-10,-3569,986,-6812
alpha 0.005,2,487,-10,-3579,987,-6822
alpha 0.005,2,488,-10,-3589,988,-6832
alpha 0.005,2,489,-10,-3599,989,-6842
alpha 0.005,2,490,-10,-3609,990,-6852
alpha 0.005,2,491,-10,-3619,991,-6862
alpha 0.005,2,492,-10,-3629,992,-6872
alpha 0.005,2,493,-10,-3639,993,-6882
alpha 0.005,2,494,-10,-3649,994,-6892
alpha 0.005,2,495,-10,-3659,995,-6902
alpha 0.005,2,496,-10,-3669,996,-6912
alpha 0.005,2,497,-10,-3679,997,-6922
alpha 0.005,2,498,-10,-3689,998,-6932
alpha 0.005,2,499,-10,-3699,999,-6942
alpha 0.005,2,500,-10,-3709,1000,-6952
alpha 0.005,3,1,2,2,1001,-6950
alpha 0.005,3,2,-1,1,1002,-6951
alpha 0.005,3,3,-6,-5,1003,-6957
alpha 0.005,3,4,-8,-13,1004,-6965
alpha 0.005,3,5,-10,-23,1005,-6975
alpha 0.005,3,6,-10,-33,1006,-6985
alpha 0.005,3,7,-10,-43,1007,-6995
alpha 0.005,3,8,-10,-53,1008,-7005
alpha 0.005,3,9,-10,-63,1009,-7015
alpha 0.005,3,10,-10,-73,1010,-7025
alpha 0.005,3,11,-10,-83,1011,-7035
alpha 0.005,3,12,-10,-93,1012,-7045
alpha 0.005,3,13,-10,-103,1013,-7055
alpha 0.005,3,14,-10,-113,1014,-7065
alpha 0.005,3,15,-10,-123,1015,-7075
alpha 0.005,3,16,-10,-133,1016,-7085
alpha 0.005,3,17,-10,-143,1017,-7095
alpha 0.005,3,18,-10,-153,1018,-7105
alpha 0.005,3,19,-10,-163,1019,-7115
alpha 0.005,3,20,-10,-173,1020,-7125
alpha 0.005,3,21,-10,-183,1021,-7135
alpha 0.005,3,22,-10,-193,1022,-7145
alpha 0.005,3,23,-10,-203,1023,-7155
alpha 0.005,3,24,-10,-213,1024,-7165
alpha 0.005,3,25,-10,-223,1025,-7175
alpha 0.005,3,26,-10,-233,1026,-7185
alpha 0.005,3,27,-10,-243,1027,-7195
alpha 0.005,3,28,-10,-253,1028,-7205
alpha 0.005,3,29,-10,-263,1029,-7215
alpha 0.005,3,30,-10,-273,1030,-7225
alpha 0.005,3,31,-10,-283,1031,-7235
alpha 0.005,3,32,-8,-291,1032,-7243
alpha 0.005,3,33,-8,-299,1033,-7251
alpha 0.005,3,34,-8,-307,1034,-7259
alpha 0.005,3,35,-8,-315,1035,-7267
alpha 0.005,3,36,-8,-323,1036,-7275
alpha 0.005,3,37,-8,-331,1037,-7283
alpha 0.005,3,38,-8,-339,1038,-7291
alpha 0.005,3,39,-8,-347,1039,-7299
alpha 0.005,3,40,-8,-355,1040,-7307
alpha 0.005,3,41,-7,-362,1041,-7314
alpha 0.005,3,42,-7,-369,1042,-7321
alpha 0.005,3,43,-5,-374,1043,-7326
alpha 0.005,3,44,-5,-379,1044,-7331
alpha 0.005,3,45,-5,-384,1045,-7336
alpha 0.005,3,46,-5,-389,1046,-7341
alpha 0.005,3,47,-5,-394,1047,-7346
alpha 0.005,3,48,-5,-399,1048,-7351
alpha 0.005,3,49,-5,-404,1049,-7356
alpha 0.005,3,50,-5,-409,1050,-7361
alpha 0.005,3,51,-5,-414,1051,-7366
alpha 0.005,3,52,-5,-419,1052,-7371
alpha 0.005,3,53,-4,-423,1053,-7375
alpha 0.005,3,54,-3,-426,1054,-7378
alpha 0.005,3,55,-4,-430,1055,-7382
alpha 0.005,3,56,-4,-434,1056,-7386
alpha 0.005,3,57,-4,-438,1057,-7390
alpha 0.005,3,58,-4,-442,1058,-7394
alpha 0.005,3,59,-4,-446,1059,-7398
alpha 0.005,3,60,-4,-450,1060,-7402
alpha 0.005,3,61,-4,-454,1061,-7406
alpha 0.005,3,62,-4,-458,1062,-7410
alpha 0.005,3,63,-4,-462,1063,-7414
alpha 0.005,3,64,-4,-466,1064,-7418
alpha 0.005,3,65,-4,-470,1065,-7422
alpha 0.005,3,66,-4,-474,1066,-7426
alpha 0.005,3,67,-3,-477,1067,-7429
alpha 0.005,3,68,-3,-480,1068,-7432
alpha 0.005,3,69,-3,-483,1069,-7435
alpha 0.005,3,70,-3,-486,1070,-7438
alpha 0.005,3,71,-3,-489,1071,-7441
alpha 0.005,3,72,-3,-492,1072,-7444
alpha 0.005,3,73,-3,-495,1073,-7447
alpha 0.005,3,74,-2,-497,1074,-7449
alpha 0.005,3,75,-3,-500,1075,-7452
alpha 0.005,3,76,1,-499,1076,-7451
alpha 0.005,3,77,1,-498,1077,-7450
alpha 0.005,3,78,1,-497,1078,-7449
alpha 0.005,3,79,-1,-498,1079,-7450
alpha 0.005,3,80,-2,-500,1080,-7452
alpha 0.005,3,81,-3,-503,1081,-7455
alpha 0.005,3,82,-3,-506,1082,-7458
alpha 0.005,3,83,-3,-509,1083,-7461
alpha 0.005,3,84,-3,-512,1084,-7464
alpha 0.005,3,85,-3,-515,1085,-7467
alpha 0.005,3,86,-4,-519,1086,-7471
alpha 0.005,3,87,-4,-523,1087,-7475
alpha 0.005,3,88,-4,-527,1088,-7479
alpha 0.005,3,89,-3,-530,1089,-7482
alpha 0.005,3,90,-3,-533,1090,-7485
alpha 0.005,3,91,-4,-537,1091,-7489
alpha 0.005,3,92,-4,-541,1092,-7493
alpha 0.005,3,93,-4,-545,1093,-7497
alpha 0.005,3,94,-4,-549,1094,-7501
alpha 0.005,3,95,-4,-553,1095,-7505
alpha 0.005,3,96,-4,-557,1096,-7509
alpha 0.005,3,97,-4,-561,1097,-7513
alpha 0.005,3,98,-4,-565,1098,-7517
alpha 0.005,3,99,-5,-570,1099,-7522
alpha 0.005,3,100,-5,-575,1100,-7527
alpha 0.005,3,101,-5,-580,1101,-7532
alpha 0.005,3,102,-5,-585,1102,-7537
alpha 0.005,3,103,-5,-590,1103,-7542
alpha 0.005,3,104,-5,-595,1104,-7547
alpha 0.005,3,105,-5,-600,1105,-7552
alpha 0.005,3,106,-5,-605,1106,-7557
alpha 0.005,3,107,-5,-610,1107,-7562
alpha 0.005,3,108,-5,-615,1108,-7567
alpha 0.005,3,109,-5,-620,1109,-7572
alpha 0.005,3,110,-5,-625,1110,-7577
alpha 0.005,3,111,-8,-633,1111,-7585
alpha 0.005,3,112,-8,-641,1112,-7593
alpha 0.005,3,113,-8,-649,1113,-7601
alpha 0.005,3,114,-8,-657,1114,-7609
alpha 0.005,3,115,-8,-665,1115,-7617
alpha 0.005,3,116,-8,-673,1116,-7625
alpha 0.005,3,117,-8,-681,1117,-7633
alpha 0.005,3,118,-8,-689,1118,-7641
alpha 0.005,3,119,-8,-697,1119,-7649
alpha 0.005,3,120,-8,-705,1120,-7657
alpha 0.005,3,121,-8,-713,1121,-7665
alpha 0.005,3,122,-8,-721,1122,-7673
alpha 0.005,3,123,-10,-731,1123,-7683
alpha 0.005,3,124,-10,-741,1124,-7693
alpha 0.005,3,125,-10,-751,1125,-7703
alpha 0.005,3,126,-10,-761,1126,-7713
alpha 0.005,3,127,-10,-771,1127,-7723
alpha 0.005,3,128,-10,-781,1128,-7733
alpha 0.005,3,129,-10,-791,1129,-7743
alpha 0.005,3,130,-10,-801,1130,-7753
alpha 0.005,3,131,-10,-811,1131,-7763
alpha 0.005,3,132,-10,-821,1132,-7773
alpha 0.005,3,133,-10,-831,1133,-7783
alpha 0.005,3,134,-10,-841,1134,-7793
alpha 0.005,3,135,-10,-851,1135,-7803
alpha 0.005,3,136,-10,-861,1136,-7813
alpha 0.005,3,137,-10,-871,1137,-7823
alpha 0.005,3,138,-10,-881,1138,-7833
alpha 0.005,3,139,-10,-891,1139,-7843
alpha 0.005,3,140,-10,-901,1140,-7853
alpha 0.005,3,141,-10,-911,1141,-7863
alpha 0.005,3,142,-10,-921,1142,-7873
alpha 0.005,3,143,-10,-931,1143,-7883
alpha 0.005,3,144,-10,-941,1144,-7893
alpha 0.005,3,145,-10,-951,1145,-7903
alpha 0.005,3,146,-10,-961,1146,-7913
alpha 0.005,3,147,-10,-971,1147,-7923
alpha 0.005,3,148,-10,-981,1148,-7933
alpha 0.005,3,149,-10,-991,1149,-7943
alpha 0.005,3,150,-10,-1001,1150,-7953
alpha 0.005,3,151,-10,-1011,1151,-7963
alpha 0.005,3,152,-10,-1021,1152,-7973
alpha 0.005,3,153,-10,-1031,1153,-7983
alpha 0.005,3,154,-10,-1041,1154,-7993
alpha 0.005,3,155,-10,-1051,1155,-8003
alpha 0.005,3,156,-10,-1061,1156,-8013
alpha 0.005,3,157,-10,-1071,1157,-8023
alpha 0.005,3,158,-10,-1081,1158,-8033
alpha 0.005,3,159,-10,-1091,1159,-8043
alpha 0.005,3,160,-10,-1101,1160,-8053
alpha 0.005,3,161,-10,-1111,1161,-8063
alpha 0.005,3,162,-10,-1121,1162,-8073
alpha 0.005,3,163,-10,-1131,1163,-8083
alpha 0.005,3,164,-10,-1141,1164,-8093
alpha 0.005,3,165,-8,-1149,1165,-8101
alpha 0.005,3,166,-8,-1157,1166,-8109
alpha 0.005,3,167,-8,-1165,1167,-8117
alpha 0.005,3,168,-8,-1173,1168,-8125
alpha 0.005,3,169,-8,-1181,1169,-8133
alpha 0.005,3,170,-8,-1189,1170,-8141
alpha 0.005,3,171,-8,-1197,1171,-8149
alpha 0.005,3,172,-8,-1205,1172,-8157
alpha 0.005,3,173,-8,-1213,1173,-8165
alpha 0.005,3,174,-8,-1221,1174,-8173
alpha 0.005,3,175,-8,-1229,1175,-8181
alpha 0.005,3,176,-8,-1237,1176,-8189
alpha 0.005,3,177,-7,-1244,1177,-8196
alpha 0.005,3,178,-7,-1251,1178,-8203
alpha 0.005,3,179,-7,-1258,1179,-8210
alpha 0.005,3,180,-7,-1265,1180,-8217
alpha 0.005,3,181,-7,-1272,1181,-8224
alpha 0.005,3,182,-7,-1279,1182,-8231
alpha 0.005,3,183,-7,-1286,1183,-8238
alpha 0.005,3,184,-7,-1293,1184,-8245
alpha 0.005,3,185,-7,-1300,1185,-8252
alpha 0.005,3,186,-7,-1307,1186,-8259
alpha 0.005,3,187,-7,-1314,1187,-8266
alpha 0.005,3,188,-7,-1321,1188,-8273
alpha 0.005,3,189,-7,-1328,1189,-8280
alpha 0.005,3,190,-7,-1335,1190,-8287
alpha 0.005,3,191,-7,-1342,1191,-8294
alpha 0.005,3,192,-6,-1348,1192,-8300
alpha 0.005,3,193,-6,-1354,1193,-8306
alpha 0.005,3,194,-6,-1360,1194,-8312
alpha 0.005,3,195,-5,-1365,1195,-8317
alpha 0.005,3,196,-5,-1370,1196,-8322
alpha 0.005,3,197,-5,-1375,1197,-8327
alpha 0.005,3,198,-5,-1380,1198,-8332
alpha 0.005,3,199,-5,-1385,1199,-8337
alpha 0.005,3,200,-5,-1390,1200,-8342
alpha 0.005,3,201,-5,-1395,1201,-8347
alpha 0.005,3,202,-5,-1400,1202,-8352
alpha 0.005,3,203,-5,-1405,1203,-8357
alpha 0.005,3,204,-5,-1410,1204,-8362
alpha 0.005,3,205,-5,-1415,1205,-8367
alpha 0.005,3,206,-5,-1420,1206,-8372
alpha 0.005,3,207,-5,-1425,1207,-8377
alpha 0.005,3,208,-5,-1430,1208,-8382
alpha 0.005,3,209,-5,-1435,1209,-8387
alpha 0.005,3,210,-5,-1440,1210,-8392
alpha 0.005,3,211,-6,-1446,1211,-8398
alpha 0.005,3,212,-6,-1452,1212,-8404
alpha 0.005,3,213,-6,-1458,1213,-8410
alpha 0.005,3,214,-6,-1464,1214,-8416
alpha 0.005,3,215,-6,-1470,1215,-8422
alpha 0.005,3,216,-7,-1477,1216,-8429
alpha 0.005,3,217,-7,-1484,1217,-8436
alpha 0.005,3,218,-7,-1491,1218,-8443
alpha 0.005,3,219,-7,-1498,1219,-8450
alpha 0.005,3,220,-7,-1505,1220,-8457
alpha 0.005,3,221,-7,-1512,1221,-8464
alpha 0.005,3,222,-7,-1519,1222,-8471
alpha 0.005,3,223,-7,-1526,1223,-8478
alpha 0.005,3,224,-7,-1533,1224,-8485
alpha 0.005,3,225,-7,-1540,1225,-8492
alpha 0.005,3,226,-7,-1547,1226,-8499
alpha 0.005,3,227,-7,-1554,1227,-8506
alpha 0.005,3,228,-7,-1561,1228,-8513
alpha 0.005,3,229,-7,-1568,1229,-8520
alpha 0.005,3,230,-7,-1575,1230,-8527
alpha 0.005,3,231,-7,-1582,1231,-8534
alpha 0.005,3,232,-7,-1589,1232,-8541
alpha 0.005,3,233,-8,-1597,1233,-8549
alpha 0.005,3,234,-8,-1605,1234,-8557
alpha 0.005,3,235,-8,-1613,1235,-8565
alpha 0.005,3,236,-8,-1621,1236,-8573
alpha 0.005,3,237,-8,-1629,1237,-8581
alpha 0.005,3,238,-8,-1637,1238,-8589
alpha 0.005,3,239,-8,-1645,1239,-8597
alpha 0.005,3,240,-8,-1653,1240,-8605
alpha 0.005,3,241,-8,-1661,1241,-8613
alpha 0.005,3,242,-8,-1669,1242,-8621
alpha 0.005,3,243,-8,-1677,1243,-8629
alpha 0.005,3,244,-8,-1685,1244,-8637
alpha 0.005,3,245,-8,-1693,1245,-8645
alpha 0.005,3,246,-8,-1701,1246,-8653
alpha 0.005,3,247,-8,-1709,1247,-8661
alpha 0.005,3,248,-8,-1717,1248,-8669
alpha 0.005,3,249,-8,-1725,1249,-8677
alpha 0.005,3,250,-8,-1733,1250,-8685
alpha 0.005,3,251,-10,-1743,1251,-8695
alpha 0.005,3,252,-8,-1751,1252,-8703
alpha 0.005,3,253,-8,-1759,1253,-8711
alpha 0.005,3,254,-8,-1767,1254,-8719
alpha 0.005,3,255,-8,-1775,1255,-8727
alpha 0.005,3,256,-8,-1783,1256,-8735
alpha 0.005,3,257,-8,-1791,1257,-8743
alpha 0.005,3,258,-8,-1799,1258,-8751
alpha 0.005,3,259,-8,-1807,1259,-8759
alpha 0.005,3,260,-8,-1815,1260,-8767
alpha 0.005,3,261,-8,-1823,1261,-8775
alpha 0.005,3,262,-8,-1831,1262,-8783
alpha 0.005,3,263,-8,-1839,1263,-8791
alpha 0.005,3,264,-8,-1847,1264,-8799
alpha 0.005,3,265,-8,-1855,1265,-8807
alpha 0.005,3,266,-8,-1863,1266,-8815
alpha 0.005,3,267,-8,-1871,1267,-8823
alpha 0.005,3,268,-8,-1879,1268,-8831
alpha 0.005,3,269,-8,-1887,1269,-8839
alpha 0.005,3,270,-8,-1895,1270,-8847
alpha 0.005,3,271,-8,-1903,1271,-8855
alpha 0.005,3,272,-8,-1911,1272,-8863
alpha 0.005,3,273,-8,-1919,1273,-8871
alpha 0.005,3,274,-8,-1927,1274,-8879
alpha 0.005,3,275,-8,-1935,1275,-8887
alpha 0.005,3,276,-8,-1943,1276,-8895
alpha 0.005,3,277,-8,-1951,1277,-8903
alpha 0.005,3,278,-8,-1959,1278,-8911
alpha 0.005,3,279,-8,-1967,1279,-8919
alpha 0.005,3,280,-8,-1975,1280,-8927
alpha 0.005,3,281,-6,-1981,1281,-8933
alpha 0.005,3,282,-6,-1987,1282,-8939
alpha 0.005,3,283,-6,-1993,1283,-8945
alpha 0.005,3,284,-5,-1998,1284,-8950
alpha 0.005,3,285,-5,-2003,1285,-8955
alpha 0.005,3,286,-5,-2008,1286,-8960
alpha 0.005,3,287,-5,-2013,1287,-8965
alpha 0.005,3,288,-5,-2018,1288,-8970
alpha 0.005,3,289,-5,-2023,1289,-8975
alpha 0.005,3,290,-5,-2028,1290,-8980
alpha 0.005,3,291,-5,-2033,1291,-8985
alpha 0.005,3,292,-5,-2038,1292,-8990
alpha 0.005,3,293,-5,-2043,1293,-8995
alpha 0.005,3,294,-5,-2048,1294,-9000
alpha 0.005,3,295,-5,-2053,1295,-9005
alpha 0.005,3,296,-5,-2058,1296,-9010
alpha 0.005,3,297,-5,-2063,1297,-9015
alpha 0.005,3,298,-5,-2068,1298,-9020
alpha 0.005,3,299,-5,-2073,1299,-9025
alpha 0.005,3,300,-5,-2078,1300,-9030
alpha 0.005,3,301,-5,-2083,1301,-9035
alpha 0.005,3,302,-5,-2088,1302,-9040
alpha 0.005,3,303,-5,-2093,1303,-9045
alpha 0.005,3,304,-4,-2097,1304,-9049
alpha 0.005,3,305,-3,-2100,1305,-9052
alpha 0.005,3,306,-3,-2103,1306,-9055
alpha 0.005,3,307,-3,-2106,1307,-9058
alpha 0.005,3,308,-3,-2109,1308,-9061
alpha 0.005,3,309,-3,-2112,1309,-9064
alpha 0.005,3,310,-3,-2115,1310,-9067
alpha 0.005,3,311,-3,-2118,1311,-9070
alpha 0.005,3,312,-5,-2123,1312,-9075
alpha 0.005,3,313,-5,-2128,1313,-9080
alpha 0.005,3,314,-5,-2133,1314,-9085
alpha 0.005,3,315,-3,-2136,1315,-9088
alpha 0.005,3,316,-3,-2139,1316,-9091
alpha 0.005,3,317,-3,-2142,1317,-9094
alpha 0.005,3,318,-5,-2147,1318,-9099
alpha 0.005,3,319,-5,-2152,1319,-9104
alpha 0.005,3,320,-5,-2157,1320,-9109
alpha 0.005,3,321,-5,-2162,1321,-9114
alpha 0.005,3,322,-5,-2167,1322,-9119
alpha 0.005,3,323,-5,-2172,1323,-9124
alpha 0.005,3,324,-5,-2177,1324,-9129
alpha 0.005,3,325,-5,-2182,1325,-9134
alpha 0.005,3,326,-5,-2187,1326,-9139
alpha 0.005,3,327,-5,-2192,1327,-9144
alpha 0.005,3,328,-5,-2197,1328,-9149
alpha 0.005,3,329,-5,-2202,1329,-9154
alpha 0.005,3,330,-3,-2205,1330,-9157
alpha 0.005,3,331,-3,-2208,1331,-9160
alpha 0.005,3,332,-3,-2211,1332,-9163
alpha 0.005,3,333,-3,-2214,1333,-9166
alpha 0.005,3,334,-3,-2217,1334,-9169
alpha 0.005,3,335,-3,-2220,1335,-9172
alpha 0.005,3,336,-3,-2223,1336,-9175
alpha 0.005,3,337,-3,-2226,1337,-9178
alpha 0.005,3,338,-3,-2229,1338,-9181
alpha 0.005,3,339,-3,-2232,1339,-9184
alpha 0.005,3,340,-4,-2236,1340,-9188
alpha 0.005,3,341,-4,-2240,1341,-9192
alpha 0.005,3,342,-4,-2244,1342,-9196
alpha 0.005,3,343,-6,-2250,1343,-9202
alpha 0.005,3,344,-6,-2256,1344,-9208
alpha 0.005,3,345,-6,-2262,1345,-9214
alpha 0.005,3,346,-6,-2268,1346,-9220
alpha 0.005,3,347,-6,-2274,1347,-9226
alpha 0.005,3,348,-6,-2280,1348,-9232
alpha 0.005,3,349,-6,-2286,1349,-9238
alpha 0.005,3,350,-6,-2292,1350,-9244
alpha 0.005,3,351,-4,-2296,1351,-9248
alpha 0.005,3,352,-5,-2301,1352,-9253
alpha 0.005,3,353,-5,-2306,1353,-9258
alpha 0.005,3,354,-5,-2311,1354,-9263
alpha 0.005,3,355,-5,-2316,1355,-9268
alpha 0.005,3,356,-5,-2321,1356,-9273
alpha 0.005,3,357,-5,-2326,1357,-9278
alpha 0.005,3,358,-7,-2333,1358,-9285
alpha 0.005,3,359,-7,-2340,1359,-9292
alpha 0.005,3,360,-5,-2345,1360,-9297
alpha 0.005,3,361,-4,-2349,1361,-9301
alpha 0.005,3,362,-4,-2353,1362,-9305
alpha 0.005,3,363,-4,-2357,1363,-9309
alpha 0.005,3,364,-4,-2361,1364,-9313
alpha 0.005,3,365,-7,-2368,1365,-9320
alpha 0.005,3,366,-5,-2373,1366,-9325
alpha 0.005,3,367,-6,-2379,1367,-9331
alpha 0.005,3,368,-6,-2385,1368,-9337
alpha 0.005,3,369,-6,-2391,1369,-9343
alpha 0.005,3,370,-6,-2397,1370,-9349
alpha 0.005,3,371,-6,-2403,1371,-9355
alpha 0.005,3,372,-8,-2411,1372,-9363
alpha 0.005,3,373,-8,-2419,1373,-9371
alpha 0.005,3,374,-8,-2427,1374,-9379
alpha 0.005,3,375,-8,-2435,1375,-9387
alpha 0.005,3,376,-7,-2442,1376,-9394
alpha 0.005,3,377,-6,-2448,1377,-9400
alpha 0.005,3,378,-5,-2453,1378,-9405
alpha 0.005,3,379,-5,-2458,1379,-9410
alpha 0.005,3,380,-6,-2464,1380,-9416
alpha 0.005,3,381,-7,-2471,1381,-9423
alpha 0.005,3,382,-7,-2478,1382,-9430
alpha 0.005,3,383,-7,-2485,1383,-9437
alpha 0.005,3,384,-7,-2492,1384,-9444
alpha 0.005,3,385,-7,-2499,1385,-9451
alpha 0.005,3,386,-7,-2506,1386,-9458
alpha 0.005,3,387,-8,-2514,1387,-9466
alpha 0.005,3,388,-8,-2522,1388,-9474
alpha 0.005,3,389,-8,-2530,1389,-9482
alpha 0.005,3,390,-8,-2538,1390,-9490
alpha 0.005,3,391,-8,-2546,1391,-9498
alpha 0.005,3,392,-8,-2554,1392,-9506
alpha 0.005,3,393,-8,-2562,1393,-9514
alpha 0.005,3,394,-8,-2570,1394,-9522
alpha 0.005,3,395,-8,-2578,1395,-9530
alpha 0.005,3,396,-8,-2586,1396,-9538
alpha 0.005,3,397,-10,-2596,1397,-9548
alpha 0.005,3,398,-10,-2606,1398,-9558
alpha 0.005,3,399,-8,-2614,1399,-9566
alpha 0.005,3,400,-8,-2622,1400,-9574
alpha 0.005,3,401,-8,-2630,1401,-9582
alpha 0.005,3,402,-8,-2638,1402,-9590
alpha 0.005,3,403,-8,-2646,1403,-9598
alpha 0.005,3,404,-8,-2654,1404,-9606
alpha 0.005,3,405,-10,-2664,1405,-9616
alpha 0.005,3,406,-10,-2674,1406,-9626
alpha 0.005,3,407,-10,-2684,1407,-9636
alpha 0.005,3,408,-10,-2694,1408,-9646
alpha 0.005,3,409,-10,-2704,1409,-9656
alpha 0.005,3,410,-10,-2714,1410,-9666
alpha 0.005,3,411,-10,-2724,1411,-9676
alpha 0.005,3,412,-10,-2734,1412,-9686
alpha 0.005,3,413,-10,-2744,1413,-9696
alpha 0.005,3,414,-10,-2754,1414,-9706
alpha 0.005,3,415,-10,-2764,1415,-9716
alpha 0.005,3,416,-10,-2774,1416,-9726
alpha 0.005,3,417,-10,-2784,1417,-9736
alpha 0.005,3,418,-10,-2794,1418,-9746
alpha 0.005,3,419,-10,-2804,1419,-9756
alpha 0.005,3,420,-10,-2814,1420,-9766
alpha 0.005,3,421,-10,-2824,1421,-9776
alpha 0.005,3,422,-10,-2834,1422,-9786
alpha 0.005,3,423,-10,-2844,1423,-9796
alpha 0.005,3,424,-10,-2854,1424,-9806
alpha 0.005,3,425,-10,-2864,1425,-9816
alpha 0.005,3,426,-10,-2874,1426,-9826
alpha 0.005,3,427,-10,-2884,1427,-9836
alpha 0.005,3,428,-10,-2894,1428,-9846
alpha 0.005,3,429,-10,-2904,1429,-9856
alpha 0.005,3,430,-10,-2914,1430,-9866
alpha 0.005,3,431,-10,-2924,1431,-9876
alpha 0.005,3,432,-10,-2934,1432,-9886
alpha 0.005,3,433,-10,-2944,1433,-9896
alpha 0.005,3,434,-10,-2954,1434,-9906
alpha 0.005,3,435,-10,-2964,1435,-9916
alpha 0.005,3,436,-10,-2974,1436,-9926
alpha 0.005,3,437,-10,-2984,1437,-9936
alpha 0.005,3,438,-10,-2994,1438,-9946
alpha 0.005,3,439,-10,-3004,1439,-9956
alpha 0.005,3,440,-10,-3014,1440,-9966
alpha 0.005,3,441,-10,-3024,1441,-9976
alpha 0.005,3,442,-10,-3034,1442,-9986
alpha 0.005,3,443,-10,-3044,1443,-9996
alpha 0.005,3,444,-10,-3054,1444,-10006
alpha 0.005,3,445,-10,-3064,1445,-10016
alpha 0.005,3,446,-10,-3074,1446,-10026
alpha 0.005,3,447,-10,-3084,1447,-10036
alpha 0.005,3,448,-10,-3094,1448,-10046
alpha 0.005,3,449,-10,-3104,1449,-10056
alpha 0.005,3,450,-8,-3112,1450,-10064
alpha 0.005,3,451,-8,-3120,1451,-10072
alpha 0.005,3,452,-8,-3128,1452,-10080
alpha 0.005,3,453,-8,-3136,1453,-10088
alpha 0.005,3,454,-8,-3144,1454,-10096
alpha 0.005,3,455,-7,-3151,1455,-10103
alpha 0.005,3,456,-7,-3158,1456,-10110
alpha 0.005,3,457,-7,-3165,1457,-10117
alpha 0.005,3,458,-7,-3172,1458,-10124
alpha 0.005,3,459,-7,-3179,1459,-10131
alpha 0.005,3,460,-6,-3185,1460,-10137
alpha 0.005,3,461,-5,-3190,1461,-10142
alpha 0.005,3,462,-5,-3195,1462,-10147
alpha 0.005,3,463,-5,-3200,1463,-10152
alpha 0.005,3,464,-5,-3205,1464,-10157
alpha 0.005,3,465,-5,-3210,1465,-10162
alpha 0.005,3,466,-5,-3215,1466,-10167
alpha 0.005,3,467,-6,-3221,1467,-10173
alpha 0.005,3,468,-6,-3227,1468,-10179
alpha 0.005,3,469,-7,-3234,1469,-10186
alpha 0.005,3,470,-7,-3241,1470,-10193
alpha 0.005,3,471,-7,-3248,1471,-10200
alpha 0.005,3,472,-7,-3255,1472,-10207
alpha 0.005,3,473,-8,-3263,1473,-10215
alpha 0.005,3,474,-8,-3271,1474,-10223
alpha 0.005,3,475,-8,-3279,1475,-10231
alpha 0.005,3,476,-8,-3287,1476,-10239
alpha 0.005,3,477,-10,-3297,1477,-10249
alpha 0.005,3,478,-10,-3307,1478,-10259
alpha 0.005,3,479,-10,-3317,1479,-10269
alpha 0.005,3,480,-10,-3327,1480,-10279
alpha 0.005,3,481,-10,-3337,1481,-10289
alpha 0.005,3,482,-10,-3347,1482,-10299
alpha 0.005,3,483,-10,-3357,1483,-10309
alpha 0.005,3,484,-10,-3367,1484,-10319
alpha 0.005,3,485,-10,-3377,1485,-10329
alpha 0.005,3,486,-10,-3387,1486,-10339
alpha 0.005,3,487,-10,-3397,1487,-10349
alpha 0.005,3,488,-10,-3407,1488,-10359
alpha 0.005,3,489,-10,-3417,1489,-10369
alpha 0.005,3,490,-10,-3427,1490,-10379
alpha 0.005,3,491,-10,-3437,1491,-10389
alpha 0.005,3,492,-10,-3447,1492,-10399
alpha 0.005,3,493,-10,-3457,1493,-10409
alpha 0.005,3,494,-10,-3467,1494,-10419
alpha 0.005,3,495,-10,-3477,1495,-10429
alpha 0.005,3,496,-10,-3487,1496,-10439
alpha 0.005,3,497,-10,-3497,1497,-10449
alpha 0.005,3,498,-10,-3507,1498,-10459
alpha 0.005,3,499,-10,-3517,1499,-10469
alpha 0.005,3,500,-10,-3527,1500,-10479
alpha 0.005,4,1,4,4,1501,-10475
alpha 0.005,4,2,2,6,1502,-10473
alpha 0.005,4,3,1,7,1503,-10472
alpha 0.005,4,4,-2,5,1504,-10474
alpha 0.005,4,5,-3,2,1505,-10477
alpha 0.005,4,6,-7,-5,1506,-10484
alpha 0.005,4,7,-8,-13,1507,-10492
alpha 0.005,4,8,-8,-21,1508,-10500
alpha 0.005,4,9,-10,-31,1509,-10510
alpha 0.005,4,10,-10,-41,1510,-10520
alpha 0.005,4,11,-10,-51,1511,-10530
alpha 0.005,4,12,-10,-61,1512,-10540
alpha 0.005,4,13,-10,-71,1513,-10550
alpha 0.005,4,14,-8,-79,1514,-10558
alpha 0.005,4,15,-8,-87,1515,-10566
alpha 0.005,4,16,-8,-95,1516,-10574
alpha 0.005,4,17,-8,-103,1517,-10582
alpha 0.005,4,18,-8,-111,1518,-10590
alpha 0.005,4,19,-8,-119,1519,-10598
alpha 0.005,4,20,-8,-127,1520,-10606
alpha 0.005,4,21,-8,-135,1521,-10614
alpha 0.005,4,22,-8,-143,1522,-10622
alpha 0.005,4,23,-7,-150,1523,-10629
alpha 0.005,4,24,-7,-157,1524,-10636
alpha 0.005,4,25,-7,-164,1525,-10643
alpha 0.005,4,26,-7,-171,1526,-10650
alpha 0.005,4,27,-7,-178,1527,-10657
alpha 0.005,4,28,-7,-185,1528,-10664
alpha 0.005,4,29,-7,-192,1529,-10671
alpha 0.005,4,30,-8,-200,1530,-10679
alpha 0.005,4,31,-8,-208,1531,-10687
alpha 0.005,4,32,-8,-216,1532,-10695
alpha 0.005,4,33,-7,-223,1533,-10702
alpha 0.005,4,34,-7,-230,1534,-10709
alpha 0.005,4,35,-7,-237,1535,-10716
alpha 0.005,4,36,-7,-244,1536,-10723
alpha 0.005,4,37,-7,-251,1537,-10730
alpha 0.005,4,38,-7,-258,1538,-10737
alpha 0.005,4,39,-7,-265,1539,-10744
alpha 0.005,4,40,-7,-272,1540,-10751
alpha 0.005,4,41,-7,-279,1541,-10758
alpha 0.005,4,42,-7,-286,1542,-10765
alpha 0.005,4,43,-7,-293,1543,-10772
alpha 0.005,4,44,-7,-300,1544,-10779
alpha 0.005,4,45,-5,-305,1545,-10784
alpha 0.005,4,46,-5,-310,1546,-10789
alpha 0.005,4,47,-5,-315,1547,-10794
alpha 0.005,4,48,-5,-320,1548,-10799
alpha 0.005,4,49,-5,-325,1549,-10804
alpha 0.005,4,50,-5,-330,1550,-10809
alpha 0.005,4,51,-5,-335,1551,-10814
alpha 0.005,4,52,-5,-340,1552,-10819
alpha 0.005,4,53,-5,-345,1553,-10824
alpha 0.005,4,54,-5,-350,1554,-10829
alpha 0.005,4,55,-5,-355,1555,-10834
alpha 0.005,4,56,-5,-360,1556,-10839
alpha 0.005,4,57,-5,-365,1557,-10844
alpha 0.005,4,58,-4,-369,1558,-10848
alpha 0.005,4,59,-4,-373,1559,-10852
alpha 0.005,4,60,-4,-377,1560,-10856
alpha 0.005,4,61,-3,-380,1561,-10859
alpha 0.005,4,62,-2,-382,1562,-10861
alpha 0.005,4,63,-2,-384,1563,-10863
alpha 0.005,4,64,-3,-387,1564,-10866
alpha 0.005,4,65,-1,-388,1565,-10867
alpha 0.005,4,66,2,-386,1566,-10865
alpha 0.005,4,67,1,-385,1567,-10864
alpha 0.005,4,68,-3,-388,1568,-10867
alpha 0.005,4,69,-2,-390,1569,-10869
alpha 0.005,4,70,1,-389,1570,-10868
alpha 0.005,4,71,-1,-390,1571,-10869
alpha 0.005,4,72,-3,-393,1572,-10872
alpha 0.005,4,73,-3,-396,1573,-10875
alpha 0.005,4,74,-4,-400,1574,-10879
alpha 0.005,4,75,-4,-404,1575,-10883
alpha 0.005,4,76,-2,-406,1576,-10885
alpha 0.005,4,77,-3,-409,1577,-10888
alpha 0.005,4,78,-5,-414,1578,-10893
alpha 0.005,4,79,-5,-419,1579,-10898
alpha 0.005,4,80,-5,-424,1580,-10903
alpha 0.005,4,81,-5,-429,1581,-10908
alpha 0.005,4,82,-5,-434,1582,-10913
alpha 0.005,4,83,-5,-439,1583,-10918
alpha 0.005,4,84,-5,-444,1584,-10923
alpha 0.005,4,85,-5,-449,1585,-10928
alpha 0.005,4,86,-5,-454,1586,-10933
alpha 0.005,4,87,-5,-459,1587,-10938
alpha 0.005,4,88,-5,-464,1588,-10943
alpha 0.005,4,89,-5,-469,1589,-10948
alpha 0.005,4,90,-5,-474,1590,-10953
alpha 0.005,4,91,-5,-479,1591,-10958
alpha 0.005,4,92,-5,-484,1592,-10963
alpha 0.005,4,93,-5,-489,1593,-10968
alpha 0.005,4,94,-5,-494,1594,-10973
alpha 0.005,4,95,-5,-499,1595,-10978
alpha 0.005,4,96,-5,-504,1596,-10983
alpha 0.005,4,97,-5,-509,1597,-10988
alpha 0.005,4,98,-5,-514,1598,-10993
alpha 0.005,4,99,-5,-519,1599,-10998
alpha 0.005,4,100,-5,-524,1600,-11003
alpha 0.005,4,101,-5,-529,1601,-11008
alpha 0.005,4,102,-5,-534,1602,-11013
alpha 0.005,4,103,-5,-539,1603,-11018
alpha 0.005,4,104,-5,-544,1604,-11023
alpha 0.005,4,105,-5,-549,1605,-11028
alpha 0.005,4,106,-5,-554,1606,-11033
alpha 0.005,4,107,-5,-559,1607,-11038
alpha 0.005,4,108,-5,-564,1608,-11043
alpha 0.005,4,109,-5,-569,1609,-11048
alpha 0.005,4,110,-5,-574,1610,-11053
alpha 0.005,4,111,-6,-580,1611,-11059
alpha 0.005,4,112,-6,-586,1612,-11065
alpha 0.005,4,113,-6,-592,1613,-11071
alpha 0.005,4,114,-6,-598,1614,-11077
alpha 0.005,4,115,-6,-604,1615,-11083
alpha 0.005,4,116,-6,-610,1616,-11089
alpha 0.005,4,117,-6,-616,1617,-11095
alpha 0.005,4,118,-7,-623,1618,-11102
alpha 0.005,4,119,-7,-630,1619,-11109
alpha 0.005,4,120,-7,-637,1620,-11116
alpha 0.005,4,121,-7,-644,1621,-11123
alpha 0.005,4,122,-7,-651,1622,-11130
alpha 0.005,4,123,-7,-658,1623,-11137
alpha 0.005,4,124,-7,-665,1624,-11144
alpha 0.005,4,125,-7,-672,1625,-11151
alpha 0.005,4,126,-7,-679,1626,-11158
alpha 0.005,4,127,-7,-686,1627,-11165
alpha 0.005,4,128,-7,-693,1628,-11172
alpha 0.005,4,129,-7,-700,1629,-11179
alpha 0.005,4,130,-8,-708,1630,-11187
alpha 0.005,4,131,-8,-716,1631,-11195
alpha 0.005,4,132,-8,-724,1632,-11203
alpha 0.005,4,133,-8,-732,1633,-11211
alpha 0.005,4,134,-8,-740,1634,-11219
alpha 0.005,4,135,-8,-748,1635,-11227
alpha 0.005,4,136,-10,-758,1636,-11237
alpha 0.005,4,137,-10,-768,1637,-11247
alpha 0.005,4,138,-10,-778,1638,-11257
alpha 0.005,4,139,-10,-788,1639,-11267
alpha 0.005,4,140,-10,-798,1640,-11277
alpha 0.005,4,141,-10,-808,1641,-11287
alpha 0.005,4,142,-10,-818,1642,-11297
alpha 0.005,4,143,-10,-828,1643,-11307
alpha 0.005,4,144,-10,-838,1644,-11317
alpha 0.005,4,145,-10,-848,1645,-11327
alpha 0.005,4,146,-10,-858,1646,-11337
alpha 0.005,4,147,-10,-868,1647,-11347
alpha 0.005,4,148,-10,-878,1648,-11357
alpha 0.005,4,149,-10,-888,1649,-11367
alpha 0.005,4,150,-10,-898,1650,-11377
alpha 0.005,4,151,-10,-908,1651,-11387
alpha 0.005,4,152,-8,-916,1652,-11395
alpha 0.005,4,153,-8,-924,1653,-11403
alpha 0.005,4,154,-8,-932,1654,-11411
alpha 0.005,4,155,-8,-940,1655,-11419
alpha 0.005,4,156,-8,-948,1656,-11427
alpha 0.005,4,157,-8,-956,1657,-11435
alpha 0.005,4,158,-7,-963,1658,-11442
alpha 0.005,4,159,-7,-970,1659,-11449
alpha 0.005,4,160,-7,-977,1660,-11456
alpha 0.005,4,161,-7,-984,1661,-11463
alpha 0.005,4,162,-7,-991,1662,-11470
alpha 0.005,4,163,-7,-998,1663,-11477
alpha 0.005,4,164,-7,-1005,1664,-11484
alpha 0.005,4,165,-7,-1012,1665,-11491
alpha 0.005,4,166,-7,-1019,1666,-11498
alpha 0.005,4,167,-7,-1026,1667,-11505
alpha 0.005,4,168,-7,-1033,1668,-11512
alpha 0.005,4,169,-7,-1040,1669,-11519
alpha 0.005,4,170,-5,-1045,1670,-11524
alpha 0.005,4,171,-5,-1050,1671,-11529
alpha 0.005,4,172,-4,-1054,1672,-11533
alpha 0.005,4,173,-4,-1058,1673,-11537
alpha 0.005,4,174,-4,-1062,1674,-11541
alpha 0.005,4,175,-2,-1064,1675,-11543
alpha 0.005,4,176,-2,-1066,1676,-11545
alpha 0.005,4,177,-2,-1068,1677,-11547
alpha 0.005,4,178,-3,-1071,1678,-11550
alpha 0.005,4,179,-4,-1075,1679,-11554
alpha 0.005,4,180,-4,-1079,1680,-11558
alpha 0.005,4,181,-5,-1084,1681,-11563
alpha 0.005,4,182,-7,-1091,1682,-11570
alpha 0.005,4,183,-8,-1099,1683,-11578
alpha 0.005,4,184,-8,-1107,1684,-11586
alpha 0.005,4,185,-10,-1117,1685,-11596
alpha 0.005,4,186,-10,-1127,1686,-11606
alpha 0.005,4,187,-10,-1137,1687,-11616
alpha 0.005,4,188,-10,-1147,1688,-11626
alpha 0.005,4,189,-10,-1157,1689,-11636
alpha 0.005,4,190,-10,-1167,1690,-11646
alpha 0.005,4,191,-10,-1177,1691,-11656
alpha 0.005,4,192,-10,-1187,1692,-11666
alpha 0.005,4,193,-10,-1197,1693,-11676
alpha 0.005,4,194,-10,-1207,1694,-11686
alpha 0.005,4,195,-10,-1217,1695,-11696
alpha 0.005,4,196,-10,-1227,1696,-11706
alpha 0.005,4,197,-10,-1237,1697,-11716
alpha 0.005,4,198,-10,-1247,1698,-11726
alpha 0.005,4,199,-10,-1257,1699,-11736
alpha 0.005,4,200,-7,-1264,1700,-11743
alpha 0.005,4,201,-7,-1271,1701,-11750
alpha 0.005,4,202,-7,-1278,1702,-11757
alpha 0.005,4,203,-7,-1285,1703,-11764
alpha 0.005,4,204,-6,-1291,1704,-11770
alpha 0.005,4,205,-5,-1296,1705,-11775
alpha 0.005,4,206,-5,-1301,1706,-11780
alpha 0.005,4,207,-5,-1306,1707,-11785
alpha 0.005,4,208,-5,-1311,1708,-11790
alpha 0.005,4,209,-5,-1316,1709,-11795
alpha 0.005,4,210,-5,-1321,1710,-11800
alpha 0.005,4,211,-5,-1326,1711,-11805
alpha 0.005,4,212,-5,-1331,1712,-11810
alpha 0.005,4,213,-5,-1336,1713,-11815
alpha 0.005,4,214,-5,-1341,1714,-11820
alpha 0.005,4,215,-5,-1346,1715,-11825
alpha 0.005,4,216,-5,-1351,1716,-11830
alpha 0.005,4,217,-5,-1356,1717,-11835
alpha 0.005,4,218,-5,-1361,1718,-11840
alpha 0.005,4,219,-5,-1366,1719,-11845
alpha 0.005,4,220,-5,-1371,1720,-11850
alpha 0.005,4,221,-5,-1376,1721,-11855
alpha 0.005,4,222,-5,-1381,1722,-11860
alpha 0.005,4,223,-5,-1386,1723,-11865
alpha 0.005,4,224,-5,-1391,1724,-11870
alpha 0.005,4,225,-5,-1396,1725,-11875
alpha 0.005,4,226,-5,-1401,1726,-11880
alpha 0.005,4,227,-5,-1406,1727,-11885
alpha 0.005,4,228,-5,-1411,1728,-11890
alpha 0.005,4,229,-5,-1416,1729,-11895
alpha 0.005,4,230,-5,-1421,1730,-11900
alpha 0.005,4,231,-5,-1426,1731,-11905
alpha 0.005,4,232,-5,-1431,1732,-11910
alpha 0.005,4,233,-5,-1436,1733,-11915
alpha 0.005,4,234,-5,-1441,1734,-11920
alpha 0.005,4,235,-5,-1446,1735,-11925
alpha 0.005,4,236,-5,-1451,1736,-11930
alpha 0.005,4,237,-5,-1456,1737,-11935
alpha 0.005,4,238,-5,-1461,1738,-11940
alpha 0.005,4,239,-5,-1466,1739,-11945
alpha 0.005,4,240,-5,-1471,1740,-11950
alpha 0.005,4,241,-5,-1476,1741,-11955
alpha 0.005,4,242,-5,-1481,1742,-11960
alpha 0.005,4,243,-5,-1486,1743,-11965
alpha 0.005,4,244,-5,-1491,1744,-11970
alpha 0.005,4,245,-5,-1496,1745,-11975
alpha 0.005,4,246,-5,-1501,1746,-11980
alpha 0.005,4,247,-5,-1506,1747,-11985
alpha 0.005,4,248,-5,-1511,1748,-11990
alpha 0.005,4,249,-5,-1516,1749,-11995
alpha 0.005,4,250,-5,-1521,1750,-12000
alpha 0.005,4,251,-5,-1526,1751,-12005
alpha 0.005,4,252,-5,-1531,1752,-12010
alpha 0.005,4,253,-5,-1536,1753,-12015
alpha 0.005,4,254,-5,-1541,1754,-12020
alpha 0.005,4,255,-5,-1546,1755,-12025
alpha 0.005,4,256,-5,-1551,1756,-12030
alpha 0.005,4,257,-3,-1554,1757,-12033
alpha 0.005,4,258,-3,-1557,1758,-12036
alpha 0.005,4,259,-3,-1560,1759,-12039
alpha 0.005,4,260,-3,-1563,1760,-12042
alpha 0.005,4,261,-3,-1566,1761,-12045
alpha 0.005,4,262,-3,-1569,1762,-12048
alpha 0.005,4,263,-3,-1572,1763,-12051
alpha 0.005,4,264,-3,-1575,1764,-12054
alpha 0.005,4,265,-3,-1578,1765,-12057
alpha 0.005,4,266,-3,-1581,1766,-12060
alpha 0.005,4,267,-2,-1583,1767,-12062
alpha 0.005,4,268,-2,-1585,1768,-12064
alpha 0.005,4,269,-2,-1587,1769,-12066
alpha 0.005,4,270,-2,-1589,1770,-12068
alpha 0.005,4,271,-2,-1591,1771,-12070
alpha 0.005,4,272,-2,-1593,1772,-12072
alpha 0.005,4,273,-2,-1595,1773,-12074
alpha 0.005,4,274,-2,-1597,1774,-12076
alpha 0.005,4,275,-2,-1599,1775,-12078
alpha 0.005,4,276,-2,-1601,1776,-12080
alpha 0.005,4,277,-2,-1603,1777,-12082
alpha 0.005,4,278,-2,-1605,1778,-12084
alpha 0.005,4,279,-2,-1607,1779,-12086
alpha 0.005,4,280,-2,-1609,1780,-12088
alpha 0.005,4,281,-1,-1610,1781,-12089
alpha 0.005,4,282,-1,-1611,1782,-12090
alpha 0.005,4,283,1,-1610,1783,-12089
alpha 0.005,4,284,1,-1609,1784,-12088
alpha 0.005,4,285,1,-1608,1785,-12087
alpha 0.005,4,286,1,-1607,1786,-12086
alpha 0.005,4,287,1,-1606,1787,-12085
alpha 0.005,4,288,1,-1605,1788,-12084
alpha 0.005,4,289,2,-1603,1789,-12082
alpha 0.005,4,290,2,-1601,1790,-12080
alpha 0.005,4,291,2,-1599,1791,-12078
alpha 0.005,4,292,2,-1597,1792,-12076
alpha 0.005,4,293,4,-1593,1793,-12072
alpha 0.005,4,294,4,-1589,1794,-12068
alpha 0.005,4,295,4,-1585,1795,-12064
alpha 0.005,4,296,4,-1581,1796,-12060
alpha 0.005,4,297,4,-1577,1797,-12056
alpha 0.005,4,298,2,-1575,1798,-12054
alpha 0.005,4,299,2,-1573,1799,-12052
alpha 0.005,4,300,2,-1571,1800,-12050
alpha 0.005,4,301,2,-1569,1801,-12048
alpha 0.005,4,302,1,-1568,1802,-12047
alpha 0.005,4,303,-1,-1569,1803,-12048
alpha 0.005,4,304,-2,-1571,1804,-12050
alpha 0.005,4,305,-3,-1574,1805,-12053
alpha 0.005,4,306,-3,-1577,1806,-12056
alpha 0.005,4,307,-4,-1581,1807,-12060
alpha 0.005,4,308,-4,-1585,1808,-12064
alpha 0.005,4,309,-4,-1589,1809,-12068
alpha 0.005,4,310,-4,-1593,1810,-12072
alpha 0.005,4,311,-4,-1597,1811,-12076
alpha 0.005,4,312,-4,-1601,1812,-12080
alpha 0.005,4,313,-4,-1605,1813,-12084
alpha 0.005,4,314,-4,-1609,1814,-12088
alpha 0.005,4,315,-4,-1613,1815,-12092
alpha 0.005,4,316,-4,-1617,1816,-12096
alpha 0.005,4,317,-4,-1621,1817,-12100
alpha 0.005,4,318,-4,-1625,1818,-12104
alpha 0.005,4,319,-4,-1629,1819,-12108
alpha 0.005,4,320,-5,-1634,1820,-12113
alpha 0.005,4,321,-5,-1639,1821,-12118
alpha 0.005,4,322,-5,-1644,1822,-12123
alpha 0.005,4,323,-5,-1649,1823,-12128
alpha 0.005,4,324,-5,-1654,1824,-12133
alpha 0.005,4,325,-5,-1659,1825,-12138
alpha 0.005,4,326,-5,-1664,1826,-12143
alpha 0.005,4,327,-5,-1669,1827,-12148
alpha 0.005,4,328,-5,-1674,1828,-12153
alpha 0.005,4,329,-5,-1679,1829,-12158
alpha 0.005,4,330,-5,-1684,1830,-12163
alpha 0.005,4,331,-5,-1689,1831,-12168
alpha 0.005,4,332,-5,-1694,1832,-12173
alpha 0.005,4,333,-6,-1700,1833,-12179
alpha 0.005,4,334,-6,-1706,1834,-12185
alpha 0.005,4,335,-8,-1714,1835,-12193
alpha 0.005,4,336,-8,-1722,1836,-12201
alpha 0.005,4,337,-8,-1730,1837,-12209
alpha 0.005,4,338,-8,-1738,1838,-12217
alpha 0.005,4,339,-8,-1746,1839,-12225
alpha 0.005,4,340,-8,-1754,1840,-12233
alpha 0.005,4,341,-8,-1762,1841,-12241
alpha 0.005,4,342,-8,-1770,1842,-12249
alpha 0.005,4,343,-8,-1778,1843,-12257
alpha 0.005,4,344,-8,-1786,1844,-12265
alpha 0.005,4,345,-8,-1794,1845,-12273
alpha 0.005,4,346,-10,-1804,1846,-12283
alpha 0.005,4,347,-10,-1814,1847,-12293
alpha 0.005,4,348,-10,-1824,1848,-12303
alpha 0.005,4,349,-10,-1834,1849,-12313
alpha 0.005,4,350,-10,-1844,1850,-12323
alpha 0.005,4,351,-10,-1854,1851,-12333
alpha 0.005,4,352,-10,-1864,1852,-12343
alpha 0.005,4,353,-10,-1874,1853,-12353
alpha 0.005,4,354,-10,-1884,1854,-12363
alpha 0.005,4,355,-10,-1894,1855,-12373
alpha 0.005,4,356,-10,-1904,1856,-12383
alpha 0.005,4,357,-10,-1914,1857,-12393
alpha 0.005,4,358,-10,-1924,1858,-12403
alpha 0.005,4,359,-10,-1934,1859,-12413
alpha 0.005,4,360,-10,-1944,1860,-12423
alpha 0.005,4,361,-10,-1954,1861,-12433
alpha 0.005,4,362,-10,-1964,1862,-12443
alpha 0.005,4,363,-10,-1974,1863,-12453
alpha 0.005,4,364,-10,-1984,1864,-12463
alpha 0.005,4,365,-10,-1994,1865,-12473
alpha 0.005,4,366,-10,-2004,1866,-12483
alpha 0.005,4,367,-10,-2014,1867,-12493
alpha 0.005,4,368,-10,-2024,1868,-12503
alpha 0.005,4,369,-10,-2034,1869,-12513
alpha 0.005,4,370,-10,-2044,1870,-12523
alpha 0.005,4,371,-10,-2054,1871,-12533
alpha 0.005,4,372,-10,-2064,1872,-12543
alpha 0.005,4,373,-10,-2074,1873,-12553
alpha 0.005,4,374,-10,-2084,1874,-12563
alpha 0.005,4,375,-10,-2094,1875,-12573
alpha 0.005,4,376,-10,-2104,1876,-12583
alpha 0.005,4,377,-10,-2114,1877,-12593
alpha 0.005,4,378,-10,-2124,1878,-12603
alpha 0.005,4,379,-10,-2134,1879,-12613
alpha 0.005,4,380,-10,-2144,1880,-12623
alpha 0.005,4,381,-10,-2154,1881,-12633
alpha 0.005,4,382,-10,-2164,1882,-12643
alpha 0.005,4,383,-10,-2174,1883,-12653
alpha 0.005,4,384,-10,-2184,1884,-12663
alpha 0.005,4,385,-8,-2192,1885,-12671
alpha 0.005,4,386,-8,-2200,1886,-12679
alpha 0.005,4,387,-8,-2208,1887,-12687
alpha 0.005,4,388,-8,-2216,1888,-12695
alpha 0.005,4,389,-8,-2224,1889,-12703
alpha 0.005,4,390,-8,-2232,1890,-12711
alpha 0.005,4,391,-8,-2240,1891,-12719
alpha 0.005,4,392,-8,-2248,1892,-12727
alpha 0.005,4,393,-8,-2256,1893,-12735
alpha 0.005,4,394,-7,-2263,1894,-12742
alpha 0.005,4,395,-7,-2270,1895,-12749
alpha 0.005,4,396,-7,-2277,1896,-12756
alpha 0.005,4,397,-7,-2284,1897,-12763
alpha 0.005,4,398,-7,-2291,1898,-12770
alpha 0.005,4,399,-7,-2298,1899,-12777
alpha 0.005,4,400,-7,-2305,1900,-12784
alpha 0.005,4,401,-7,-2312,1901,-12791
alpha 0.005,4,402,-7,-2319,1902,-12798
alpha 0.005,4,403,-7,-2326,1903,-12805
alpha 0.005,4,404,-6,-2332,1904,-12811
alpha 0.005,4,405,-6,-2338,1905,-12817
alpha 0.005,4,406,-6,-2344,1906,-12823
alpha 0.005,4,407,-6,-2350,1907,-12829
alpha 0.005,4,408,-5,-2355,1908,-12834
alpha 0.005,4,409,-5,-2360,1909,-12839
alpha 0.005,4,410,-5,-2365,1910,-12844
alpha 0.005,4,411,-5,-2370,1911,-12849
alpha 0.005,4,412,-5,-2375,1912,-12854
alpha 0.005,4,413,-5,-2380,1913,-12859
alpha 0.005,4,414,-5,-2385,1914,-12864
alpha 0.005,4,415,-5,-2390,1915,-12869
alpha 0.005,4,416,-5,-2395,1916,-12874
alpha 0.005,4,417,-5,-2400,1917,-12879
alpha 0.005,4,418,-5,-2405,1918,-12884
alpha 0.005,4,419,-5,-2410,1919,-12889
alpha 0.005,4,420,-5,-2415,1920,-12894
alpha 0.005,4,421,-6,-2421,1921,-12900
alpha 0.005,4,422,-6,-2427,1922,-12906
alpha 0.005,4,423,-6,-2433,1923,-12912
alpha 0.005,4,424,-7,-2440,1924,-12919
alpha 0.005,4,425,-7,-2447,1925,-12926
alpha 0.005,4,426,-7,-2454,1926,-12933
alpha 0.005,4,427,-7,-2461,1927,-12940
alpha 0.005,4,428,-7,-2468,1928,-12947
alpha 0.005,4,429,-7,-2475,1929,-12954
alpha 0.005,4,430,-7,-2482,1930,-12961
alpha 0.005,4,431,-7,-2489,1931,-12968
alpha 0.005,4,432,-7,-2496,1932,-12975
alpha 0.005,4,433,-7,-2503,1933,-12982
alpha 0.005,4,434,-7,-2510,1934,-12989
alpha 0.005,4,435,-7,-2517,1935,-12996
alpha 0.005,4,436,-7,-2524,1936,-13003
alpha 0.005,4,437,-8,-2532,1937,-13011
alpha 0.005,4,438,-8,-2540,1938,-13019
alpha 0.005,4,439,-8,-2548,1939,-13027
alpha 0.005,4,440,-8,-2556,1940,-13035
alpha 0.005,4,441,-8,-2564,1941,-13043
alpha 0.005,4,442,-8,-2572,1942,-13051
alpha 0.005,4,443,-8,-2580,1943,-13059
alpha 0.005,4,444,-8,-2588,1944,-13067
alpha 0.005,4,445,-8,-2596,1945,-13075
alpha 0.005,4,446,-8,-2604,1946,-13083
alpha 0.005,4,447,-8,-2612,1947,-13091
alpha 0.005,4,448,-8,-2620,1948,-13099
alpha 0.005,4,449,-10,-2630,1949,-13109
alpha 0.005,4,450,-10,-2640,1950,-13119
alpha 0.005,4,451,-10,-2650,1951,-13129
alpha 0.005,4,452,-10,-2660,1952,-13139
alpha 0.005,4,453,-10,-2670,1953,-13149
alpha 0.005,4,454,-10,-2680,1954,-13159
alpha 0.005,4,455,-10,-2690,1955,-13169
alpha 0.005,4,456,-10,-2700,1956,-13179
alpha 0.005,4,457,-10,-2710,1957,-13189
alpha 0.005,4,458,-10,-2720,1958,-13199
alpha 0.005,4,459,-10,-2730,1959,-13209
alpha 0.005,4,460,-10,-2740,1960,-13219
alpha 0.005,4,461,-10,-2750,1961,-13229
alpha 0.005,4,462,-10,-2760,1962,-13239
alpha 0.005,4,463,-10,-2770,1963,-13249
alpha 0.005,4,464,-10,-2780,1964,-13259
alpha 0.005,4,465,-10,-2790,1965,-13269
alpha 0.005,4,466,-10,-2800,1966,-13279
alpha 0.005,4,467,-10,-2810,1967,-13289
alpha 0.005,4,468,-10,-2820,1968,-13299
alpha 0.005,4,469,-10,-2830,1969,-13309
alpha 0.005,4,470,-10,-2840,1970,-13319
alpha 0.005,4,471,-10,-2850,1971,-13329
alpha 0.005,4,472,-10,-2860,1972,-13339
alpha 0.005,4,473,-10,-2870,1973,-13349
alpha 0.005,4,474,-10,-2880,1974,-13359
alpha 0.005,4,475,-10,-2890,1975,-13369
alpha 0.005,4,476,-10,-2900,1976,-13379
alpha 0.005,4,477,-10,-2910,1977,-13389
alpha 0.005,4,478,-10,-2920,1978,-13399
alpha 0.005,4,479,-10,-2930,1979,-13409
alpha 0.005,4,480,-10,-2940,1980,-13419
alpha 0.005,4,481,-10,-2950,1981,-13429
alpha 0.005,4,482,-10,-2960,1982,-13439
alpha 0.005,4,483,-10,-2970,1983,-13449
alpha 0.005,4,484,-10,-2980,1984,-13459
alpha 0.005,4,485,-8,-2988,1985,-13467
alpha 0.005,4,486,-8,-2996,1986,-13475
alpha 0.005,4,487,-10,-3006,1987,-13485
alpha 0.005,4,488,-8,-3014,1988,-13493
alpha 0.005,4,489,-8,-3022,1989,-13501
alpha 0.005,4,490,-8,-3030,1990,-13509
alpha 0.005,4,491,-8,-3038,1991,-13517
alpha 0.005,4,492,-8,-3046,1992,-13525
alpha 0.005,4,493,-6,-3052,1993,-13531
alpha 0.005,4,494,-6,-3058,1994,-13537
alpha 0.005,4,495,-5,-3063,1995,-13542
alpha 0.005,4,496,-5,-3068,1996,-13547
alpha 0.005,4,497,-6,-3074,1997,-13553
alpha 0.005,4,498,-5,-3079,1998,-13558
alpha 0.005,4,499,-4,-3083,1999,-13562
alpha 0.005,4,500,-4,-3087,2000,-13566
alpha 0.005,1,1,1,1,1,1
alpha 0.005,1,2,-3,-2,2,-2
alpha 0.005,1,3,-7,-9,3,-9
alpha 0.005,1,4,-10,-19,4,-19
alpha 0.005,1,5,-10,-29,5,-29
alpha 0.005,1,6,-10,-39,6,-39
alpha 0.005,1,7,-10,-49,7,-49
alpha 0.005,1,8,-8,-57,8,-57
alpha 0.005,1,9,-8,-65,9,-65
alpha 0.005,1,10,-8,-73,10,-73
alpha 0.005,1,11,-8,-81,11,-81
alpha 0.005,1,12,-8,-89,12,-89
alpha 0.005,1,13,-8,-97,13,-97
alpha 0.005,1,14,-7,-104,14,-104
alpha 0.005,1,15,-7,-111,15,-111
alpha 0.005,1,16,-7,-118,16,-118
alpha 0.005,1,17,-7,-125,17,-125
alpha 0.005,1,18,-7,-132,18,-132
alpha 0.005,1,19,-7,-139,19,-139
alpha 0.005,1,20,-7,-146,20,-146
alpha 0.005,1,21,-7,-153,21,-153
alpha 0.005,1,22,-7,-160,22,-160
alpha 0.005,1,23,-7,-167,23,-167
alpha 0.005,1,24,-7,-174,24,-174
alpha 0.005,1,25,-7,-181,25,-181
alpha 0.005,1,26,-7,-188,26,-188
alpha 0.005,1,27,-7,-195,27,-195
alpha 0.005,1,28,-5,-200,28,-200
alpha 0.005,1,29,-5,-205,29,-205
alpha 0.005,1,30,-5,-210,30,-210
alpha 0.005,1,31,-5,-215,31,-215
alpha 0.005,1,32,-5,-220,32,-220
alpha 0.005,1,33,-5,-225,33,-225
alpha 0.005,1,34,-4,-229,34,-229
alpha 0.005,1,35,-4,-233,35,-233
alpha 0.005,1,36,-4,-237,36,-237
alpha 0.005,1,37,-2,-239,37,-239
alpha 0.005,1,38,-1,-240,38,-240
alpha 0.005,1,39,-2,-242,39,-242
alpha 0.005,1,40,-2,-244,40,-244
alpha 0.005,1,41,-1,-245,41,-245
alpha 0.005,1,42,-2,-247,42,-247
alpha 0.005,1,43,-2,-249,43,-249
alpha 0.005,1,44,-1,-250,44,-250
alpha 0.005,1,45,1,-249,45,-249
alpha 0.005,1,46,1,-248,46,-248
alpha 0.005,1,47,1,-247,47,-247
alpha 0.005,1,48,1,-246,48,-246
alpha 0.005,1,49,1,-245,49,-245
alpha 0.005,1,50,-2,-247,50,-247
alpha 0.005,1,51,-2,-249,51,-249
alpha 0.005,1,52,-3,-252,52,-252
alpha 0.005,1,53,-3,-255,53,-255
alpha 0.005,1,54,-2,-257,54,-257
alpha 0.005,1,55,-1,-258,55,-258
alpha 0.005,1,56,2,-256,56,-256
alpha 0.005,1,57,1,-255,57,-255
alpha 0.005,1,58,-4,-259,58,-259
alpha 0.005,1,59,-7,-266,59,-266
alpha 0.005,1,60,-5,-271,60,-271
alpha 0.005,1,61,-4,-275,61,-275
alpha 0.005,1,62,-2,-277,62,-277
alpha 0.005,1,63,-3,-280,63,-280
alpha 0.005,1,64,-2,-282,64,-282
alpha 0.005,1,65,-1,-283,65,-283
alpha 0.005,1,66,2,-281,66,-281
alpha 0.005,1,67,1,-280,67,-280
alpha 0.005,1,68,1,-279,68,-279
alpha 0.005,1,69,-2,-281,69,-281
alpha 0.005,1,70,-2,-283,70,-283
alpha 0.005,1,71,-3,-286,71,-286
alpha 0.005,1,72,-5,-291,72,-291
alpha 0.005,1,73,-4,-295,73,-295
alpha 0.005,1,74,-5,-300,74,-300
alpha 0.005,1,75,-8,-308,75,-308
alpha 0.005,1,76,-5,-313,76,-313
alpha 0.005,1,77,-4,-317,77,-317
alpha 0.005,1,78,-4,-321,78,-321
alpha 0.005,1,79,-4,-325,79,-325
alpha 0.005,1,80,-5,-330,80,-330
alpha 0.005,1,81,-5,-335,81,-335
alpha 0.005,1,82,-5,-340,82,-340
alpha 0.005,1,83,-8,-348,83,-348
alpha 0.005,1,84,-8,-356,84,-356
alpha 0.005,1,85,-6,-362,85,-362
alpha 0.005,1,86,-8,-370,86,-370
alpha 0.005,1,87,-8,-378,87,-378
alpha 0.005,1,88,-8,-386,88,-386
alpha 0.005,1,89,-8,-394,89,-394
alpha 0.005,1,90,-8,-402,90,-402
alpha 0.005,1,91,-8,-410,91,-410
alpha 0.005,1,92,-8,-418,92,-418
alpha 0.005,1,93,-8,-426,93,-426
alpha 0.005,1,94,-10,-436,94,-436
alpha 0.005,1,95,-10,-446,95,-446
alpha 0.005,1,96,-10,-456,96,-456
alpha 0.005,1,97,-10,-466,97,-466
alpha 0.005,1,98,-10,-476,98,-476
alpha 0.005,1,99,-10,-486,99,-486
alpha 0.005,1,100,-10,-496,100,-496
alpha 0.005,1,101,-10,-506,101,-506
alpha 0.005,1,102,-10,-516,102,-516
alpha 0.005,1,103,-10,-526,103,-526
alpha 0.005,1,104,-10,-536,104,-536
alpha 0.005,1,105,-10,-546,105,-546
alpha 0.005,1,106,-10,-556,106,-556
alpha 0.005,1,107,-10,-566,107,-566
alpha 0.005,1,108,-10,-576,108,-576
alpha 0.005,1,109,-10,-586,109,-586
alpha 0.005,1,110,-10,-596,110,-596
alpha 0.005,1,111,-10,-606,111,-606
alpha 0.005,1,112,-10,-616,112,-616
alpha 0.005,1,113,-10,-626,113,-626
alpha 0.005,1,114,-10,-636,114,-636
alpha 0.005,1,115,-10,-646,115,-646
alpha 0.005,1,116,-10,-656,116,-656
alpha 0.005,1,117,-10,-666,117,-666
alpha 0.005,1,118,-10,-676,118,-676
alpha 0.005,1,119,-10,-686,119,-686
alpha 0.005,1,120,-10,-696,120,-696
alpha 0.005,1,121,-10,-706,121,-706
alpha 0.005,1,122,-10,-716,122,-716
alpha 0.005,1,123,-10,-726,123,-726
alpha 0.005,1,124,-10,-736,124,-736
alpha 0.005,1,125,-10,-746,125,-746
alpha 0.005,1,126,-10,-756,126,-756
alpha 0.005,1,127,-10,-766,127,-766
alpha 0.005,1,128,-10,-776,128,-776
alpha 0.005,1,129,-10,-786,129,-786
alpha 0.005,1,130,-10,-796,130,-796
alpha 0.005,1,131,-10,-806,131,-806
alpha 0.005,1,132,-10,-816,132,-816
alpha 0.005,1,133,-10,-826,133,-826
alpha 0.005,1,134,-8,-834,134,-834
alpha 0.005,1,135,-8,-842,135,-842
alpha 0.005,1,136,-8,-850,136,-850
alpha 0.005,1,137,-8,-858,137,-858
alpha 0.005,1,138,-8,-866,138,-866
alpha 0.005,1,139,-8,-874,139,-874
alpha 0.005,1,140,-8,-882,140,-882
alpha 0.005,1,141,-8,-890,141,-890
alpha 0.005,1,142,-8,-898,142,-898
alpha 0.005,1,143,-8,-906,143,-906
alpha 0.005,1,144,-8,-914,144,-914
alpha 0.005,1,145,-8,-922,145,-922
alpha 0.005,1,146,-7,-929,146,-929
alpha 0.005,1,147,-7,-936,147,-936
alpha 0.005,1,148,-7,-943,148,-943
alpha 0.005,1,149,-7,-950,149,-950
alpha 0.005,1,150,-7,-957,150,-957
alpha 0.005,1,151,-7,-964,151,-964
alpha 0.005,1,152,-7,-971,152,-971
alpha 0.005,1,153,-7,-978,153,-978
alpha 0.005,1,154,-7,-985,154,-985
alpha 0.005,1,155,-7,-992,155,-992
alpha 0.005,1,156,-7,-999,156,-999
alpha 0.005,1,157,-7,-1006,157,-1006
alpha 0.005,1,158,-7,-1013,158,-1013
alpha 0.005,1,159,-7,-1020,159,-1020
alpha 0.005,1,160,-6,-1026,160,-1026
alpha 0.005,1,161,-6,-1032,161,-1032
alpha 0.005,1,162,-6,-1038,162,-1038
alpha 0.005,1,163,-5,-1043,163,-1043
alpha 0.005,1,164,-5,-1048,164,-1048
alpha 0.005,1,165,-5,-1053,165,-1053
alpha 0.005,1,166,-5,-1058,166,-1058
alpha 0.005,1,167,-5,-1063,167,-1063
alpha 0.005,1,168,-5,-1068,168,-1068
alpha 0.005,1,169,-5,-1073,169,-1073
alpha 0.005,1,170,-5,-1078,170,-1078
alpha 0.005,1,171,-5,-1083,171,-1083
alpha 0.005,1,172,-5,-1088,172,-1088
alpha 0.005,1,173,-5,-1093,173,-1093
alpha 0.005,1,174,-5,-1098,174,-1098
alpha 0.005,1,175,-5,-1103,175,-1103
alpha 0.005,1,176,-5,-1108,176,-1108
alpha 0.005,1,177,-5,-1113,177,-1113
alpha 0.005,1,178,-5,-1118,178,-1118
alpha 0.005,1,179,-5,-1123,179,-1123
alpha 0.005,1,180,-6,-1129,180,-1129
alpha 0.005,1,181,-6,-1135,181,-1135
alpha 0.005,1,182,-7,-1142,182,-1142
alpha 0.005,1,183,-7,-1149,183,-1149
alpha 0.005,1,184,-7,-1156,184,-1156
alpha 0.005,1,185,-7,-1163,185,-1163
alpha 0.005,1,186,-7,-1170,186,-1170
alpha 0.005,1,187,-7,-1177,187,-1177
alpha 0.005,1,188,-7,-1184,188,-1184
alpha 0.005,1,189,-7,-1191,189,-1191
alpha 0.005,1,190,-7,-1198,190,-1198
alpha 0.005,1,191,-7,-1205,191,-1205
alpha 0.005,1,192,-7,-1212,192,-1212
alpha 0.005,1,193,-7,-1219,193,-1219
alpha 0.005,1,194,-7,-1226,194,-1226
alpha 0.005,1,195,-8,-1234,195,-1234
alpha 0.005,1,196,-8,-1242,196,-1242
alpha 0.005,1,197,-8,-1250,197,-1250
alpha 0.005,1,198,-8,-1258,198,-1258
alpha 0.005,1,199,-8,-1266,199,-1266
alpha 0.005,1,200,-8,-1274,200,-1274
alpha 0.005,1,201,-8,-1282,201,-1282
alpha 0.005,1,202,-8,-1290,202,-1290
alpha 0.005,1,203,-8,-1298,203,-1298
alpha 0.005,1,204,-8,-1306,204,-1306
alpha 0.005,1,205,-8,-1314,205,-1314
alpha 0.005,1,206,-8,-1322,206,-1322
alpha 0.005,1,207,-8,-1330,207,-1330
alpha 0.005,1,208,-8,-1338,208,-1338
alpha 0.005,1,209,-8,-1346,209,-1346
alpha 0.005,1,210,-8,-1354,210,-1354
alpha 0.005,1,211,-10,-1364,211,-1364
alpha 0.005,1,212,-10,-1374,212,-1374
alpha 0.005,1,213,-10,-1384,213,-1384
alpha 0.005,1,214,-10,-1394,214,-1394
alpha 0.005,1,215,-10,-1404,215,-1404
alpha 0.005,1,216,-10,-1414,216,-1414
alpha 0.005,1,217,-10,-1424,217,-1424
alpha 0.005,1,218,-10,-1434,218,-1434
alpha 0.005,1,219,-10,-1444,219,-1444
alpha 0.005,1,220,-10,-1454,220,-1454
alpha 0.005,1,221,-10,-1464,221,-1464
alpha 0.005,1,222,-10,-1474,222,-1474
alpha 0.005,1,223,-10,-1484,223,-1484
alpha 0.005,1,224,-10,-1494,224,-1494
alpha 0.005,1,225,-10,-1504,225,-1504
alpha 0.005,1,226,-10,-1514,226,-1514
alpha 0.005,1,227,-10,-1524,227,-1524
alpha 0.005,1,228,-10,-1534,228,-1534
alpha 0.005,1,229,-10,-1544,229,-1544
alpha 0.005,1,230,-10,-1554,230,-1554
alpha 0.005,1,231,-10,-1564,231,-1564
alpha 0.005,1,232,-10,-1574,232,-1574
alpha 0.005,1,233,-10,-1584,233,-1584
alpha 0.005,1,234,-10,-1594,234,-1594
alpha 0.005,1,235,-10,-1604,235,-1604
alpha 0.005,1,236,-10,-1614,236,-1614
alpha 0.005,1,237,-10,-1624,237,-1624
alpha 0.005,1,238,-10,-1634,238,-1634
alpha 0.005,1,239,-10,-1644,239,-1644
alpha 0.005,1,240,-10,-1654,240,-1654
alpha 0.005,1,241,-10,-1664,241,-1664
alpha 0.005,1,242,-10,-1674,242,-1674
alpha 0.005,1,243,-10,-1684,243,-1684
alpha 0.005,1,244,-10,-1694,244,-1694
alpha 0.005,1,245,-10,-1704,245,-1704
alpha 0.005,1,246,-10,-1714,246,-1714
alpha 0.005,1,247,-10,-1724,247,-1724
alpha 0.005,1,248,-8,-1732,248,-1732
alpha 0.005,1,249,-8,-1740,249,-1740
alpha 0.005,1,250,-8,-1748,250,-1748
alpha 0.005,1,251,-6,-1754,251,-1754
alpha 0.005,1,252,-6,-1760,252,-1760
alpha 0.005,1,253,-5,-1765,253,-1765
alpha 0.005,1,254,-5,-1770,254,-1770
alpha 0.005,1,255,-5,-1775,255,-1775
alpha 0.005,1,256,-6,-1781,256,-1781
alpha 0.005,1,257,-6,-1787,257,-1787
alpha 0.005,1,258,-6,-1793,258,-1793
alpha 0.005,1,259,-6,-1799,259,-1799
alpha 0.005,1,260,-6,-1805,260,-1805
alpha 0.005,1,261,-6,-1811,261,-1811
alpha 0.005,1,262,-5,-1816,262,-1816
alpha 0.005,1,263,-5,-1821,263,-1821
alpha 0.005,1,264,-5,-1826,264,-1826
alpha 0.005,1,265,-5,-1831,265,-1831
alpha 0.005,1,266,-5,-1836,266,-1836
alpha 0.005,1,267,-5,-1841,267,-1841
alpha 0.005,1,268,-5,-1846,268,-1846
alpha 0.005,1,269,-5,-1851,269,-1851
alpha 0.005,1,270,-5,-1856,270,-1856
alpha 0.005,1,271,-5,-1861,271,-1861
alpha 0.005,1,272,-4,-1865,272,-1865
alpha 0.005,1,273,-4,-1869,273,-1869
alpha 0.005,1,274,-4,-1873,274,-1873
alpha 0.005,1,275,-4,-1877,275,-1877
alpha 0.005,1,276,-4,-1881,276,-1881
alpha 0.005,1,277,-3,-1884,277,-1884
alpha 0.005,1,278,-3,-1887,278,-1887
alpha 0.005,1,279,-3,-1890,279,-1890
alpha 0.005,1,280,-3,-1893,280,-1893
alpha 0.005,1,281,-3,-1896,281,-1896
alpha 0.005,1,282,-3,-1899,282,-1899
alpha 0.005,1,283,-5,-1904,283,-1904
alpha 0.005,1,284,-3,-1907,284,-1907
alpha 0.005,1,285,-2,-1909,285,-1909
alpha 0.005,1,286,-2,-1911,286,-1911
alpha 0.005,1,287,-2,-1913,287,-1913
alpha 0.005,1,288,-2,-1915,288,-1915
alpha 0.005,1,289,-2,-1917,289,-1917
alpha 0.005,1,290,-2,-1919,290,-1919
alpha 0.005,1,291,-2,-1921,291,-1921
alpha 0.005,1,292,-2,-1923,292,-1923
alpha 0.005,1,293,-2,-1925,293,-1925
alpha 0.005,1,294,-2,-1927,294,-1927
alpha 0.005,1,295,-3,-1930,295,-1930
alpha 0.005,1,296,-3,-1933,296,-1933
alpha 0.005,1,297,-3,-1936,297,-1936
alpha 0.005,1,298,-3,-1939,298,-1939
alpha 0.005,1,299,-3,-1942,299,-1942
alpha 0.005,1,300,-3,-1945,300,-1945
alpha 0.005,1,301,-3,-1948,301,-1948
alpha 0.005,1,302,-5,-1953,302,-1953
alpha 0.005,1,303,-5,-1958,303,-1958
alpha 0.005,1,304,-3,-1961,304,-1961
alpha 0.005,1,305,-3,-1964,305,-1964
alpha 0.005,1,306,-3,-1967,306,-1967
alpha 0.005,1,307,-5,-1972,307,-1972
alpha 0.005,1,308,-5,-1977,308,-1977
alpha 0.005,1,309,-5,-1982,309,-1982
alpha 0.005,1,310,-6,-1988,310,-1988
alpha 0.005,1,311,-6,-1994,311,-1994
alpha 0.005,1,312,-6,-2000,312,-2000
alpha 0.005,1,313,-6,-2006,313,-2006
alpha 0.005,1,314,-6,-2012,314,-2012
alpha 0.005,1,315,-6,-2018,315,-2018
alpha 0.005,1,316,-6,-2024,316,-2024
alpha 0.005,1,317,-6,-2030,317,-2030
alpha 0.005,1,318,-6,-2036,318,-2036
alpha 0.005,1,319,-6,-2042,319,-2042
alpha 0.005,1,320,-7,-2049,320,-2049
alpha 0.005,1,321,-7,-2056,321,-2056
alpha 0.005,1,322,-7,-2063,322,-2063
alpha 0.005,1,323,-7,-2070,323,-2070
alpha 0.005,1,324,-7,-2077,324,-2077
alpha 0.005,1,325,-7,-2084,325,-2084
alpha 0.005,1,326,-7,-2091,326,-2091
alpha 0.005,1,327,-7,-2098,327,-2098
alpha 0.005,1,328,-7,-2105,328,-2105
alpha 0.005,1,329,-7,-2112,329,-2112
alpha 0.005,1,330,-7,-2119,330,-2119
alpha 0.005,1,331,-7,-2126,331,-2126
alpha 0.005,1,332,-7,-2133,332,-2133
alpha 0.005,1,333,-7,-2140,333,-2140
alpha 0.005,1,334,-7,-2147,334,-2147
alpha 0.005,1,335,-7,-2154,335,-2154
alpha 0.005,1,336,-7,-2161,336,-2161
alpha 0.005,1,337,-7,-2168,337,-2168
alpha 0.005,1,338,-7,-2175,338,-2175
alpha 0.005,1,339,-7,-2182,339,-2182
alpha 0.005,1,340,-7,-2189,340,-2189
alpha 0.005,1,341,-7,-2196,341,-2196
alpha 0.005,1,342,-7,-2203,342,-2203
alpha 0.005,1,343,-7,-2210,343,-2210
alpha 0.005,1,344,-7,-2217,344,-2217
alpha 0.005,1,345,-7,-2224,345,-2224
alpha 0.005,1,346,-7,-2231,346,-2231
alpha 0.005,1,347,-7,-2238,347,-2238
alpha 0.005,1,348,-7,-2245,348,-2245
alpha 0.005,1,349,-7,-2252,349,-2252
alpha 0.005,1,350,-7,-2259,350,-2259
alpha 0.005,1,351,-7,-2266,351,-2266
alpha 0.005,1,352,-7,-2273,352,-2273
alpha 0.005,1,353,-7,-2280,353,-2280
alpha 0.005,1,354,-7,-2287,354,-2287
alpha 0.005,1,355,-7,-2294,355,-2294
alpha 0.005,1,356,-7,-2301,356,-2301
alpha 0.005,1,357,-7,-2308,357,-2308
alpha 0.005,1,358,-7,-2315,358,-2315
alpha 0.005,1,359,-7,-2322,359,-2322
alpha 0.005,1,360,-7,-2329,360,-2329
alpha 0.005,1,361,-8,-2337,361,-2337
alpha 0.005,1,362,-8,-2345,362,-2345
alpha 0.005,1,363,-8,-2353,363,-2353
alpha 0.005,1,364,-7,-2360,364,-2360
alpha 0.005,1,365,-7,-2367,365,-2367
alpha 0.005,1,366,-7,-2374,366,-2374
alpha 0.005,1,367,-7,-2381,367,-2381
alpha 0.005,1,368,-7,-2388,368,-2388
alpha 0.005,1,369,-7,-2395,369,-2395
alpha 0.005,1,370,-8,-2403,370,-2403
alpha 0.005,1,371,-7,-2410,371,-2410
alpha 0.005,1,372,-7,-2417,372,-2417
alpha 0.005,1,373,-7,-2424,373,-2424
alpha 0.005,1,374,-7,-2431,374,-2431
alpha 0.005,1,375,-7,-2438,375,-2438
alpha 0.005,1,376,-7,-2445,376,-2445
alpha 0.005,1,377,-7,-2452,377,-2452
alpha 0.005,1,378,-7,-2459,378,-2459
alpha 0.005,1,379,-7,-2466,379,-2466
alpha 0.005,1,380,-7,-2473,380,-2473
alpha 0.005,1,381,-7,-2480,381,-2480
alpha 0.005,1,382,-7,-2487,382,-2487
alpha 0.005,1,383,-7,-2494,383,-2494
alpha 0.005,1,384,-7,-2501,384,-2501
alpha 0.005,1,385,-7,-2508,385,-2508
alpha 0.005,1,386,-7,-2515,386,-2515
alpha 0.005,1,387,-7,-2522,387,-2522
alpha 0.005,1,388,-7,-2529,388,-2529
alpha 0.005,1,389,-7,-2536,389,-2536
alpha 0.005,1,390,-7,-2543,390,-2543
alpha 0.005,1,391,-7,-2550,391,-2550
alpha 0.005,1,392,-7,-2557,392,-2557
alpha 0.005,1,393,-7,-2564,393,-2564
alpha 0.005,1,394,-7,-2571,394,-2571
alpha 0.005,1,395,-7,-2578,395,-2578
alpha 0.005,1,396,-7,-2585,396,-2585
alpha 0.005,1,397,-7,-2592,397,-2592
alpha 0.005,1,398,-7,-2599,398,-2599
alpha 0.005,1,399,-7,-2606,399,-2606
alpha 0.005,1,400,-6,-2612,400,-2612
alpha 0.005,1,401,-6,-2618,401,-2618
alpha 0.005,1,402,-6,-2624,402,-2624
alpha 0.005,1,403,-6,-2630,403,-2630
alpha 0.005,1,404,-6,-2636,404,-2636
alpha 0.005,1,405,-6,-2642,405,-2642
alpha 0.005,1,406,-6,-2648,406,-2648
alpha 0.005,1,407,-5,-2653,407,-2653
alpha 0.005,1,408,-5,-2658,408,-2658
alpha 0.005,1,409,-5,-2663,409,-2663
alpha 0.005,1,410,-5,-2668,410,-2668
alpha 0.005,1,411,-5,-2673,411,-2673
alpha 0.005,1,412,-5,-2678,412,-2678
alpha 0.005,1,413,-5,-2683,413,-2683
alpha 0.005,1,414,-5,-2688,414,-2688
alpha 0.005,1,415,-5,-2693,415,-2693
alpha 0.005,1,416,-5,-2698,416,-2698
alpha 0.005,1,417,-5,-2703,417,-2703
alpha 0.005,1,418,-5,-2708,418,-2708
alpha 0.005,1,419,-5,-2713,419,-2713
alpha 0.005,1,420,-5,-2718,420,-2718
alpha 0.005,1,421,-5,-2723,421,-2723
alpha 0.005,1,422,-5,-2728,422,-2728
alpha 0.005,1,423,-5,-2733,423,-2733
alpha 0.005,1,424,-5,-2738,424,-2738
alpha 0.005,1,425,-5,-2743,425,-2743
alpha 0.005,1,426,-5,-2748,426,-2748
alpha 0.005,1,427,-5,-2753,427,-2753
alpha 0.005,1,428,-5,-2758,428,-2758
alpha 0.005,1,429,-5,-2763,429,-2763
alpha 0.005,1,430,-5,-2768,430,-2768
alpha 0.005,1,431,-5,-2773,431,-2773
alpha 0.005,1,432,-5,-2778,432,-2778
alpha 0.005,1,433,-5,-2783,433,-2783
alpha 0.005,1,434,-5,-2788,434,-2788
alpha 0.005,1,435,-5,-2793,435,-2793
alpha 0.005,1,436,-6,-2799,436,-2799
alpha 0.005,1,437,-6,-2805,437,-2805
alpha 0.005,1,438,-6,-2811,438,-2811
alpha 0.005,1,439,-6,-2817,439,-2817
alpha 0.005,1,440,-6,-2823,440,-2823
alpha 0.005,1,441,-6,-2829,441,-2829
alpha 0.005,1,442,-7,-2836,442,-2836
alpha 0.005,1,443,-7,-2843,443,-2843
alpha 0.005,1,444,-7,-2850,444,-2850
alpha 0.005,1,445,-7,-2857,445,-2857
alpha 0.005,1,446,-7,-2864,446,-2864
alpha 0.005,1,447,-7,-2871,447,-2871
alpha 0.005,1,448,-7,-2878,448,-2878
alpha 0.005,1,449,-7,-2885,449,-2885
alpha 0.005,1,450,-7,-2892,450,-2892
alpha 0.005,1,451,-7,-2899,451,-2899
alpha 0.005,1,452,-7,-2906,452,-2906
alpha 0.005,1,453,-7,-2913,453,-2913
alpha 0.005,1,454,-7,-2920,454,-2920
alpha 0.005,1,455,-7,-2927,455,-2927
alpha 0.005,1,456,-7,-2934,456,-2934
alpha 0.005,1,457,-7,-2941,457,-2941
alpha 0.005,1,458,-7,-2948,458,-2948
alpha 0.005,1,459,-7,-2955,459,-2955
alpha 0.005,1,460,-7,-2962,460,-2962
alpha 0.005,1,461,-7,-2969,461,-2969
alpha 0.005,1,462,-7,-2976,462,-2976
alpha 0.005,1,463,-7,-2983,463,-2983
alpha 0.005,1,464,-7,-2990,464,-2990
alpha 0.005,1,465,-7,-2997,465,-2997
alpha 0.005,1,466,-7,-3004,466,-3004
alpha 0.005,1,467,-7,-3011,467,-3011
alpha 0.005,1,468,-7,-3018,468,-3018
alpha 0.005,1,469,-7,-3025,469,-3025
alpha 0.005,1,470,-7,-3032,470,-3032
alpha 0.005,1,471,-7,-3039,471,-3039
alpha 0.005,1,472,-7,-3046,472,-3046
alpha 0.005,1,473,-7,-3053,473,-3053
alpha 0.005,1,474,-7,-3060,474,-3060
alpha 0.005,1,475,-7,-3067,475,-3067
alpha 0.005,1,476,-7,-3074,476,-3074
alpha 0.005,1,477,-8,-3082,477,-3082
alpha 0.005,1,478,-7,-3089,478,-3089
alpha 0.005,1,479,-7,-3096,479,-3096
alpha 0.005,1,480,-7,-3103,480,-3103
alpha 0.005,1,481,-7,-3110,481,-3110
alpha 0.005,1,482,-7,-3117,482,-3117
alpha 0.005,1,483,-7,-3124,483,-3124
alpha 0.005,1,484,-7,-3131,484,-3131
alpha 0.005,1,485,-7,-3138,485,-3138
alpha 0.005,1,486,-7,-3145,486,-3145
alpha 0.005,1,487,-7,-3152,487,-3152
alpha 0.005,1,488,-7,-3159,488,-3159
alpha 0.005,1,489,-7,-3166,489,-3166
alpha 0.005,1,490,-7,-3173,490,-3173
alpha 0.005,1,491,-7,-3180,491,-3180
alpha 0.005,1,492,-7,-3187,492,-3187
alpha 0.005,1,493,-7,-3194,493,-3194
alpha 0.005,1,494,-7,-3201,494,-3201
alpha 0.005,1,495,-7,-3208,495,-3208
alpha 0.005,1,496,-7,-3215,496,-3215
alpha 0.005,1,497,-7,-3222,497,-3222
alpha 0.005,1,498,-7,-3229,498,-3229
alpha 0.005,1,499,-7,-3236,499,-3236
alpha 0.005,1,500,-7,-3243,500,-3243
alpha 0.005,2,1,4,4,501,-3239
alpha 0.005,2,2,-1,3,502,-3240
alpha 0.005,2,3,-6,-3,503,-3246
alpha 0.005,2,4,-10,-13,504,-3256
alpha 0.005,2,5,-7,-20,505,-3263
alpha 0.005,2,6,-7,-27,506,-3270
alpha 0.005,2,7,-8,-35,507,-3278
alpha 0.005,2,8,-7,-42,508,-3285
alpha 0.005,2,9,-6,-48,509,-3291
alpha 0.005,2,10,-5,-53,510,-3296
alpha 0.005,2,11,-5,-58,511,-3301
alpha 0.005,2,12,-6,-64,512,-3307
alpha 0.005,2,13,-6,-70,513,-3313
alpha 0.005,2,14,-7,-77,514,-3320
alpha 0.005,2,15,-7,-84,515,-3327
alpha 0.005,2,16,-7,-91,516,-3334
alpha 0.005,2,17,-7,-98,517,-3341
alpha 0.005,2,18,-7,-105,518,-3348
alpha 0.005,2,19,-7,-112,519,-3355
alpha 0.005,2,20,-7,-119,520,-3362
alpha 0.005,2,21,-7,-126,521,-3369
alpha 0.005,2,22,-7,-133,522,-3376
alpha 0.005,2,23,-8,-141,523,-3384
alpha 0.005,2,24,-8,-149,524,-3392
alpha 0.005,2,25,-8,-157,525,-3400
alpha 0.005,2,26,-8,-165,526,-3408
alpha 0.005,2,27,-8,-173,527,-3416
alpha 0.005,2,28,-8,-181,528,-3424
alpha 0.005,2,29,-10,-191,529,-3434
alpha 0.005,2,30,-10,-201,530,-3444
alpha 0.005,2,31,-10,-211,531,-3454
alpha 0.005,2,32,-10,-221,532,-3464
alpha 0.005,2,33,-10,-231,533,-3474
alpha 0.005,2,34,-10,-241,534,-3484
alpha 0.005,2,35,-10,-251,535,-3494
alpha 0.005,2,36,-10,-261,536,-3504
alpha 0.005,2,37,-10,-271,537,-3514
alpha 0.005,2,38,-10,-281,538,-3524
alpha 0.005,2,39,-10,-291,539,-3534
alpha 0.005,2,40,-10,-301,540,-3544
alpha 0.005,2,41,-10,-311,541,-3554
alpha 0.005,2,42,-10,-321,542,-3564
alpha 0.005,2,43,-10,-331,543,-3574
alpha 0.005,2,44,-10,-341,544,-3584
alpha 0.005,2,45,-10,-351,545,-3594
alpha 0.005,2,46,-10,-361,546,-3604
alpha 0.005,2,47,-10,-371,547,-3614
alpha 0.005,2,48,-10,-381,548,-3624
alpha 0.005,2,49,-10,-391,549,-3634
alpha 0.005,2,50,-10,-401,550,-3644
alpha 0.005,2,51,-10,-411,551,-3654
alpha 0.005,2,52,-10,-421,552,-3664
alpha 0.005,2,53,-10,-431,553,-3674
alpha 0.005,2,54,-10,-441,554,-3684
alpha 0.005,2,55,-10,-451,555,-3694
alpha 0.005,2,56,-10,-461,556,-3704
alpha 0.005,2,57,-8,-469,557,-3712
alpha 0.005,2,58,-6,-475,558,-3718
alpha 0.005,2,59,-5,-480,559,-3723
alpha 0.005,2,60,-5,-485,560,-3728
alpha 0.005,2,61,-5,-490,561,-3733
alpha 0.005,2,62,-3,-493,562,-3736
alpha 0.005,2,63,-2,-495,563,-3738
alpha 0.005,2,64,-2,-497,564,-3740
alpha 0.005,2,65,-2,-499,565,-3742
alpha 0.005,2,66,2,-497,566,-3740
alpha 0.005,2,67,1,-496,567,-3739
alpha 0.005,2,68,2,-494,568,-3737
alpha 0.005,2,69,1,-493,569,-3736
alpha 0.005,2,70,-3,-496,570,-3739
alpha 0.005,2,71,-4,-500,571,-3743
alpha 0.005,2,72,-3,-503,572,-3746
alpha 0.005,2,73,-3,-506,573,-3749
alpha 0.005,2,74,-3,-509,574,-3752
alpha 0.005,2,75,-4,-513,575,-3756
alpha 0.005,2,76,-4,-517,576,-3760
alpha 0.005,2,77,-4,-521,577,-3764
alpha 0.005,2,78,-4,-525,578,-3768
alpha 0.005,2,79,-4,-529,579,-3772
alpha 0.005,2,80,-4,-533,580,-3776
alpha 0.005,2,81,-4,-537,581,-3780
alpha 0.005,2,82,-4,-541,582,-3784
alpha 0.005,2,83,-4,-545,583,-3788
alpha 0.005,2,84,-4,-549,584,-3792
alpha 0.005,2,85,-4,-553,585,-3796
alpha 0.005,2,86,-4,-557,586,-3800
alpha 0.005,2,87,-6,-563,587,-3806
alpha 0.005,2,88,-5,-568,588,-3811
alpha 0.005,2,89,-5,-573,589,-3816
alpha 0.005,2,90,-5,-578,590,-3821
alpha 0.005,2,91,-5,-583,591,-3826
alpha 0.005,2,92,-6,-589,592,-3832
alpha 0.005,2,93,-6,-595,593,-3838
alpha 0.005,2,94,-6,-601,594,-3844
alpha 0.005,2,95,-6,-607,595,-3850
alpha 0.005,2,96,-8,-615,596,-3858
alpha 0.005,2,97,-7,-622,597,-3865
alpha 0.005,2,98,-7,-629,598,-3872
alpha 0.005,2,99,-7,-636,599,-3879
alpha 0.005,2,100,-7,-643,600,-3886
alpha 0.005,2,101,-7,-650,601,-3893
alpha 0.005,2,102,-7,-657,602,-3900
alpha 0.005,2,103,-7,-664,603,-3907
alpha 0.005,2,104,-7,-671,604,-3914
alpha 0.005,2,105,-7,-678,605,-3921
alpha 0.005,2,106,-7,-685,606,-3928
alpha 0.005,2,107,-7,-692,607,-3935
alpha 0.005,2,108,-7,-699,608,-3942
alpha 0.005,2,109,-7,-706,609,-3949
alpha 0.005,2,110,-7,-713,610,-3956
alpha 0.005,2,111,-7,-720,611,-3963
alpha 0.005,2,112,-7,-727,612,-3970
alpha 0.005,2,113,-8,-735,613,-3978
alpha 0.005,2,114,-8,-743,614,-3986
alpha 0.005,2,115,-8,-751,615,-3994
alpha 0.005,2,116,-8,-759,616,-4002
alpha 0.005,2,117,-8,-767,617,-4010
alpha 0.005,2,118,-8,-775,618,-4018
alpha 0.005,2,119,-8,-783,619,-4026
alpha 0.005,2,120,-8,-791,620,-4034
alpha 0.005,2,121,-8,-799,621,-4042
alpha 0.005,2,122,-8,-807,622,-4050
alpha 0.005,2,123,-10,-817,623,-4060
alpha 0.005,2,124,-10,-827,624,-4070
alpha 0.005,2,125,-10,-837,625,-4080
alpha 0.005,2,126,-10,-847,626,-4090
alpha 0.005,2,127,-10,-857,627,-4100
alpha 0.005,2,128,-10,-867,628,-4110
alpha 0.005,2,129,-10,-877,629,-4120
alpha 0.005,2,130,-10,-887,630,-4130
alpha 0.005,2,131,-10,-897,631,-4140
alpha 0.005,2,132,-10,-907,632,-4150
alpha 0.005,2,133,-10,-917,633,-4160
alpha 0.005,2,134,-10,-927,634,-4170
alpha 0.005,2,135,-10,-937,635,-4180
alpha 0.005,2,136,-10,-947,636,-4190
alpha 0.005,2,137,-10,-957,637,-4200
alpha 0.005,2,138,-10,-967,638,-4210
alpha 0.005,2,139,-10,-977,639,-4220
alpha 0.005,2,140,-10,-987,640,-4230
alpha 0.005,2,141,-10,-997,641,-4240
alpha 0.005,2,142,-10,-1007,642,-4250
alpha 0.005,2,143,-10,-1017,643,-4260
alpha 0.005,2,144,-10,-1027,644,-4270
alpha 0.005,2,145,-10,-1037,645,-4280
alpha 0.005,2,146,-10,-1047,646,-4290
alpha 0.005,2,147,-10,-1057,647,-4300
alpha 0.005,2,148,-10,-1067,648,-4310
alpha 0.005,2,149,-10,-1077,649,-4320
alpha 0.005,2,150,-10,-1087,650,-4330
alpha 0.005,2,151,-10,-1097,651,-4340
alpha 0.005,2,152,-10,-1107,652,-4350
alpha 0.005,2,153,-10,-1117,653,-4360
alpha 0.005,2,154,-10,-1127,654,-4370
alpha 0.005,2,155,-10,-1137,655,-4380
alpha 0.005,2,156,-10,-1147,656,-4390
alpha 0.005,2,157,-10,-1157,657,-4400
alpha 0.005,2,158,-10,-1167,658,-4410
alpha 0.005,2,159,-10,-1177,659,-4420
alpha 0.005,2,160,-10,-1187,660,-4430
alpha 0.005,2,161,-10,-1197,661,-4440
alpha 0.005,2,162,-10,-1207,662,-4450
alpha 0.005,2,163,-10,-1217,663,-4460
alpha 0.005,2,164,-10,-1227,664,-4470
alpha 0.005,2,165,-10,-1237,665,-4480
alpha 0.005,2,166,-10,-1247,666,-4490
alpha 0.005,2,167,-10,-1257,667,-4500
alpha 0.005,2,168,-10,-1267,668,-4510
alpha 0.005,2,169,-10,-1277,669,-4520
alpha 0.005,2,170,-10,-1287,670,-4530
alpha 0.005,2,171,-8,-1295,671,-4538
alpha 0.005,2,172,-8,-1303,672,-4546
alpha 0.005,2,173,-8,-1311,673,-4554
alpha 0.005,2,174,-8,-1319,674,-4562
alpha 0.005,2,175,-8,-1327,675,-4570
alpha 0.005,2,176,-8,-1335,676,-4578
alpha 0.005,2,177,-7,-1342,677,-4585
alpha 0.005,2,178,-7,-1349,678,-4592
alpha 0.005,2,179,-7,-1356,679,-4599
alpha 0.005,2,180,-7,-1363,680,-4606
alpha 0.005,2,181,-7,-1370,681,-4613
alpha 0.005,2,182,-7,-1377,682,-4620
alpha 0.005,2,183,-7,-1384,683,-4627
alpha 0.005,2,184,-7,-1391,684,-4634
alpha 0.005,2,185,-6,-1397,685,-4640
alpha 0.005,2,186,-6,-1403,686,-4646
alpha 0.005,2,187,-5,-1408,687,-4651
alpha 0.005,2,188,-5,-1413,688,-4656
alpha 0.005,2,189,-5,-1418,689,-4661
alpha 0.005,2,190,-5,-1423,690,-4666
alpha 0.005,2,191,-5,-1428,691,-4671
alpha 0.005,2,192,-5,-1433,692,-4676
alpha 0.005,2,193,-5,-1438,693,-4681
alpha 0.005,2,194,-5,-1443,694,-4686
alpha 0.005,2,195,-5,-1448,695,-4691
alpha 0.005,2,196,-6,-1454,696,-4697
alpha 0.005,2,197,-6,-1460,697,-4703
alpha 0.005,2,198,-6,-1466,698,-4709
alpha 0.005,2,199,-7,-1473,699,-4716
alpha 0.005,2,200,-7,-1480,700,-4723
alpha 0.005,2,201,-7,-1487,701,-4730
alpha 0.005,2,202,-7,-1494,702,-4737
alpha 0.005,2,203,-7,-1501,703,-4744
alpha 0.005,2,204,-7,-1508,704,-4751
alpha 0.005,2,205,-7,-1515,705,-4758
alpha 0.005,2,206,-7,-1522,706,-4765
alpha 0.005,2,207,-8,-1530,707,-4773
alpha 0.005,2,208,-8,-1538,708,-4781
alpha 0.005,2,209,-8,-1546,709,-4789
alpha 0.005,2,210,-8,-1554,710,-4797
alpha 0.005,2,211,-8,-1562,711,-4805
alpha 0.005,2,212,-8,-1570,712,-4813
alpha 0.005,2,213,-8,-1578,713,-4821
alpha 0.005,2,214,-10,-1588,714,-4831
alpha 0.005,2,215,-10,-1598,715,-4841
alpha 0.005,2,216,-10,-1608,716,-4851
alpha 0.005,2,217,-10,-1618,717,-4861
alpha 0.005,2,218,-10,-1628,718,-4871
alpha 0.005,2,219,-10,-1638,719,-4881
alpha 0.005,2,220,-10,-1648,720,-4891
alpha 0.005,2,221,-10,-1658,721,-4901
alpha 0.005,2,222,-10,-1668,722,-4911
alpha 0.005,2,223,-10,-1678,723,-4921
alpha 0.005,2,224,-10,-1688,724,-4931
alpha 0.005,2,225,-10,-1698,725,-4941
alpha 0.005,2,226,-10,-1708,726,-4951
alpha 0.005,2,227,-10,-1718,727,-4961
alpha 0.005,2,228,-10,-1728,728,-4971
alpha 0.005,2,229,-10,-1738,729,-4981
alpha 0.005,2,230,-10,-1748,730,-4991
alpha 0.005,2,231,-10,-1758,731,-5001
alpha 0.005,2,232,-10,-1768,732,-5011
alpha 0.005,2,233,-10,-1778,733,-5021
alpha 0.005,2,234,-10,-1788,734,-5031
alpha 0.005,2,235,-10,-1798,735,-5041
alpha 0.005,2,236,-10,-1808,736,-5051
alpha 0.005,2,237,-10,-1818,737,-5061
alpha 0.005,2,238,-10,-1828,738,-5071
alpha 0.005,2,239,-10,-1838,739,-5081
alpha 0.005,2,240,-10,-1848,740,-5091
alpha 0.005,2,241,-10,-1858,741,-5101
alpha 0.005,2,242,-10,-1868,742,-5111
alpha 0.005,2,243,-10,-1878,743,-5121
alpha 0.005,2,244,-10,-1888,744,-5131
alpha 0.005,2,245,-10,-1898,745,-5141
alpha 0.005,2,246,-10,-1908,746,-5151
alpha 0.005,2,247,-10,-1918,747,-5161
alpha 0.005,2,248,-10,-1928,748,-5171
alpha 0.005,2,249,-10,-1938,749,-5181
alpha 0.005,2,250,-10,-1948,750,-5191
alpha 0.005,2,251,-10,-1958,751,-5201
alpha 0.005,2,252,-10,-1968,752,-5211
alpha 0.005,2,253,-10,-1978,753,-5221
alpha 0.005,2,254,-10,-1988,754,-5231
alpha 0.005,2,255,-10,-1998,755,-5241
alpha 0.005,2,256,-7,-2005,756,-5248
alpha 0.005,2,257,-7,-2012,757,-5255
alpha 0.005,2,258,-7,-2019,758,-5262
alpha 0.005,2,259,-7,-2026,759,-5269
alpha 0.005,2,260,-7,-2033,760,-5276
alpha 0.005,2,261,-7,-2040,761,-5283
alpha 0.005,2,262,-7,-2047,762,-5290
alpha 0.005,2,263,-7,-2054,763,-5297
alpha 0.005,2,264,-7,-2061,764,-5304
alpha 0.005,2,265,-7,-2068,765,-5311
alpha 0.005,2,266,-7,-2075,766,-5318
alpha 0.005,2,267,-7,-2082,767,-5325
alpha 0.005,2,268,-7,-2089,768,-5332
alpha 0.005,2,269,-7,-2096,769,-5339
alpha 0.005,2,270,-7,-2103,770,-5346
alpha 0.005,2,271,-7,-2110,771,-5353
alpha 0.005,2,272,-7,-2117,772,-5360
alpha 0.005,2,273,-5,-2122,773,-5365
alpha 0.005,2,274,-5,-2127,774,-5370
alpha 0.005,2,275,-5,-2132,775,-5375
alpha 0.005,2,276,-4,-2136,776,-5379
alpha 0.005,2,277,-4,-2140,777,-5383
alpha 0.005,2,278,-4,-2144,778,-5387
alpha 0.005,2,279,-4,-2148,779,-5391
alpha 0.005,2,280,-4,-2152,780,-5395
alpha 0.005,2,281,-4,-2156,781,-5399
alpha 0.005,2,282,-4,-2160,782,-5403
alpha 0.005,2,283,-4,-2164,783,-5407
alpha 0.005,2,284,-4,-2168,784,-5411
alpha 0.005,2,285,-4,-2172,785,-5415
alpha 0.005,2,286,-4,-2176,786,-5419
alpha 0.005,2,287,-4,-2180,787,-5423
alpha 0.005,2,288,-4,-2184,788,-5427
alpha 0.005,2,289,-4,-2188,789,-5431
alpha 0.005,2,290,-4,-2192,790,-5435
alpha 0.005,2,291,-4,-2196,791,-5439
alpha 0.005,2,292,-4,-2200,792,-5443
alpha 0.005,2,293,-4,-2204,793,-5447
alpha 0.005,2,294,-4,-2208,794,-5451
alpha 0.005,2,295,-3,-2211,795,-5454
alpha 0.005,2,296,-2,-2213,796,-5456
alpha 0.005,2,297,-2,-2215,797,-5458
alpha 0.005,2,298,-1,-2216,798,-5459
alpha 0.005,2,299,-2,-2218,799,-5461
alpha 0.005,2,300,-1,-2219,800,-5462
alpha 0.005,2,301,1,-2218,801,-5461
alpha 0.005,2,302,1,-2217,802,-5460
alpha 0.005,2,303,1,-2216,803,-5459
alpha 0.005,2,304,1,-2215,804,-5458
alpha 0.005,2,305,1,-2214,805,-5457
alpha 0.005,2,306,1,-2213,806,-5456
alpha 0.005,2,307,1,-2212,807,-5455
alpha 0.005,2,308,-1,-2213,808,-5456
alpha 0.005,2,309,-2,-2215,809,-5458
alpha 0.005,2,310,-2,-2217,810,-5460
alpha 0.005,2,311,-2,-2219,811,-5462
alpha 0.005,2,312,-2,-2221,812,-5464
alpha 0.005,2,313,-3,-2224,813,-5467
alpha 0.005,2,314,-3,-2227,814,-5470
alpha 0.005,2,315,-2,-2229,815,-5472
alpha 0.005,2,316,-2,-2231,816,-5474
alpha 0.005,2,317,-2,-2233,817,-5476
alpha 0.005,2,318,-2,-2235,818,-5478
alpha 0.005,2,319,-2,-2237,819,-5480
alpha 0.005,2,320,-2,-2239,820,-5482
alpha 0.005,2,321,-2,-2241,821,-5484
alpha 0.005,2,322,-2,-2243,822,-5486
alpha 0.005,2,323,-3,-2246,823,-5489
alpha 0.005,2,324,-4,-2250,824,-5493
alpha 0.005,2,325,-4,-2254,825,-5497
alpha 0.005,2,326,-4,-2258,826,-5501
alpha 0.005,2,327,-4,-2262,827,-5505
alpha 0.005,2,328,-5,-2267,828,-5510
alpha 0.005,2,329,-5,-2272,829,-5515
alpha 0.005,2,330,-5,-2277,830,-5520
alpha 0.005,2,331,-5,-2282,831,-5525
alpha 0.005,2,332,-5,-2287,832,-5530
alpha 0.005,2,333,-5,-2292,833,-5535
alpha 0.005,2,334,-5,-2297,834,-5540
alpha 0.005,2,335,-5,-2302,835,-5545
alpha 0.005,2,336,-5,-2307,836,-5550
alpha 0.005,2,337,-6,-2313,837,-5556
alpha 0.005,2,338,-6,-2319,838,-5562
alpha 0.005,2,339,-6,-2325,839,-5568
alpha 0.005,2,340,-6,-2331,840,-5574
alpha 0.005,2,341,-6,-2337,841,-5580
alpha 0.005,2,342,-6,-2343,842,-5586
alpha 0.005,2,343,-6,-2349,843,-5592
alpha 0.005,2,344,-6,-2355,844,-5598
alpha 0.005,2,345,-6,-2361,845,-5604
alpha 0.005,2,346,-6,-2367,846,-5610
alpha 0.005,2,347,-6,-2373,847,-5616
alpha 0.005,2,348,-6,-2379,848,-5622
alpha 0.005,2,349,-6,-2385,849,-5628
alpha 0.005,2,350,-8,-2393,850,-5636
alpha 0.005,2,351,-8,-2401,851,-5644
alpha 0.005,2,352,-8,-2409,852,-5652
alpha 0.005,2,353,-8,-2417,853,-5660
alpha 0.005,2,354,-8,-2425,854,-5668
alpha 0.005,2,355,-8,-2433,855,-5676
alpha 0.005,2,356,-8,-2441,856,-5684
alpha 0.005,2,357,-8,-2449,857,-5692
alpha 0.005,2,358,-8,-2457,858,-5700
alpha 0.005,2,359,-8,-2465,859,-5708
alpha 0.005,2,360,-10,-2475,860,-5718
alpha 0.005,2,361,-10,-2485,861,-5728
alpha 0.005,2,362,-10,-2495,862,-5738
alpha 0.005,2,363,-10,-2505,863,-5748
alpha 0.005,2,364,-10,-2515,864,-5758
alpha 0.005,2,365,-10,-2525,865,-5768
alpha 0.005,2,366,-10,-2535,866,-5778
alpha 0.005,2,367,-10,-2545,867,-5788
alpha 0.005,2,368,-10,-2555,868,-5798
alpha 0.005,2,369,-10,-2565,869,-5808
alpha 0.005,2,370,-10,-2575,870,-5818
alpha 0.005,2,371,-10,-2585,871,-5828
alpha 0.005,2,372,-10,-2595,872,-5838
alpha 0.005,2,373,-10,-2605,873,-5848
alpha 0.005,2,374,-10,-2615,874,-5858
alpha 0.005,2,375,-10,-2625,875,-5868
alpha 0.005,2,376,-10,-2635,876,-5878
alpha 0.005,2,377,-10,-2645,877,-5888
alpha 0.005,2,378,-10,-2655,878,-5898
alpha 0.005,2,379,-10,-2665,879,-5908
alpha 0.005,2,380,-10,-2675,880,-5918
alpha 0.005,2,381,-10,-2685,881,-5928
alpha 0.005,2,382,-10,-2695,882,-5938
alpha 0.005,2,383,-10,-2705,883,-5948
alpha 0.005,2,384,-10,-2715,884,-5958
alpha 0.005,2,385,-10,-2725,885,-5968
alpha 0.005,2,386,-10,-2735,886,-5978
alpha 0.005,2,387,-10,-2745,887,-5988
alpha 0.005,2,388,-10,-2755,888,-5998
alpha 0.005,2,389,-10,-2765,889,-6008
alpha 0.005,2,390,-10,-2775,890,-6018
alpha 0.005,2,391,-10,-2785,891,-6028
alpha 0.005,2,392,-10,-2795,892,-6038
alpha 0.005,2,393,-10,-2805,893,-6048
alpha 0.005,2,394,-10,-2815,894,-6058
alpha 0.005,2,395,-10,-2825,895,-6068
alpha 0.005,2,396,-10,-2835,896,-6078
alpha 0.005,2,397,-10,-2845,897,-6088
alpha 0.005,2,398,-10,-2855,898,-6098
alpha 0.005,2,399,-10,-2865,899,-6108
alpha 0.005,2,400,-10,-2875,900,-6118
alpha 0.005,2,401,-10,-2885,901,-6128
alpha 0.005,2,402,-10,-2895,902,-6138
alpha 0.005,2,403,-10,-2905,903,-6148
alpha 0.005,2,404,-10,-2915,904,-6158
alpha 0.005,2,405,-10,-2925,905,-6168
alpha 0.005,2,406,-10,-2935,906,-6178
alpha 0.005,2,407,-10,-2945,907,-6188
alpha 0.005,2,408,-10,-2955,908,-6198
alpha 0.005,2,409,-10,-2965,909,-6208
alpha 0.005,2,410,-10,-2975,910,-6218
alpha 0.005,2,411,-10,-2985,911,-6228
alpha 0.005,2,412,-10,-2995,912,-6238
alpha 0.005,2,413,-10,-3005,913,-6248
alpha 0.005,2,414,-8,-3013,914,-6256
alpha 0.005,2,415,-8,-3021,915,-6264
alpha 0.005,2,416,-8,-3029,916,-6272
alpha 0.005,2,417,-8,-3037,917,-6280
alpha 0.005,2,418,-8,-3045,918,-6288
alpha 0.005,2,419,-8,-3053,919,-6296
alpha 0.005,2,420,-8,-3061,920,-6304
alpha 0.005,2,421,-7,-3068,921,-6311
alpha 0.005,2,422,-7,-3075,922,-6318
alpha 0.005,2,423,-7,-3082,923,-6325
alpha 0.005,2,424,-7,-3089,924,-6332
alpha 0.005,2,425,-7,-3096,925,-6339
alpha 0.005,2,426,-7,-3103,926,-6346
alpha 0.005,2,427,-7,-3110,927,-6353
alpha 0.005,2,428,-7,-3117,928,-6360
alpha 0.005,2,429,-6,-3123,929,-6366
alpha 0.005,2,430,-6,-3129,930,-6372
alpha 0.005,2,431,-6,-3135,931,-6378
alpha 0.005,2,432,-5,-3140,932,-6383
alpha 0.005,2,433,-5,-3145,933,-6388
alpha 0.005,2,434,-5,-3150,934,-6393
alpha 0.005,2,435,-5,-3155,935,-6398
alpha 0.005,2,436,-5,-3160,936,-6403
alpha 0.005,2,437,-5,-3165,937,-6408
alpha 0.005,2,438,-5,-3170,938,-6413
alpha 0.005,2,439,-5,-3175,939,-6418
alpha 0.005,2,440,-5,-3180,940,-6423
alpha 0.005,2,441,-5,-3185,941,-6428
alpha 0.005,2,442,-6,-3191,942,-6434
alpha 0.005,2,443,-6,-3197,943,-6440
alpha 0.005,2,444,-6,-3203,944,-6446
alpha 0.005,2,445,-7,-3210,945,-6453
alpha 0.005,2,446,-7,-3217,946,-6460
alpha 0.005,2,447,-7,-3224,947,-6467
alpha 0.005,2,448,-7,-3231,948,-6474
alpha 0.005,2,449,-7,-3238,949,-6481
alpha 0.005,2,450,-7,-3245,950,-6488
alpha 0.005,2,451,-7,-3252,951,-6495
alpha 0.005,2,452,-7,-3259,952,-6502
alpha 0.005,2,453,-7,-3266,953,-6509
alpha 0.005,2,454,-7,-3273,954,-6516
alpha 0.005,2,455,-8,-3281,955,-6524
alpha 0.005,2,456,-8,-3289,956,-6532
alpha 0.005,2,457,-8,-3297,957,-6540
alpha 0.005,2,458,-8,-3305,958,-6548
alpha 0.005,2,459,-8,-3313,959,-6556
alpha 0.005,2,460,-8,-3321,960,-6564
alpha 0.005,2,461,-8,-3329,961,-6572
alpha 0.005,2,462,-8,-3337,962,-6580
alpha 0.005,2,463,-8,-3345,963,-6588
alpha 0.005,2,464,-8,-3353,964,-6596
alpha 0.005,2,465,-8,-3361,965,-6604
alpha 0.005,2,466,-8,-3369,966,-6612
alpha 0.005,2,467,-10,-3379,967,-6622
alpha 0.005,2,468,-10,-3389,968,-6632
alpha 0.005,2,469,-10,-3399,969,-6642
alpha 0.005,2,470,-10,-3409,970,-6652
alpha 0.005,2,471,-10,-3419,971,-6662
alpha 0.005,2,472,-10,-3429,972,-6672
alpha 0.005,2,473,-10,-3439,973,-6682
alpha 0.005,2,474,-10,-3449,974,-6692
alpha 0.005,2,475,-10,-3459,975,-6702
alpha 0.005,2,476,-10,-3469,976,-6712
alpha 0.005,2,477,-10,-3479,977,-6722
alpha 0.005,2,478,-10,-3489,978,-6732
alpha 0.005,2,479,-10,-3499,979,-6742
alpha 0.005,2,480,-10,-3509,980,-6752
alpha 0.005,2,481,-10,-3519,981,-6762
alpha 0.005,2,482,-10,-3529,982,-6772
alpha 0.005,2,483,-10,-3539,983,-6782
alpha 0.005,2,484,-10,-3549,984,-6792
alpha 0.005,2,485,-10,-3559,985,-6802
alpha 0.005,2,486,-10,-3569,986,-6812
alpha 0.005,2,487,-10,-3579,987,-6822
alpha 0.005,2,488,-10,-3589,988,-6832
alpha 0.005,2,489,-10,-3599,989,-6842
alpha 0.005,2,490,-10,-3609,990,-6852
alpha 0.005,2,491,-10,-3619,991,-6862
alpha 0.005,2,492,-10,-3629,992,-6872
alpha 0.005,2,493,-10,-3639,993,-6882
alpha 0.005,2,494,-10,-3649,994,-6892
alpha 0.005,2,495,-10,-3659,995,-6902
alpha 0.005,2,496,-10,-3669,996,-6912
alpha 0.005,2,497,-10,-3679,997,-6922
alpha 0.005,2,498,-10,-3689,998,-6932
alpha 0.005,2,499,-10,-3699,999,-6942
alpha 0.005,2,500,-10,-3709,1000,-6952
alpha 0.005,3,1,2,2,1001,-6950
alpha 0.005,3,2,-1,1,1002,-6951
alpha 0.005,3,3,-6,-5,1003,-6957
alpha 0.005,3,4,-8,-13,1004,-6965
alpha 0.005,3,5,-10,-23,1005,-6975
alpha 0.005,3,6,-10,-33,1006,-6985
alpha 0.005,3,7,-10,-43,1007,-6995
alpha 0.005,3,8,-10,-53,1008,-7005
alpha 0.005,3,9,-10,-63,1009,-7015
alpha 0.005,3,10,-10,-73,1010,-7025
alpha 0.005,3,11,-10,-83,1011,-7035
alpha 0.005,3,12,-10,-93,1012,-7045
alpha 0.005,3,13,-10,-103,1013,-7055
alpha 0.005,3,14,-10,-113,1014,-7065
alpha 0.005,3,15,-10,-123,1015,-7075
alpha 0.005,3,16,-10,-133,1016,-7085
alpha 0.005,3,17,-10,-143,1017,-7095
alpha 0.005,3,18,-10,-153,1018,-7105
alpha 0.005,3,19,-10,-163,1019,-7115
alpha 0.005,3,20,-10,-173,1020,-7125
alpha 0.005,3,21,-10,-183,1021,-7135
alpha 0.005,3,22,-10,-193,1022,-7145
alpha 0.005,3,23,-10,-203,1023,-7155
alpha 0.005,3,24,-10,-213,1024,-7165
alpha 0.005,3,25,-10,-223,1025,-7175
alpha 0.005,3,26,-10,-233,1026,-7185
alpha 0.005,3,27,-10,-243,1027,-7195
alpha 0.005,3,28,-10,-253,1028,-7205
alpha 0.005,3,29,-10,-263,1029,-7215
alpha 0.005,3,30,-10,-273,1030,-7225
alpha 0.005,3,31,-10,-283,1031,-7235
alpha 0.005,3,32,-8,-291,1032,-7243
alpha 0.005,3,33,-8,-299,1033,-7251
alpha 0.005,3,34,-8,-307,1034,-7259
alpha 0.005,3,35,-8,-315,1035,-7267
alpha 0.005,3,36,-8,-323,1036,-7275
alpha 0.005,3,37,-8,-331,1037,-7283
alpha 0.005,3,38,-8,-339,1038,-7291
alpha 0.005,3,39,-8,-347,1039,-7299
alpha 0.005,3,40,-8,-355,1040,-7307
alpha 0.005,3,41,-7,-362,1041,-7314
alpha 0.005,3,42,-7,-369,1042,-7321
alpha 0.005,3,43,-5,-374,1043,-7326
alpha 0.005,3,44,-5,-379,1044,-7331
alpha 0.005,3,45,-5,-384,1045,-7336
alpha 0.005,3,46,-5,-389,1046,-7341
alpha 0.005,3,47,-5,-394,1047,-7346
alpha 0.005,3,48,-5,-399,1048,-7351
alpha 0.005,3,49,-5,-404,1049,-7356
alpha 0.005,3,50,-5,-409,1050,-7361
alpha 0.005,3,51,-5,-414,1051,-7366
alpha 0.005,3,52,-5,-419,1052,-7371
alpha 0.005,3,53,-4,-423,1053,-7375
alpha 0.005,3,54,-3,-426,1054,-7378
alpha 0.005,3,55,-4,-430,1055,-7382
alpha 0.005,3,56,-4,-434,1056,-7386
alpha 0.005,3,57,-4,-438,1057,-7390
alpha 0.005,3,58,-4,-442,1058,-7394
alpha 0.005,3,59,-4,-446,1059,-7398
alpha 0.005,3,60,-4,-450,1060,-7402
alpha 0.005,3,61,-4,-454,1061,-7406
alpha 0.005,3,62,-4,-458,1062,-7410
alpha 0.005,3,63,-4,-462,1063,-7414
alpha 0.005,3,64,-4,-466,1064,-7418
alpha 0.005,3,65,-4,-470,1065,-7422
alpha 0.005,3,66,-4,-474,1066,-7426
alpha 0.005,3,67,-3,-477,1067,-7429
alpha 0.005,3,68,-3,-480,1068,-7432
alpha 0.005,3,69,-3,-483,1069,-7435
alpha 0.005,3,70,-3,-486,1070,-7438
alpha 0.005,3,71,-3,-489,1071,-7441
alpha 0.005,3,72,-3,-492,1072,-7444
alpha 0.005,3,73,-3,-495,1073,-7447
alpha 0.005,3,74,-2,-497,1074,-7449
alpha 0.005,3,75,-3,-500,1075,-7452
alpha 0.005,3,76,1,-499,1076,-7451
alpha 0.005,3,77,1,-498,1077,-7450
alpha 0.005,3,78,1,-497,1078,-7449
alpha 0.005,3,79,-1,-498,1079,-7450
alpha 0.005,3,80,-2,-500,1080,-7452
alpha 0.005,3,81,-3,-503,1081,-7455
alpha 0.005,3,82,-3,-506,1082,-7458
alpha 0.005,3,83,-3,-509,1083,-7461
alpha 0.005,3,84,-3,-512,1084,-7464
alpha 0.005,3,85,-3,-515,1085,-7467
alpha 0.005,3,86,-4,-519,1086,-7471
alpha 0.005,3,87,-4,-523,1087,-7475
alpha 0.005,3,88,-4,-527,1088,-7479
alpha 0.005,3,89,-3,-530,1089,-7482
alpha 0.005,3,90,-3,-533,1090,-7485
alpha 0.005,3,91,-4,-537,1091,-7489
alpha 0.005,3,92,-4,-541,1092,-7493
alpha 0.005,3,93,-4,-545,1093,-7497
alpha 0.005,3,94,-4,-549,1094,-7501
alpha 0.005,3,95,-4,-553,1095,-7505
alpha 0.005,3,96,-4,-557,1096,-7509
alpha 0.005,3,97,-4,-561,1097,-7513
alpha 0.005,3,98,-4,-565,1098,-7517
alpha 0.005,3,99,-5,-570,1099,-7522
alpha 0.005,3,100,-5,-575,1100,-7527
alpha 0.005,3,101,-5,-580,1101,-7532
alpha 0.005,3,102,-5,-585,1102,-7537
alpha 0.005,3,103,-5,-590,1103,-7542
alpha 0.005,3,104,-5,-595,1104,-7547
alpha 0.005,3,105,-5,-600,1105,-7552
alpha 0.005,3,106,-5,-605,1106,-7557
alpha 0.005,3,107,-5,-610,1107,-7562
alpha 0.005,3,108,-5,-615,1108,-7567
alpha 0.005,3,109,-5,-620,1109,-7572
alpha 0.005,3,110,-5,-625,1110,-7577
alpha 0.005,3,111,-8,-633,1111,-7585
alpha 0.005,3,112,-8,-641,1112,-7593
alpha 0.005,3,113,-8,-649,1113,-7601
alpha 0.005,3,114,-8,-657,1114,-7609
alpha 0.005,3,115,-8,-665,1115,-7617
alpha 0.005,3,116,-8,-673,1116,-7625
alpha 0.005,3,117,-8,-681,1117,-7633
alpha 0.005,3,118,-8,-689,1118,-7641
alpha 0.005,3,119,-8,-697,1119,-7649
alpha 0.005,3,120,-8,-705,1120,-7657
alpha 0.005,3,121,-8,-713,1121,-7665
alpha 0.005,3,122,-8,-721,1122,-7673
alpha 0.005,3,123,-10,-731,1123,-7683
alpha 0.005,3,124,-10,-741,1124,-7693
alpha 0.005,3,125,-10,-751,1125,-7703
alpha 0.005,3,126,-10,-761,1126,-7713
alpha 0.005,3,127,-10,-771,1127,-7723
alpha 0.005,3,128,-10,-781,1128,-7733
alpha 0.005,3,129,-10,-791,1129,-7743
alpha 0.005,3,130,-10,-801,1130,-7753
alpha 0.005,3,131,-10,-811,1131,-7763
alpha 0.005,3,132,-10,-821,1132,-7773
alpha 0.005,3,133,-10,-831,1133,-7783
alpha 0.005,3,134,-10,-841,1134,-7793
alpha 0.005,3,135,-10,-851,1135,-7803
alpha 0.005,3,136,-10,-861,1136,-7813
alpha 0.005,3,137,-10,-871,1137,-7823
alpha 0.005,3,138,-10,-881,1138,-7833
alpha 0.005,3,139,-10,-891,1139,-7843
alpha 0.005,3,140,-10,-901,1140,-7853
alpha 0.005,3,141,-10,-911,1141,-7863
alpha 0.005,3,142,-10,-921,1142,-7873
alpha 0.005,3,143,-10,-931,1143,-7883
alpha 0.005,3,144,-10,-941,1144,-7893
alpha 0.005,3,145,-10,-951,1145,-7903
alpha 0.005,3,146,-10,-961,1146,-7913
alpha 0.005,3,147,-10,-971,1147,-7923
alpha 0.005,3,148,-10,-981,1148,-7933
alpha 0.005,3,149,-10,-991,1149,-7943
alpha 0.005,3,150,-10,-1001,1150,-7953
alpha 0.005,3,151,-10,-1011,1151,-7963
alpha 0.005,3,152,-10,-1021,1152,-7973
alpha 0.005,3,153,-10,-1031,1153,-7983
alpha 0.005,3,154,-10,-1041,1154,-7993
alpha 0.005,3,155,-10,-1051,1155,-8003
alpha 0.005,3,156,-10,-1061,1156,-8013
alpha 0.005,3,157,-10,-1071,1157,-8023
alpha 0.005,3,158,-10,-1081,1158,-8033
alpha 0.005,3,159,-10,-1091,1159,-8043
alpha 0.005,3,160,-10,-1101,1160,-8053
alpha 0.005,3,161,-10,-1111,1161,-8063
alpha 0.005,3,162,-10,-1121,1162,-8073
alpha 0.005,3,163,-10,-1131,1163,-8083
alpha 0.005,3,164,-10,-1141,1164,-8093
alpha 0.005,3,165,-8,-1149,1165,-8101
alpha 0.005,3,166,-8,-1157,1166,-8109
alpha 0.005,3,167,-8,-1165,1167,-8117
alpha 0.005,3,168,-8,-1173,1168,-8125
alpha 0.005,3,169,-8,-1181,1169,-8133
alpha 0.005,3,170,-8,-1189,1170,-8141
alpha 0.005,3,171,-8,-1197,1171,-8149
alpha 0.005,3,172,-8,-1205,1172,-8157
alpha 0.005,3,173,-8,-1213,1173,-8165
alpha 0.005,3,174,-8,-1221,1174,-8173
alpha 0.005,3,175,-8,-1229,1175,-8181
alpha 0.005,3,176,-8,-1237,1176,-8189
alpha 0.005,3,177,-7,-1244,1177,-8196
alpha 0.005,3,178,-7,-1251,1178,-8203
alpha 0.005,3,179,-7,-1258,1179,-8210
alpha 0.005,3,180,-7,-1265,1180,-8217
alpha 0.005,3,181,-7,-1272,1181,-8224
alpha 0.005,3,182,-7,-1279,1182,-8231
alpha 0.005,3,183,-7,-1286,1183,-8238
alpha 0.005,3,184,-7,-1293,1184,-8245
alpha 0.005,3,185,-7,-1300,1185,-8252
alpha 0.005,3,186,-7,-1307,1186,-8259
alpha 0.005,3,187,-7,-1314,1187,-8266
alpha 0.005,3,188,-7,-1321,1188,-8273
alpha 0.005,3,189,-7,-1328,1189,-8280
alpha 0.005,3,190,-7,-1335,1190,-8287
alpha 0.005,3,191,-7,-1342,1191,-8294
alpha 0.005,3,192,-6,-1348,1192,-8300
alpha 0.005,3,193,-6,-1354,1193,-8306
alpha 0.005,3,194,-6,-1360,1194,-8312
alpha 0.005,3,195,-5,-1365,1195,-8317
alpha 0.005,3,196,-5,-1370,1196,-8322
alpha 0.005,3,197,-5,-1375,1197,-8327
alpha 0.005,3,198,-5,-1380,1198,-8332
alpha 0.005,3,199,-5,-1385,1199,-8337
alpha 0.005,3,200,-5,-1390,1200,-8342
alpha 0.005,3,201,-5,-1395,1201,-8347
alpha 0.005,3,202,-5,-1400,1202,-8352
alpha 0.005,3,203,-5,-1405,1203,-8357
alpha 0.005,3,204,-5,-1410,1204,-8362
alpha 0.005,3,205,-5,-1415,1205,-8367
alpha 0.005,3,206,-5,-1420,1206,-8372
alpha 0.005,3,207,-5,-1425,1207,-8377
alpha 0.005,3,208,-5,-1430,1208,-8382
alpha 0.005,3,209,-5,-1435,1209,-8387
alpha 0.005,3,210,-5,-1440,1210,-8392
alpha 0.005,3,211,-6,-1446,1211,-8398
alpha 0.005,3,212,-6,-1452,1212,-8404
alpha 0.005,3,213,-6,-1458,1213,-8410
alpha 0.005,3,214,-6,-1464,1214,-8416
alpha 0.005,3,215,-6,-1470,1215,-8422
alpha 0.005,3,216,-7,-1477,1216,-8429
alpha 0.005,3,217,-7,-1484,1217,-8436
alpha 0.005,3,218,-7,-1491,1218,-8443
alpha 0.005,3,219,-7,-1498,1219,-8450
alpha 0.005,3,220,-7,-1505,1220,-8457
alpha 0.005,3,221,-7,-1512,1221,-8464
alpha 0.005,3,222,-7,-1519,1222,-8471
alpha 0.005,3,223,-7,-1526,1223,-8478
alpha 0.005,3,224,-7,-1533,1224,-8485
alpha 0.005,3,225,-7,-1540,1225,-8492
alpha 0.005,3,226,-7,-1547,1226,-8499
alpha 0.005,3,227,-7,-1554,1227,-8506
alpha 0.005,3,228,-7,-1561,1228,-8513
alpha 0.005,3,229,-7,-1568,1229,-8520
alpha 0.005,3,230,-7,-1575,1230,-8527
alpha 0.005,3,231,-7,-1582,1231,-8534
alpha 0.005,3,232,-7,-1589,1232,-8541
alpha 0.005,3,233,-8,-1597,1233,-8549
alpha 0.005,3,234,-8,-1605,1234,-8557
alpha 0.005,3,235,-8,-1613,1235,-8565
alpha 0.005,3,236,-8,-1621,1236,-8573
alpha 0.005,3,237,-8,-1629,1237,-8581
alpha 0.005,3,238,-8,-1637,1238,-8589
alpha 0.005,3,239,-8,-1645,1239,-8597
alpha 0.005,3,240,-8,-1653,1240,-8605
alpha 0.005,3,241,-8,-1661,1241,-8613
alpha 0.005,3,242,-8,-1669,1242,-8621
alpha 0.005,3,243,-8,-1677,1243,-8629
alpha 0.005,3,244,-8,-1685,1244,-8637
alpha 0.005,3,245,-8,-1693,1245,-8645
alpha 0.005,3,246,-8,-1701,1246,-8653
alpha 0.005,3,247,-8,-1709,1247,-8661
alpha 0.005,3,248,-8,-1717,1248,-8669
alpha 0.005,3,249,-8,-1725,1249,-8677
alpha 0.005,3,250,-8,-1733,1250,-8685
alpha 0.005,3,251,-10,-1743,1251,-8695
alpha 0.005,3,252,-8,-1751,1252,-8703
alpha 0.005,3,253,-8,-1759,1253,-8711
alpha 0.005,3,254,-8,-1767,1254,-8719
alpha 0.005,3,255,-8,-1775,1255,-8727
alpha 0.005,3,256,-8,-1783,1256,-8735
alpha 0.005,3,257,-8,-1791,1257,-8743
alpha 0.005,3,258,-8,-1799,1258,-8751
alpha 0.005,3,259,-8,-1807,1259,-8759
alpha 0.005,3,260,-8,-1815,1260,-8767
alpha 0.005,3,261,-8,-1823,1261,-8775
alpha 0.005,3,262,-8,-1831,1262,-8783
alpha 0.005,3,263,-8,-1839,1263,-8791
alpha 0.005,3,264,-8,-1847,1264,-8799
alpha 0.005,3,265,-8,-1855,1265,-8807
alpha 0.005,3,266,-8,-1863,1266,-8815
alpha 0.005,3,267,-8,-1871,1267,-8823
alpha 0.005,3,268,-8,-1879,1268,-8831
alpha 0.005,3,269,-8,-1887,1269,-8839
alpha 0.005,3,270,-8,-1895,1270,-8847
alpha 0.005,3,271,-8,-1903,1271,-8855
alpha 0.005,3,272,-8,-1911,1272,-8863
alpha 0.005,3,273,-8,-1919,1273,-8871
alpha 0.005,3,274,-8,-1927,1274,-8879
alpha 0.005,3,275,-8,-1935,1275,-8887
alpha 0.005,3,276,-8,-1943,1276,-8895
alpha 0.005,3,277,-8,-1951,1277,-8903
alpha 0.005,3,278,-8,-1959,1278,-8911
alpha 0.005,3,279,-8,-1967,1279,-8919
alpha 0.005,3,280,-8,-1975,1280,-8927
alpha 0.005,3,281,-6,-1981,1281,-8933
alpha 0.005,3,282,-6,-1987,1282,-8939
alpha 0.005,3,283,-6,-1993,1283,-8945
alpha 0.005,3,284,-5,-1998,1284,-8950
alpha 0.005,3,285,-5,-2003,1285,-8955
alpha 0.005,3,286,-5,-2008,1286,-8960
alpha 0.005,3,287,-5,-2013,1287,-8965
alpha 0.005,3,288,-5,-2018,1288,-8970
alpha 0.005,3,289,-5,-2023,1289,-8975
alpha 0.005,3,290,-5,-2028,1290,-8980
alpha 0.005,3,291,-5,-2033,1291,-8985
alpha 0.005,3,292,-5,-2038,1292,-8990
alpha 0.005,3,293,-5,-2043,1293,-8995
alpha 0.005,3,294,-5,-2048,1294,-9000
alpha 0.005,3,295,-5,-2053,1295,-9005
alpha 0.005,3,296,-5,-2058,1296,-9010
alpha 0.005,3,297,-5,-2063,1297,-9015
alpha 0.005,3,298,-5,-2068,1298,-9020
alpha 0.005,3,299,-5,-2073,1299,-9025
alpha 0.005,3,300,-5,-2078,1300,-9030
alpha 0.005,3,301,-5,-2083,1301,-9035
alpha 0.005,3,302,-5,-2088,1302,-9040
alpha 0.005,3,303,-5,-2093,1303,-9045
alpha 0.005,3,304,-4,-2097,1304,-9049
alpha 0.005,3,305,-3,-2100,1305,-9052
alpha 0.005,3,306,-3,-2103,1306,-9055
alpha 0.005,3,307,-3,-2106,1307,-9058
alpha 0.005,3,308,-3,-2109,1308,-9061
alpha 0.005,3,309,-3,-2112,1309,-9064
alpha 0.005,3,310,-3,-2115,1310,-9067
alpha 0.005,3,311,-3,-2118,1311,-9070
alpha 0.005,3,312,-5,-2123,1312,-9075
alpha 0.005,3,313,-5,-2128,1313,-9080
alpha 0.005,3,314,-5,-2133,1314,-9085
alpha 0.005,3,315,-3,-2136,1315,-9088
alpha 0.005,3,316,-3,-2139,1316,-9091
alpha 0.005,3,317,-3,-2142,1317,-9094
alpha 0.005,3,318,-5,-2147,1318,-9099
alpha 0.005,3,319,-5,-2152,1319,-9104
alpha 0.005,3,320,-5,-2157,1320,-9109
alpha 0.005,3,321,-5,-2162,1321,-9114
alpha 0.005,3,322,-5,-2167,1322,-9119
alpha 0.005,3,323,-5,-2172,1323,-9124
alpha 0.005,3,324,-5,-2177,1324,-9129
alpha 0.005,3,325,-5,-2182,1325,-9134
alpha 0.005,3,326,-5,-2187,1326,-9139
alpha 0.005,3,327,-5,-2192,1327,-9144
alpha 0.005,3,328,-5,-2197,1328,-9149
alpha 0.005,3,329,-5,-2202,1329,-9154
alpha 0.005,3,330,-3,-2205,1330,-9157
alpha 0.005,3,331,-3,-2208,1331,-9160
alpha 0.005,3,332,-3,-2211,1332,-9163
alpha 0.005,3,333,-3,-2214,1333,-9166
alpha 0.005,3,334,-3,-2217,1334,-9169
alpha 0.005,3,335,-3,-2220,1335,-9172
alpha 0.005,3,336,-3,-2223,1336,-9175
alpha 0.005,3,337,-3,-2226,1337,-9178
alpha 0.005,3,338,-3,-2229,1338,-9181
alpha 0.005,3,339,-3,-2232,1339,-9184
alpha 0.005,3,340,-4,-2236,1340,-9188
alpha 0.005,3,341,-4,-2240,1341,-9192
alpha 0.005,3,342,-4,-2244,1342,-9196
alpha 0.005,3,343,-6,-2250,1343,-9202
alpha 0.005,3,344,-6,-2256,1344,-9208
alpha 0.005,3,345,-6,-2262,1345,-9214
alpha 0.005,3,346,-6,-2268,1346,-9220
alpha 0.005,3,347,-6,-2274,1347,-9226
alpha 0.005,3,348,-6,-2280,1348,-9232
alpha 0.005,3,349,-6,-2286,1349,-9238
alpha 0.005,3,350,-6,-2292,1350,-9244
alpha 0.005,3,351,-4,-2296,1351,-9248
alpha 0.005,3,352,-5,-2301,1352,-9253
alpha 0.005,3,353,-5,-2306,1353,-9258
alpha 0.005,3,354,-5,-2311,1354,-9263
alpha 0.005,3,355,-5,-2316,1355,-9268
alpha 0.005,3,356,-5,-2321,1356,-9273
alpha 0.005,3,357,-5,-2326,1357,-9278
alpha 0.005,3,358,-7,-2333,1358,-9285
alpha 0.005,3,359,-7,-2340,1359,-9292
alpha 0.005,3,360,-5,-2345,1360,-9297
alpha 0.005,3,361,-4,-2349,1361,-9301
alpha 0.005,3,362,-4,-2353,1362,-9305
alpha 0.005,3,363,-4,-2357,1363,-9309
alpha 0.005,3,364,-4,-2361,1364,-9313
alpha 0.005,3,365,-7,-2368,1365,-9320
alpha 0.005,3,366,-5,-2373,1366,-9325
alpha 0.005,3,367,-6,-2379,1367,-9331
alpha 0.005,3,368,-6,-2385,1368,-9337
alpha 0.005,3,369,-6,-2391,1369,-9343
alpha 0.005,3,370,-6,-2397,1370,-9349
alpha 0.005,3,371,-6,-2403,1371,-9355
alpha 0.005,3,372,-8,-2411,1372,-9363
alpha 0.005,3,373,-8,-2419,1373,-9371
alpha 0.005,3,374,-8,-2427,1374,-9379
alpha 0.005,3,375,-8,-2435,1375,-9387
alpha 0.005,3,376,-7,-2442,1376,-9394
alpha 0.005,3,377,-6,-2448,1377,-9400
alpha 0.005,3,378,-5,-2453,1378,-9405
alpha 0.005,3,379,-5,-2458,1379,-9410
alpha 0.005,3,380,-6,-2464,1380,-9416
alpha 0.005,3,381,-7,-2471,1381,-9423
alpha 0.005,3,382,-7,-2478,1382,-9430
alpha 0.005,3,383,-7,-2485,1383,-9437
alpha 0.005,3,384,-7,-2492,1384,-9444
alpha 0.005,3,385,-7,-2499,1385,-9451
alpha 0.005,3,386,-7,-2506,1386,-9458
alpha 0.005,3,387,-8,-2514,1387,-9466
alpha 0.005,3,388,-8,-2522,1388,-9474
alpha 0.005,3,389,-8,-2530,1389,-9482
alpha 0.005,3,390,-8,-2538,1390,-9490
alpha 0.005,3,391,-8,-2546,1391,-9498
alpha 0.005,3,392,-8,-2554,1392,-9506
alpha 0.005,3,393,-8,-2562,1393,-9514
alpha 0.005,3,394,-8,-2570,1394,-9522
alpha 0.005,3,395,-8,-2578,1395,-9530
alpha 0.005,3,396,-8,-2586,1396,-9538
alpha 0.005,3,397,-10,-2596,1397,-9548
alpha 0.005,3,398,-10,-2606,1398,-9558
alpha 0.005,3,399,-8,-2614,1399,-9566
alpha 0.005,3,400,-8,-2622,1400,-9574
alpha 0.005,3,401,-8,-2630,1401,-9582
alpha 0.005,3,402,-8,-2638,1402,-9590
alpha 0.005,3,403,-8,-2646,1403,-9598
alpha 0.005,3,404,-8,-2654,1404,-9606
alpha 0.005,3,405,-10,-2664,1405,-9616
alpha 0.005,3,406,-10,-2674,1406,-9626
alpha 0.005,3,407,-10,-2684,1407,-9636
alpha 0.005,3,408,-10,-2694,1408,-9646
alpha 0.005,3,409,-10,-2704,1409,-9656
alpha 0.005,3,410,-10,-2714,1410,-9666
alpha 0.005,3,411,-10,-2724,1411,-9676
alpha 0.005,3,412,-10,-2734,1412,-9686
alpha 0.005,3,413,-10,-2744,1413,-9696
alpha 0.005,3,414,-10,-2754,1414,-9706
alpha 0.005,3,415,-10,-2764,1415,-9716
alpha 0.005,3,416,-10,-2774,1416,-9726
alpha 0.005,3,417,-10,-2784,1417,-9736
alpha 0.005,3,418,-10,-2794,1418,-9746
alpha 0.005,3,419,-10,-2804,1419,-9756
alpha 0.005,3,420,-10,-2814,1420,-9766
alpha 0.005,3,421,-10,-2824,1421,-9776
alpha 0.005,3,422,-10,-2834,1422,-9786
alpha 0.005,3,423,-10,-2844,1423,-9796
alpha 0.005,3,424,-10,-2854,1424,-9806
alpha 0.005,3,425,-10,-2864,1425,-9816
alpha 0.005,3,426,-10,-2874,1426,-9826
alpha 0.005,3,427,-10,-2884,1427,-9836
alpha 0.005,3,428,-10,-2894,1428,-9846
alpha 0.005,3,429,-10,-2904,1429,-9856
alpha 0.005,3,430,-10,-2914,1430,-9866
alpha 0.005,3,431,-10,-2924,1431,-9876
alpha 0.005,3,432,-10,-2934,1432,-9886
alpha 0.005,3,433,-10,-2944,1433,-9896
alpha 0.005,3,434,-10,-2954,1434,-9906
alpha 0.005,3,435,-10,-2964,1435,-9916
alpha 0.005,3,436,-10,-2974,1436,-9926
alpha 0.005,3,437,-10,-2984,1437,-9936
alpha 0.005,3,438,-10,-2994,1438,-9946
alpha 0.005,3,439,-10,-3004,1439,-9956
alpha 0.005,3,440,-10,-3014,1440,-9966
alpha 0.005,3,441,-10,-3024,1441,-9976
alpha 0.005,3,442,-10,-3034,1442,-9986
alpha 0.005,3,443,-10,-3044,1443,-9996
alpha 0.005,3,444,-10,-3054,1444,-10006
alpha 0.005,3,445,-10,-3064,1445,-10016
alpha 0.005,3,446,-10,-3074,1446,-10026
alpha 0.005,3,447,-10,-3084,1447,-10036
alpha 0.005,3,448,-10,-3094,1448,-10046
alpha 0.005,3,449,-10,-3104,1449,-10056
alpha 0.005,3,450,-8,-3112,1450,-10064
alpha 0.005,3,451,-8,-3120,1451,-10072
alpha 0.005,3,452,-8,-3128,1452,-10080
alpha 0.005,3,453,-8,-3136,1453,-10088
alpha 0.005,3,454,-8,-3144,1454,-10096
alpha 0.005,3,455,-7,-3151,1455,-10103
alpha 0.005,3,456,-7,-3158,1456,-10110
alpha 0.005,3,457,-7,-3165,1457,-10117
alpha 0.005,3,458,-7,-3172,1458,-10124
alpha 0.005,3,459,-7,-3179,1459,-10131
alpha 0.005,3,460,-6,-3185,1460,-10137
alpha 0.005,3,461,-5,-3190,1461,-10142
alpha 0.005,3,462,-5,-3195,1462,-10147
alpha 0.005,3,463,-5,-3200,1463,-10152
alpha 0.005,3,464,-5,-3205,1464,-10157
alpha 0.005,3,465,-5,-3210,1465,-10162
alpha 0.005,3,466,-5,-3215,1466,-10167
alpha 0.005,3,467,-6,-3221,1467,-10173
alpha 0.005,3,468,-6,-3227,1468,-10179
alpha 0.005,3,469,-7,-3234,1469,-10186
alpha 0.005,3,470,-7,-3241,1470,-10193
alpha 0.005,3,471,-7,-3248,1471,-10200
alpha 0.005,3,472,-7,-3255,1472,-10207
alpha 0.005,3,473,-8,-3263,1473,-10215
alpha 0.005,3,474,-8,-3271,1474,-10223
alpha 0.005,3,475,-8,-3279,1475,-10231
alpha 0.005,3,476,-8,-3287,1476,-10239
alpha 0.005,3,477,-10,-3297,1477,-10249
alpha 0.005,3,478,-10,-3307,1478,-10259
alpha 0.005,3,479,-10,-3317,1479,-10269
alpha 0.005,3,480,-10,-3327,1480,-10279
alpha 0.005,3,481,-10,-3337,1481,-10289
alpha 0.005,3,482,-10,-3347,1482,-10299
alpha 0.005,3,483,-10,-3357,1483,-10309
alpha 0.005,3,484,-10,-3367,1484,-10319
alpha 0.005,3,485,-10,-3377,1485,-10329
alpha 0.005,3,486,-10,-3387,1486,-10339
alpha 0.005,3,487,-10,-3397,1487,-10349
alpha 0.005,3,488,-10,-3407,1488,-10359
alpha 0.005,3,489,-10,-3417,1489,-10369
alpha 0.005,3,490,-10,-3427,1490,-10379
alpha 0.005,3,491,-10,-3437,1491,-10389
alpha 0.005,3,492,-10,-3447,1492,-10399
alpha 0.005,3,493,-10,-3457,1493,-10409
alpha 0.005,3,494,-10,-3467,1494,-10419
alpha 0.005,3,495,-10,-3477,1495,-10429
alpha 0.005,3,496,-10,-3487,1496,-10439
alpha 0.005,3,497,-10,-3497,1497,-10449
alpha 0.005,3,498,-10,-3507,1498,-10459
alpha 0.005,3,499,-10,-3517,1499,-10469
alpha 0.005,3,500,-10,-3527,1500,-10479
alpha 0.005,4,1,4,4,1501,-10475
alpha 0.005,4,2,2,6,1502,-10473
alpha 0.005,4,3,1,7,1503,-10472
alpha 0.005,4,4,-2,5,1504,-10474
alpha 0.005,4,5,-3,2,1505,-10477
alpha 0.005,4,6,-7,-5,1506,-10484
alpha 0.005,4,7,-8,-13,1507,-10492
alpha 0.005,4,8,-8,-21,1508,-10500
alpha 0.005,4,9,-10,-31,1509,-10510
alpha 0.005,4,10,-10,-41,1510,-10520
alpha 0.005,4,11,-10,-51,1511,-10530
alpha 0.005,4,12,-10,-61,1512,-10540
alpha 0.005,4,13,-10,-71,1513,-10550
alpha 0.005,4,14,-8,-79,1514,-10558
alpha 0.005,4,15,-8,-87,1515,-10566
alpha 0.005,4,16,-8,-95,1516,-10574
alpha 0.005,4,17,-8,-103,1517,-10582
alpha 0.005,4,18,-8,-111,1518,-10590
alpha 0.005,4,19,-8,-119,1519,-10598
alpha 0.005,4,20,-8,-127,1520,-10606
alpha 0.005,4,21,-8,-135,1521,-10614
alpha 0.005,4,22,-8,-143,1522,-10622
alpha 0.005,4,23,-7,-150,1523,-10629
alpha 0.005,4,24,-7,-157,1524,-10636
alpha 0.005,4,25,-7,-164,1525,-10643
alpha 0.005,4,26,-7,-171,1526,-10650
alpha 0.005,4,27,-7,-178,1527,-10657
alpha 0.005,4,28,-7,-185,1528,-10664
alpha 0.005,4,29,-7,-192,1529,-10671
alpha 0.005,4,30,-8,-200,1530,-10679
alpha 0.005,4,31,-8,-208,1531,-10687
alpha 0.005,4,32,-8,-216,1532,-10695
alpha 0.005,4,33,-7,-223,1533,-10702
alpha 0.005,4,34,-7,-230,1534,-10709
alpha 0.005,4,35,-7,-237,1535,-10716
alpha 0.005,4,36,-7,-244,1536,-10723
alpha 0.005,4,37,-7,-251,1537,-10730
alpha 0.005,4,38,-7,-258,1538,-10737
alpha 0.005,4,39,-7,-265,1539,-10744
alpha 0.005,4,40,-7,-272,1540,-10751
alpha 0.005,4,41,-7,-279,1541,-10758
alpha 0.005,4,42,-7,-286,1542,-10765
alpha 0.005,4,43,-7,-293,1543,-10772
alpha 0.005,4,44,-7,-300,1544,-10779
alpha 0.005,4,45,-5,-305,1545,-10784
alpha 0.005,4,46,-5,-310,1546,-10789
alpha 0.005,4,47,-5,-315,1547,-10794
alpha 0.005,4,48,-5,-320,1548,-10799
alpha 0.005,4,49,-5,-325,1549,-10804
alpha 0.005,4,50,-5,-330,1550,-10809
alpha 0.005,4,51,-5,-335,1551,-10814
alpha 0.005,4,52,-5,-340,1552,-10819
alpha 0.005,4,53,-5,-345,1553,-10824
alpha 0.005,4,54,-5,-350,1554,-10829
alpha 0.005,4,55,-5,-355,1555,-10834
alpha 0.005,4,56,-5,-360,1556,-10839
alpha 0.005,4,57,-5,-365,1557,-10844
alpha 0.005,4,58,-4,-369,1558,-10848
alpha 0.005,4,59,-4,-373,1559,-10852
alpha 0.005,4,60,-4,-377,1560,-10856
alpha 0.005,4,61,-3,-380,1561,-10859
alpha 0.005,4,62,-2,-382,1562,-10861
alpha 0.005,4,63,-2,-384,1563,-10863
alpha 0.005,4,64,-3,-387,1564,-10866
alpha 0.005,4,65,-1,-388,1565,-10867
alpha 0.005,4,66,2,-386,1566,-10865
alpha 0.005,4,67,1,-385,1567,-10864
alpha 0.005,4,68,-3,-388,1568,-10867
alpha 0.005,4,69,-2,-390,1569,-10869
alpha 0.005,4,70,1,-389,1570,-10868
alpha 0.005,4,71,-1,-390,1571,-10869
alpha 0.005,4,72,-3,-393,1572,-10872
alpha 0.005,4,73,-3,-396,1573,-10875
alpha 0.005,4,74,-4,-400,1574,-10879
alpha 0.005,4,75,-4,-404,1575,-10883
alpha 0.005,4,76,-2,-406,1576,-10885
alpha 0.005,4,77,-3,-409,1577,-10888
alpha 0.005,4,78,-5,-414,1578,-10893
alpha 0.005,4,79,-5,-419,1579,-10898
alpha 0.005,4,80,-5,-424,1580,-10903
alpha 0.005,4,81,-5,-429,1581,-10908
alpha 0.005,4,82,-5,-434,1582,-10913
alpha 0.005,4,83,-5,-439,1583,-10918
alpha 0.005,4,84,-5,-444,1584,-10923
alpha 0.005,4,85,-5,-449,1585,-10928
alpha 0.005,4,86,-5,-454,1586,-10933
alpha 0.005,4,87,-5,-459,1587,-10938
alpha 0.005,4,88,-5,-464,1588,-10943
alpha 0.005,4,89,-5,-469,1589,-10948
alpha 0.005,4,90,-5,-474,1590,-10953
alpha 0.005,4,91,-5,-479,1591,-10958
alpha 0.005,4,92,-5,-484,1592,-10963
alpha 0.005,4,93,-5,-489,1593,-10968
alpha 0.005,4,94,-5,-494,1594,-10973
alpha 0.005,4,95,-5,-499,1595,-10978
alpha 0.005,4,96,-5,-504,1596,-10983
alpha 0.005,4,97,-5,-509,1597,-10988
alpha 0.005,4,98,-5,-514,1598,-10993
alpha 0.005,4,99,-5,-519,1599,-10998
alpha 0.005,4,100,-5,-524,1600,-11003
alpha 0.005,4,101,-5,-529,1601,-11008
alpha 0.005,4,102,-5,-534,1602,-11013
alpha 0.005,4,103,-5,-539,1603,-11018
alpha 0.005,4,104,-5,-544,1604,-11023
alpha 0.005,4,105,-5,-549,1605,-11028
alpha 0.005,4,106,-5,-554,1606,-11033
alpha 0.005,4,107,-5,-559,1607,-11038
alpha 0.005,4,108,-5,-564,1608,-11043
alpha 0.005,4,109,-5,-569,1609,-11048
alpha 0.005,4,110,-5,-574,1610,-11053
alpha 0.005,4,111,-6,-580,1611,-11059
alpha 0.005,4,112,-6,-586,1612,-11065
alpha 0.005,4,113,-6,-592,1613,-11071
alpha 0.005,4,114,-6,-598,1614,-11077
alpha 0.005,4,115,-6,-604,1615,-11083
alpha 0.005,4,116,-6,-610,1616,-11089
alpha 0.005,4,117,-6,-616,1617,-11095
alpha 0.005,4,118,-7,-623,1618,-11102
alpha 0.005,4,119,-7,-630,1619,-11109
alpha 0.005,4,120,-7,-637,1620,-11116
alpha 0.005,4,121,-7,-644,1621,-11123
alpha 0.005,4,122,-7,-651,1622,-11130
alpha 0.005,4,123,-7,-658,1623,-11137
alpha 0.005,4,124,-7,-665,1624,-11144
alpha 0.005,4,125,-7,-672,1625,-11151
alpha 0.005,4,126,-7,-679,1626,-11158
alpha 0.005,4,127,-7,-686,1627,-11165
alpha 0.005,4,128,-7,-693,1628,-11172
alpha 0.005,4,129,-7,-700,1629,-11179
alpha 0.005,4,130,-8,-708,1630,-11187
alpha 0.005,4,131,-8,-716,1631,-11195
alpha 0.005,4,132,-8,-724,1632,-11203
alpha 0.005,4,133,-8,-732,1633,-11211
alpha 0.005,4,134,-8,-740,1634,-11219
alpha 0.005,4,135,-8,-748,1635,-11227
alpha 0.005,4,136,-10,-758,1636,-11237
alpha 0.005,4,137,-10,-768,1637,-11247
alpha 0.005,4,138,-10,-778,1638,-11257
alpha 0.005,4,139,-10,-788,1639,-11267
alpha 0.005,4,140,-10,-798,1640,-11277
alpha 0.005,4,141,-10,-808,1641,-11287
alpha 0.005,4,142,-10,-818,1642,-11297
alpha 0.005,4,143,-10,-828,1643,-11307
alpha 0.005,4,144,-10,-838,1644,-11317
alpha 0.005,4,145,-10,-848,1645,-11327
alpha 0.005,4,146,-10,-858,1646,-11337
alpha 0.005,4,147,-10,-868,1647,-11347
alpha 0.005,4,148,-10,-878,1648,-11357
alpha 0.005,4,149,-10,-888,1649,-11367
alpha 0.005,4,150,-10,-898,1650,-11377
alpha 0.005,4,151,-10,-908,1651,-11387
alpha 0.005,4,152,-8,-916,1652,-11395
alpha 0.005,4,153,-8,-924,1653,-11403
alpha 0.005,4,154,-8,-932,1654,-11411
alpha 0.005,4,155,-8,-940,1655,-11419
alpha 0.005,4,156,-8,-948,1656,-11427
alpha 0.005,4,157,-8,-956,1657,-11435
alpha 0.005,4,158,-7,-963,1658,-11442
alpha 0.005,4,159,-7,-970,1659,-11449
alpha 0.005,4,160,-7,-977,1660,-11456
alpha 0.005,4,161,-7,-984,1661,-11463
alpha 0.005,4,162,-7,-991,1662,-11470
alpha 0.005,4,163,-7,-998,1663,-11477
alpha 0.005,4,164,-7,-1005,1664,-11484
alpha 0.005,4,165,-7,-1012,1665,-11491
alpha 0.005,4,166,-7,-1019,1666,-11498
alpha 0.005,4,167,-7,-1026,1667,-11505
alpha 0.005,4,168,-7,-1033,1668,-11512
alpha 0.005,4,169,-7,-1040,1669,-11519
alpha 0.005,4,170,-5,-1045,1670,-11524
alpha 0.005,4,171,-5,-1050,1671,-11529
alpha 0.005,4,172,-4,-1054,1672,-11533
alpha 0.005,4,173,-4,-1058,1673,-11537
alpha 0.005,4,174,-4,-1062,1674,-11541
alpha 0.005,4,175,-2,-1064,1675,-11543
alpha 0.005,4,176,-2,-1066,1676,-11545
alpha 0.005,4,177,-2,-1068,1677,-11547
alpha 0.005,4,178,-3,-1071,1678,-11550
alpha 0.005,4,179,-4,-1075,1679,-11554
alpha 0.005,4,180,-4,-1079,1680,-11558
alpha 0.005,4,181,-5,-1084,1681,-11563
alpha 0.005,4,182,-7,-1091,1682,-11570
alpha 0.005,4,183,-8,-1099,1683,-11578
alpha 0.005,4,184,-8,-1107,1684,-11586
alpha 0.005,4,185,-10,-1117,1685,-11596
alpha 0.005,4,186,-10,-1127,1686,-11606
alpha 0.005,4,187,-10,-1137,1687,-11616
alpha 0.005,4,188,-10,-1147,1688,-11626
alpha 0.005,4,189,-10,-1157,1689,-11636
alpha 0.005,4,190,-10,-1167,1690,-11646
alpha 0.005,4,191,-10,-1177,1691,-11656
alpha 0.005,4,192,-10,-1187,1692,-11666
alpha 0.005,4,193,-10,-1197,1693,-11676
alpha 0.005,4,194,-10,-1207,1694,-11686
alpha 0.005,4,195,-10,-1217,1695,-11696
alpha 0.005,4,196,-10,-1227,1696,-11706
alpha 0.005,4,197,-10,-1237,1697,-11716
alpha 0.005,4,198,-10,-1247,1698,-11726
alpha 0.005,4,199,-10,-1257,1699,-11736
alpha 0.005,4,200,-7,-1264,1700,-11743
alpha 0.005,4,201,-7,-1271,1701,-11750
alpha 0.005,4,202,-7,-1278,1702,-11757
alpha 0.005,4,203,-7,-1285,1703,-11764
alpha 0.005,4,204,-6,-1291,1704,-11770
alpha 0.005,4,205,-5,-1296,1705,-11775
alpha 0.005,4,206,-5,-1301,1706,-11780
alpha 0.005,4,207,-5,-1306,1707,-11785
alpha 0.005,4,208,-5,-1311,1708,-11790
alpha 0.005,4,209,-5,-1316,1709,-11795
alpha 0.005,4,210,-5,-1321,1710,-11800
alpha 0.005,4,211,-5,-1326,1711,-11805
alpha 0.005,4,212,-5,-1331,1712,-11810
alpha 0.005,4,213,-5,-1336,1713,-11815
alpha 0.005,4,214,-5,-1341,1714,-11820
alpha 0.005,4,215,-5,-1346,1715,-11825
alpha 0.005,4,216,-5,-1351,1716,-11830
alpha 0.005,4,217,-5,-1356,1717,-11835
alpha 0.005,4,218,-5,-1361,1718,-11840
alpha 0.005,4,219,-5,-1366,1719,-11845
alpha 0.005,4,220,-5,-1371,1720,-11850
alpha 0.005,4,221,-5,-1376,1721,-11855
alpha 0.005,4,222,-5,-1381,1722,-11860
alpha 0.005,4,223,-5,-1386,1723,-11865
alpha 0.005,4,224,-5,-1391,1724,-11870
alpha 0.005,4,225,-5,-1396,1725,-11875
alpha 0.005,4,226,-5,-1401,1726,-11880
alpha 0.005,4,227,-5,-1406,1727,-11885
alpha 0.005,4,228,-5,-1411,1728,-11890
alpha 0.005,4,229,-5,-1416,1729,-11895
alpha 0.005,4,230,-5,-1421,1730,-11900
alpha 0.005,4,231,-5,-1426,1731,-11905
alpha 0.005,4,232,-5,-1431,1732,-11910
alpha 0.005,4,233,-5,-1436,1733,-11915
alpha 0.005,4,234,-5,-1441,1734,-11920
alpha 0.005,4,235,-5,-1446,1735,-11925
alpha 0.005,4,236,-5,-1451,1736,-11930
alpha 0.005,4,237,-5,-1456,1737,-11935
alpha 0.005,4,238,-5,-1461,1738,-11940
alpha 0.005,4,239,-5,-1466,1739,-11945
alpha 0.005,4,240,-5,-1471,1740,-11950
alpha 0.005,4,241,-5,-1476,1741,-11955
alpha 0.005,4,242,-5,-1481,1742,-11960
alpha 0.005,4,243,-5,-1486,1743,-11965
alpha 0.005,4,244,-5,-1491,1744,-11970
alpha 0.005,4,245,-5,-1496,1745,-11975
alpha 0.005,4,246,-5,-1501,1746,-11980
alpha 0.005,4,247,-5,-1506,1747,-11985
alpha 0.005,4,248,-5,-1511,1748,-11990
alpha 0.005,4,249,-5,-1516,1749,-11995
alpha 0.005,4,250,-5,-1521,1750,-12000
alpha 0.005,4,251,-5,-1526,1751,-12005
alpha 0.005,4,252,-5,-1531,1752,-12010
alpha 0.005,4,253,-5,-1536,1753,-12015
alpha 0.005,4,254,-5,-1541,1754,-12020
alpha 0.005,4,255,-5,-1546,1755,-12025
alpha 0.005,4,256,-5,-1551,1756,-12030
alpha 0.005,4,257,-3,-1554,1757,-12033
alpha 0.005,4,258,-3,-1557,1758,-12036
alpha 0.005,4,259,-3,-1560,1759,-12039
alpha 0.005,4,260,-3,-1563,1760,-12042
alpha 0.005,4,261,-3,-1566,1761,-12045
alpha 0.005,4,262,-3,-1569,1762,-12048
alpha 0.005,4,263,-3,-1572,1763,-12051
alpha 0.005,4,264,-3,-1575,1764,-12054
alpha 0.005,4,265,-3,-1578,1765,-12057
alpha 0.005,4,266,-3,-1581,1766,-12060
alpha 0.005,4,267,-2,-1583,1767,-12062
alpha 0.005,4,268,-2,-1585,1768,-12064
alpha 0.005,4,269,-2,-1587,1769,-12066
alpha 0.005,4,270,-2,-1589,1770,-12068
alpha 0.005,4,271,-2,-1591,1771,-12070
alpha 0.005,4,272,-2,-1593,1772,-12072
alpha 0.005,4,273,-2,-1595,1773,-12074
alpha 0.005,4,274,-2,-1597,1774,-12076
alpha 0.005,4,275,-2,-1599,1775,-12078
alpha 0.005,4,276,-2,-1601,1776,-12080
alpha 0.005,4,277,-2,-1603,1777,-12082
alpha 0.005,4,278,-2,-1605,1778,-12084
alpha 0.005,4,279,-2,-1607,1779,-12086
alpha 0.005,4,280,-2,-1609,1780,-12088
alpha 0.005,4,281,-1,-1610,1781,-12089
alpha 0.005,4,282,-1,-1611,1782,-12090
alpha 0.005,4,283,1,-1610,1783,-12089
alpha 0.005,4,284,1,-1609,1784,-12088
alpha 0.005,4,285,1,-1608,1785,-12087
alpha 0.005,4,286,1,-1607,1786,-12086
alpha 0.005,4,287,1,-1606,1787,-12085
alpha 0.005,4,288,1,-1605,1788,-12084
alpha 0.005,4,289,2,-1603,1789,-12082
alpha 0.005,4,290,2,-1601,1790,-12080
alpha 0.005,4,291,2,-1599,1791,-12078
alpha 0.005,4,292,2,-1597,1792,-12076
alpha 0.005,4,293,4,-1593,1793,-12072
alpha 0.005,4,294,4,-1589,1794,-12068
alpha 0.005,4,295,4,-1585,1795,-12064
alpha 0.005,4,296,4,-1581,1796,-12060
alpha 0.005,4,297,4,-1577,1797,-12056
alpha 0.005,4,298,2,-1575,1798,-12054
alpha 0.005,4,299,2,-1573,1799,-12052
alpha 0.005,4,300,2,-1571,1800,-12050
alpha 0.005,4,301,2,-1569,1801,-12048
alpha 0.005,4,302,1,-1568,1802,-12047
alpha 0.005,4,303,-1,-1569,1803,-12048
alpha 0.005,4,304,-2,-1571,1804,-12050
alpha 0.005,4,305,-3,-1574,1805,-12053
alpha 0.005,4,306,-3,-1577,1806,-12056
alpha 0.005,4,307,-4,-1581,1807,-12060
alpha 0.005,4,308,-4,-1585,1808,-12064
alpha 0.005,4,309,-4,-1589,1809,-12068
alpha 0.005,4,310,-4,-1593,1810,-12072
alpha 0.005,4,311,-4,-1597,1811,-12076
alpha 0.005,4,312,-4,-1601,1812,-12080
alpha 0.005,4,313,-4,-1605,1813,-12084
alpha 0.005,4,314,-4,-1609,1814,-12088
alpha 0.005,4,315,-4,-1613,1815,-12092
alpha 0.005,4,316,-4,-1617,1816,-12096
alpha 0.005,4,317,-4,-1621,1817,-12100
alpha 0.005,4,318,-4,-1625,1818,-12104
alpha 0.005,4,319,-4,-1629,1819,-12108
alpha 0.005,4,320,-5,-1634,1820,-12113
alpha 0.005,4,321,-5,-1639,1821,-12118
alpha 0.005,4,322,-5,-1644,1822,-12123
alpha 0.005,4,323,-5,-1649,1823,-12128
alpha 0.005,4,324,-5,-1654,1824,-12133
alpha 0.005,4,325,-5,-1659,1825,-12138
alpha 0.005,4,326,-5,-1664,1826,-12143
alpha 0.005,4,327,-5,-1669,1827,-12148
alpha 0.005,4,328,-5,-1674,1828,-12153
alpha 0.005,4,329,-5,-1679,1829,-12158
alpha 0.005,4,330,-5,-1684,1830,-12163
alpha 0.005,4,331,-5,-1689,1831,-12168
alpha 0.005,4,332,-5,-1694,1832,-12173
alpha 0.005,4,333,-6,-1700,1833,-12179
alpha 0.005,4,334,-6,-1706,1834,-12185
alpha 0.005,4,335,-8,-1714,1835,-12193
alpha 0.005,4,336,-8,-1722,1836,-12201
alpha 0.005,4,337,-8,-1730,1837,-12209
alpha 0.005,4,338,-8,-1738,1838,-12217
alpha 0.005,4,339,-8,-1746,1839,-12225
alpha 0.005,4,340,-8,-1754,1840,-12233
alpha 0.005,4,341,-8,-1762,1841,-12241
alpha 0.005,4,342,-8,-1770,1842,-12249
alpha 0.005,4,343,-8,-1778,1843,-12257
alpha 0.005,4,344,-8,-1786,1844,-12265
alpha 0.005,4,345,-8,-1794,1845,-12273
alpha 0.005,4,346,-10,-1804,1846,-12283
alpha 0.005,4,347,-10,-1814,1847,-12293
alpha 0.005,4,348,-10,-1824,1848,-12303
alpha 0.005,4,349,-10,-1834,1849,-12313
alpha 0.005,4,350,-10,-1844,1850,-12323
alpha 0.005,4,351,-10,-1854,1851,-12333
alpha 0.005,4,352,-10,-1864,1852,-12343
alpha 0.005,4,353,-10,-1874,1853,-12353
alpha 0.005,4,354,-10,-1884,1854,-12363
alpha 0.005,4,355,-10,-1894,1855,-12373
alpha 0.005,4,356,-10,-1904,1856,-12383
alpha 0.005,4,357,-10,-1914,1857,-12393
alpha 0.005,4,358,-10,-1924,1858,-12403
alpha 0.005,4,359,-10,-1934,1859,-12413
alpha 0.005,4,360,-10,-1944,1860,-12423
alpha 0.005,4,361,-10,-1954,1861,-12433
alpha 0.005,4,362,-10,-1964,1862,-12443
alpha 0.005,4,363,-10,-1974,1863,-12453
alpha 0.005,4,364,-10,-1984,1864,-12463
alpha 0.005,4,365,-10,-1994,1865,-12473
alpha 0.005,4,366,-10,-2004,1866,-12483
alpha 0.005,4,367,-10,-2014,1867,-12493
alpha 0.005,4,368,-10,-2024,1868,-12503
alpha 0.005,4,369,-10,-2034,1869,-12513
alpha 0.005,4,370,-10,-2044,1870,-12523
alpha 0.005,4,371,-10,-2054,1871,-12533
alpha 0.005,4,372,-10,-2064,1872,-12543
alpha 0.005,4,373,-10,-2074,1873,-12553
alpha 0.005,4,374,-10,-2084,1874,-12563
alpha 0.005,4,375,-10,-2094,1875,-12573
alpha 0.005,4,376,-10,-2104,1876,-12583
alpha 0.005,4,377,-10,-2114,1877,-12593
alpha 0.005,4,378,-10,-2124,1878,-12603
alpha 0.005,4,379,-10,-2134,1879,-12613
alpha 0.005,4,380,-10,-2144,1880,-12623
alpha 0.005,4,381,-10,-2154,1881,-12633
alpha 0.005,4,382,-10,-2164,1882,-12643
alpha 0.005,4,383,-10,-2174,1883,-12653
alpha 0.005,4,384,-10,-2184,1884,-12663
alpha 0.005,4,385,-8,-2192,1885,-12671
alpha 0.005,4,386,-8,-2200,1886,-12679
alpha 0.005,4,387,-8,-2208,1887,-12687
alpha 0.005,4,388,-8,-2216,1888,-12695
alpha 0.005,4,389,-8,-2224,1889,-12703
alpha 0.005,4,390,-8,-2232,1890,-12711
alpha 0.005,4,391,-8,-2240,1891,-12719
alpha 0.005,4,392,-8,-2248,1892,-12727
alpha 0.005,4,393,-8,-2256,1893,-12735
alpha 0.005,4,394,-7,-2263,1894,-12742
alpha 0.005,4,395,-7,-2270,1895,-12749
alpha 0.005,4,396,-7,-2277,1896,-12756
alpha 0.005,4,397,-7,-2284,1897,-12763
alpha 0.005,4,398,-7,-2291,1898,-12770
alpha 0.005,4,399,-7,-2298,1899,-12777
alpha 0.005,4,400,-7,-2305,1900,-12784
alpha 0.005,4,401,-7,-2312,1901,-12791
alpha 0.005,4,402,-7,-2319,1902,-12798
alpha 0.005,4,403,-7,-2326,1903,-12805
alpha 0.005,4,404,-6,-2332,1904,-12811
alpha 0.005,4,405,-6,-2338,1905,-12817
alpha 0.005,4,406,-6,-2344,1906,-12823
alpha 0.005,4,407,-6,-2350,1907,-12829
alpha 0.005,4,408,-5,-2355,1908,-12834
alpha 0.005,4,409,-5,-2360,1909,-12839
alpha 0.005,4,410,-5,-2365,1910,-12844
alpha 0.005,4,411,-5,-2370,1911,-12849
alpha 0.005,4,412,-5,-2375,1912,-12854
alpha 0.005,4,413,-5,-2380,1913,-12859
alpha 0.005,4,414,-5,-2385,1914,-12864
alpha 0.005,4,415,-5,-2390,1915,-12869
alpha 0.005,4,416,-5,-2395,1916,-12874
alpha 0.005,4,417,-5,-2400,1917,-12879
alpha 0.005,4,418,-5,-2405,1918,-12884
alpha 0.005,4,419,-5,-2410,1919,-12889
alpha 0.005,4,420,-5,-2415,1920,-12894
alpha 0.005,4,421,-6,-2421,1921,-12900
alpha 0.005,4,422,-6,-2427,1922,-12906
alpha 0.005,4,423,-6,-2433,1923,-12912
alpha 0.005,4,424,-7,-2440,1924,-12919
alpha 0.005,4,425,-7,-2447,1925,-12926
alpha 0.005,4,426,-7,-2454,1926,-12933
alpha 0.005,4,427,-7,-2461,1927,-12940
alpha 0.005,4,428,-7,-2468,1928,-12947
alpha 0.005,4,429,-7,-2475,1929,-12954
alpha 0.005,4,430,-7,-2482,1930,-12961
alpha 0.005,4,431,-7,-2489,1931,-12968
alpha 0.005,4,432,-7,-2496,1932,-12975
alpha 0.005,4,433,-7,-2503,1933,-12982
alpha 0.005,4,434,-7,-2510,1934,-12989
alpha 0.005,4,435,-7,-2517,1935,-12996
alpha 0.005,4,436,-7,-2524,1936,-13003
alpha 0.005,4,437,-8,-2532,1937,-13011
alpha 0.005,4,438,-8,-2540,1938,-13019
alpha 0.005,4,439,-8,-2548,1939,-13027
alpha 0.005,4,440,-8,-2556,1940,-13035
alpha 0.005,4,441,-8,-2564,1941,-13043
alpha 0.005,4,442,-8,-2572,1942,-13051
alpha 0.005,4,443,-8,-2580,1943,-13059
alpha 0.005,4,444,-8,-2588,1944,-13067
alpha 0.005,4,445,-8,-2596,1945,-13075
alpha 0.005,4,446,-8,-2604,1946,-13083
alpha 0.005,4,447,-8,-2612,1947,-13091
alpha 0.005,4,448,-8,-2620,1948,-13099
alpha 0.005,4,449,-10,-2630,1949,-13109
alpha 0.005,4,450,-10,-2640,1950,-13119
alpha 0.005,4,451,-10,-2650,1951,-13129
alpha 0.005,4,452,-10,-2660,1952,-13139
alpha 0.005,4,453,-10,-2670,1953,-13149
alpha 0.005,4,454,-10,-2680,1954,-13159
alpha 0.005,4,455,-10,-2690,1955,-13169
alpha 0.005,4,456,-10,-2700,1956,-13179
alpha 0.005,4,457,-10,-2710,1957,-13189
alpha 0.005,4,458,-10,-2720,1958,-13199
alpha 0.005,4,459,-10,-2730,1959,-13209
alpha 0.005,4,460,-10,-2740,1960,-13219
alpha 0.005,4,461,-10,-2750,1961,-13229
alpha 0.005,4,462,-10,-2760,1962,-13239
alpha 0.005,4,463,-10,-2770,1963,-13249
alpha 0.005,4,464,-10,-2780,1964,-13259
alpha 0.005,4,465,-10,-2790,1965,-13269
alpha 0.005,4,466,-10,-2800,1966,-13279
alpha 0.005,4,467,-10,-2810,1967,-13289
alpha 0.005,4,468,-10,-2820,1968,-13299
alpha 0.005,4,469,-10,-2830,1969,-13309
alpha 0.005,4,470,-10,-2840,1970,-13319
alpha 0.005,4,471,-10,-2850,1971,-13329
alpha 0.005,4,472,-10,-2860,1972,-13339
alpha 0.005,4,473,-10,-2870,1973,-13349
alpha 0.005,4,474,-10,-2880,1974,-13359
alpha 0.005,4,475,-10,-2890,1975,-13369
alpha 0.005,4,476,-10,-2900,1976,-13379
alpha 0.005,4,477,-10,-2910,1977,-13389
alpha 0.005,4,478,-10,-2920,1978,-13399
alpha 0.005,4,479,-10,-2930,1979,-13409
alpha 0.005,4,480,-10,-2940,1980,-13419
alpha 0.005,4,481,-10,-2950,1981,-13429
alpha 0.005,4,482,-10,-2960,1982,-13439
alpha 0.005,4,483,-10,-2970,1983,-13449
alpha 0.005,4,484,-10,-2980,1984,-13459
alpha 0.005,4,485,-8,-2988,1985,-13467
alpha 0.005,4,486,-8,-2996,1986,-13475
alpha 0.005,4,487,-10,-3006,1987,-13485
alpha 0.005,4,488,-8,-3014,1988,-13493
alpha 0.005,4,489,-8,-3022,1989,-13501
alpha 0.005,4,490,-8,-3030,1990,-13509
alpha 0.005,4,491,-8,-3038,1991,-13517
alpha 0.005,4,492,-8,-3046,1992,-13525
alpha 0.005,4,493,-6,-3052,1993,-13531
alpha 0.005,4,494,-6,-3058,1994,-13537
alpha 0.005,4,495,-5,-3063,1995,-13542
alpha 0.005,4,496,-5,-3068,1996,-13547
alpha 0.005,4,497,-6,-3074,1997,-13553
alpha 0.005,4,498,-5,-3079,1998,-13558
alpha 0.005,4,499,-4,-3083,1999,-13562
alpha 0.005,4,500,-4,-3087,2000,-13566
alpha 0.005,5,1,2,2,2001,-13564
alpha 0.005,5,2,-2,0,2002,-13566
alpha 0.005,5,3,-5,-5,2003,-13571
alpha 0.005,5,4,-10,-15,2004,-13581
alpha 0.005,5,5,-8,-23,2005,-13589
alpha 0.005,5,6,-7,-30,2006,-13596
alpha 0.005,5,7,-5,-35,2007,-13601
alpha 0.005,5,8,-6,-41,2008,-13607
alpha 0.005,5,9,-5,-46,2009,-13612
alpha 0.005,5,10,-5,-51,2010,-13617
alpha 0.005,5,11,-7,-58,2011,-13624
alpha 0.005,5,12,-7,-65,2012,-13631
alpha 0.005,5,13,-7,-72,2013,-13638
alpha 0.005,5,14,-8,-80,2014,-13646
alpha 0.005,5,15,-8,-88,2015,-13654
alpha 0.005,5,16,-8,-96,2016,-13662
alpha 0.005,5,17,-8,-104,2017,-13670
alpha 0.005,5,18,-8,-112,2018,-13678
alpha 0.005,5,19,-8,-120,2019,-13686
alpha 0.005,5,20,-8,-128,2020,-13694
alpha 0.005,5,21,-8,-136,2021,-13702
alpha 0.005,5,22,-10,-146,2022,-13712
alpha 0.005,5,23,-10,-156,2023,-13722
alpha 0.005,5,24,-10,-166,2024,-13732
alpha 0.005,5,25,-10,-176,2025,-13742
alpha 0.005,5,26,-10,-186,2026,-13752
alpha 0.005,5,27,-10,-196,2027,-13762
alpha 0.005,5,28,-10,-206,2028,-13772
alpha 0.005,5,29,-10,-216,2029,-13782
alpha 0.005,5,30,-10,-226,2030,-13792
alpha 0.005,5,31,-10,-236,2031,-13802
alpha 0.005,5,32,-10,-246,2032,-13812
alpha 0.005,5,33,-10,-256,2033,-13822
alpha 0.005,5,34,-10,-266,2034,-13832
alpha 0.005,5,35,-10,-276,2035,-13842
alpha 0.005,5,36,-10,-286,2036,-13852
alpha 0.005,5,37,-10,-296,2037,-13862
alpha 0.005,5,38,-10,-306,2038,-13872
alpha 0.005,5,39,-10,-316,2039,-13882
alpha 0.005,5,40,-10,-326,2040,-13892
alpha 0.005,5,41,-10,-336,2041,-13902
alpha 0.005,5,42,-10,-346,2042,-13912
alpha 0.005,5,43,-10,-356,2043,-13922
alpha 0.005,5,44,-10,-366,2044,-13932
alpha 0.005,5,45,-10,-376,2045,-13942
alpha 0.005,5,46,-10,-386,2046,-13952
alpha 0.005,5,47,-10,-396,2047,-13962
alpha 0.005,5,48,-10,-406,2048,-13972
alpha 0.005,5,49,-10,-416,2049,-13982
alpha 0.005,5,50,-10,-426,2050,-13992
alpha 0.005,5,51,-10,-436,2051,-14002
alpha 0.005,5,52,-10,-446,2052,-14012
alpha 0.005,5,53,-10,-456,2053,-14022
alpha 0.005,5,54,-10,-466,2054,-14032
alpha 0.005,5,55,-10,-476,2055,-14042
alpha 0.005,5,56,-10,-486,2056,-14052
alpha 0.005,5,57,-10,-496,2057,-14062
alpha 0.005,5,58,-10,-506,2058,-14072
alpha 0.005,5,59,-8,-514,2059,-14080
alpha 0.005,5,60,-8,-522,2060,-14088
alpha 0.005,5,61,-7,-529,2061,-14095
alpha 0.005,5,62,-7,-536,2062,-14102
alpha 0.005,5,63,-7,-543,2063,-14109
alpha 0.005,5,64,-7,-550,2064,-14116
alpha 0.005,5,65,-7,-557,2065,-14123
alpha 0.005,5,66,-7,-564,2066,-14130
alpha 0.005,5,67,-7,-571,2067,-14137
alpha 0.005,5,68,-6,-577,2068,-14143
alpha 0.005,5,69,-6,-583,2069,-14149
alpha 0.005,5,70,-6,-589,2070,-14155
alpha 0.005,5,71,-6,-595,2071,-14161
alpha 0.005,5,72,-6,-601,2072,-14167
alpha 0.005,5,73,-6,-607,2073,-14173
alpha 0.005,5,74,-6,-613,2074,-14179
alpha 0.005,5,75,-6,-619,2075,-14185
alpha 0.005,5,76,-6,-625,2076,-14191
alpha 0.005,5,77,-5,-630,2077,-14196
alpha 0.005,5,78,-5,-635,2078,-14201
alpha 0.005,5,79,-5,-640,2079,-14206
alpha 0.005,5,80,-5,-645,2080,-14211
alpha 0.005,5,81,-5,-650,2081,-14216
alpha 0.005,5,82,-5,-655,2082,-14221
alpha 0.005,5,83,-5,-660,2083,-14226
alpha 0.005,5,84,-5,-665,2084,-14231
alpha 0.005,5,85,-5,-670,2085,-14236
alpha 0.005,5,86,-5,-675,2086,-14241
alpha 0.005,5,87,-5,-680,2087,-14246
alpha 0.005,5,88,-5,-685,2088,-14251
alpha 0.005,5,89,-5,-690,2089,-14256
alpha 0.005,5,90,-3,-693,2090,-14259
alpha 0.005,5,91,-3,-696,2091,-14262
alpha 0.005,5,92,-3,-699,2092,-14265
alpha 0.005,5,93,-3,-702,2093,-14268
alpha 0.005,5,94,-3,-705,2094,-14271
alpha 0.005,5,95,-2,-707,2095,-14273
alpha 0.005,5,96,-2,-709,2096,-14275
alpha 0.005,5,97,-2,-711,2097,-14277
alpha 0.005,5,98,-2,-713,2098,-14279
alpha 0.005,5,99,-2,-715,2099,-14281
alpha 0.005,5,100,-2,-717,2100,-14283
alpha 0.005,5,101,-2,-719,2101,-14285
alpha 0.005,5,102,-2,-721,2102,-14287
alpha 0.005,5,103,-1,-722,2103,-14288
alpha 0.005,5,104,-1,-723,2104,-14289
alpha 0.005,5,105,1,-722,2105,-14288
alpha 0.005,5,106,1,-721,2106,-14287
alpha 0.005,5,107,1,-720,2107,-14286
alpha 0.005,5,108,2,-718,2108,-14284
alpha 0.005,5,109,2,-716,2109,-14282
alpha 0.005,5,110,2,-714,2110,-14280
alpha 0.005,5,111,2,-712,2111,-14278
alpha 0.005,5,112,2,-710,2112,-14276
alpha 0.005,5,113,2,-708,2113,-14274
alpha 0.005,5,114,2,-706,2114,-14272
alpha 0.005,5,115,2,-704,2115,-14270
alpha 0.005,5,116,1,-703,2116,-14269
alpha 0.005,5,117,1,-702,2117,-14268
alpha 0.005,5,118,1,-701,2118,-14267
alpha 0.005,5,119,-1,-702,2119,-14268
alpha 0.005,5,120,-2,-704,2120,-14270
alpha 0.005,5,121,-2,-706,2121,-14272
alpha 0.005,5,122,-3,-709,2122,-14275
alpha 0.005,5,123,-4,-713,2123,-14279
alpha 0.005,5,124,-4,-717,2124,-14283
alpha 0.005,5,125,-4,-721,2125,-14287
alpha 0.005,5,126,-4,-725,2126,-14291
alpha 0.005,5,127,-4,-729,2127,-14295
alpha 0.005,5,128,-4,-733,2128,-14299
alpha 0.005,5,129,-5,-738,2129,-14304
alpha 0.005,5,130,-7,-745,2130,-14311
alpha 0.005,5,131,-8,-753,2131,-14319
alpha 0.005,5,132,-8,-761,2132,-14327
alpha 0.005,5,133,-10,-771,2133,-14337
alpha 0.005,5,134,-10,-781,2134,-14347
alpha 0.005,5,135,-10,-791,2135,-14357
alpha 0.005,5,136,-10,-801,2136,-14367
alpha 0.005,5,137,-10,-811,2137,-14377
alpha 0.005,5,138,-10,-821,2138,-14387
alpha 0.005,5,139,-10,-831,2139,-14397
alpha 0.005,5,140,-10,-841,2140,-14407
alpha 0.005,5,141,-10,-851,2141,-14417
alpha 0.005,5,142,-10,-861,2142,-14427
alpha 0.005,5,143,-10,-871,2143,-14437
alpha 0.005,5,144,-10,-881,2144,-14447
alpha 0.005,5,145,-10,-891,2145,-14457
alpha 0.005,5,146,-10,-901,2146,-14467
alpha 0.005,5,147,-10,-911,2147,-14477
alpha 0.005,5,148,-10,-921,2148,-14487
alpha 0.005,5,149,-10,-931,2149,-14497
alpha 0.005,5,150,-10,-941,2150,-14507
alpha 0.005,5,151,-10,-951,2151,-14517
alpha 0.005,5,152,-10,-961,2152,-14527
alpha 0.005,5,153,-10,-971,2153,-14537
alpha 0.005,5,154,-10,-981,2154,-14547
alpha 0.005,5,155,-10,-991,2155,-14557
alpha 0.005,5,156,-10,-1001,2156,-14567
alpha 0.005,5,157,-10,-1011,2157,-14577
alpha 0.005,5,158,-10,-1021,2158,-14587
alpha 0.005,5,159,-10,-1031,2159,-14597
alpha 0.005,5,160,-10,-1041,2160,-14607
alpha 0.005,5,161,-10,-1051,2161,-14617
alpha 0.005,5,162,-10,-1061,2162,-14627
alpha 0.005,5,163,-8,-1069,2163,-14635
alpha 0.005,5,164,-10,-1079,2164,-14645
alpha 0.005,5,165,-10,-1089,2165,-14655
alpha 0.005,5,166,-10,-1099,2166,-14665
alpha 0.005,5,167,-10,-1109,2167,-14675
alpha 0.005,5,168,-8,-1117,2168,-14683
alpha 0.005,5,169,-8,-1125,2169,-14691
alpha 0.005,5,170,-8,-1133,2170,-14699
alpha 0.005,5,171,-8,-1141,2171,-14707
alpha 0.005,5,172,-8,-1149,2172,-14715
alpha 0.005,5,173,-8,-1157,2173,-14723
alpha 0.005,5,174,-8,-1165,2174,-14731
alpha 0.005,5,175,-8,-1173,2175,-14739
alpha 0.005,5,176,-7,-1180,2176,-14746
alpha 0.005,5,177,-7,-1187,2177,-14753
alpha 0.005,5,178,-7,-1194,2178,-14760
alpha 0.005,5,179,-7,-1201,2179,-14767
alpha 0.005,5,180,-7,-1208,2180,-14774
alpha 0.005,5,181,-7,-1215,2181,-14781
alpha 0.005,5,182,-7,-1222,2182,-14788
alpha 0.005,5,183,-7,-1229,2183,-14795
alpha 0.005,5,184,-7,-1236,2184,-14802
alpha 0.005,5,185,-7,-1243,2185,-14809
alpha 0.005,5,186,-7,-1250,2186,-14816
alpha 0.005,5,187,-7,-1257,2187,-14823
alpha 0.005,5,188,-7,-1264,2188,-14830
alpha 0.005,5,189,-6,-1270,2189,-14836
alpha 0.005,5,190,-6,-1276,2190,-14842
alpha 0.005,5,191,-6,-1282,2191,-14848
alpha 0.005,5,192,-6,-1288,2192,-14854
alpha 0.005,5,193,-5,-1293,2193,-14859
alpha 0.005,5,194,-5,-1298,2194,-14864
alpha 0.005,5,195,-5,-1303,2195,-14869
alpha 0.005,5,196,-5,-1308,2196,-14874
alpha 0.005,5,197,-5,-1313,2197,-14879
alpha 0.005,5,198,-5,-1318,2198,-14884
alpha 0.005,5,199,-5,-1323,2199,-14889
alpha 0.005,5,200,-5,-1328,2200,-14894
alpha 0.005,5,201,-5,-1333,2201,-14899
alpha 0.005,5,202,-5,-1338,2202,-14904
alpha 0.005,5,203,-5,-1343,2203,-14909
alpha 0.005,5,204,-5,-1348,2204,-14914
alpha 0.005,5,205,-5,-1353,2205,-14919
alpha 0.005,5,206,-5,-1358,2206,-14924
alpha 0.005,5,207,-5,-1363,2207,-14929
alpha 0.005,5,208,-5,-1368,2208,-14934
alpha 0.005,5,209,-6,-1374,2209,-14940
alpha 0.005,5,210,-6,-1380,2210,-14946
alpha 0.005,5,211,-6,-1386,2211,-14952
alpha 0.005,5,212,-6,-1392,2212,-14958
alpha 0.005,5,213,-6,-1398,2213,-14964
alpha 0.005,5,214,-7,-1405,2214,-14971
alpha 0.005,5,215,-7,-1412,2215,-14978
alpha 0.005,5,216,-7,-1419,2216,-14985
alpha 0.005,5,217,-7,-1426,2217,-14992
alpha 0.005,5,218,-7,-1433,2218,-14999
alpha 0.005,5,219,-7,-1440,2219,-15006
alpha 0.005,5,220,-7,-1447,2220,-15013
alpha 0.005,5,221,-7,-1454,2221,-15020
alpha 0.005,5,222,-7,-1461,2222,-15027
alpha 0.005,5,223,-7,-1468,2223,-15034
alpha 0.005,5,224,-7,-1475,2224,-15041
alpha 0.005,5,225,-7,-1482,2225,-15048
alpha 0.005,5,226,-7,-1489,2226,-15055
alpha 0.005,5,227,-8,-1497,2227,-15063
alpha 0.005,5,228,-8,-1505,2228,-15071
alpha 0.005,5,229,-8,-1513,2229,-15079
alpha 0.005,5,230,-8,-1521,2230,-15087
alpha 0.005,5,231,-8,-1529,2231,-15095
alpha 0.005,5,232,-8,-1537,2232,-15103
alpha 0.005,5,233,-8,-1545,2233,-15111
alpha 0.005,5,234,-8,-1553,2234,-15119
alpha 0.005,5,235,-8,-1561,2235,-15127
alpha 0.005,5,236,-10,-1571,2236,-15137
alpha 0.005,5,237,-10,-1581,2237,-15147
alpha 0.005,5,238,-10,-1591,2238,-15157
alpha 0.005,5,239,-10,-1601,2239,-15167
alpha 0.005,5,240,-10,-1611,2240,-15177
alpha 0.005,5,241,-10,-1621,2241,-15187
alpha 0.005,5,242,-10,-1631,2242,-15197
alpha 0.005,5,243,-10,-1641,2243,-15207
alpha 0.005,5,244,-10,-1651,2244,-15217
alpha 0.005,5,245,-10,-1661,2245,-15227
alpha 0.005,5,246,-10,-1671,2246,-15237
alpha 0.005,5,247,-10,-1681,2247,-15247
alpha 0.005,5,248,-10,-1691,2248,-15257
alpha 0.005,5,249,-10,-1701,2249,-15267
alpha 0.005,5,250,-10,-1711,2250,-15277
alpha 0.005,5,251,-10,-1721,2251,-15287
alpha 0.005,5,252,-10,-1731,2252,-15297
alpha 0.005,5,253,-10,-1741,2253,-15307
alpha 0.005,5,254,-10,-1751,2254,-15317
alpha 0.005,5,255,-10,-1761,2255,-15327
alpha 0.005,5,256,-10,-1771,2256,-15337
alpha 0.005,5,257,-10,-1781,2257,-15347
alpha 0.005,5,258,-10,-1791,2258,-15357
alpha 0.005,5,259,-10,-1801,2259,-15367
alpha 0.005,5,260,-10,-1811,2260,-15377
alpha 0.005,5,261,-10,-1821,2261,-15387
alpha 0.005,5,262,-10,-1831,2262,-15397
alpha 0.005,5,263,-10,-1841,2263,-15407
alpha 0.005,5,264,-10,-1851,2264,-15417
alpha 0.005,5,265,-10,-1861,2265,-15427
alpha 0.005,5,266,-10,-1871,2266,-15437
alpha 0.005,5,267,-8,-1879,2267,-15445
alpha 0.005,5,268,-8,-1887,2268,-15453
alpha 0.005,5,269,-8,-1895,2269,-15461
alpha 0.005,5,270,-8,-1903,2270,-15469
alpha 0.005,5,271,-8,-1911,2271,-15477
alpha 0.005,5,272,-8,-1919,2272,-15485
alpha 0.005,5,273,-8,-1927,2273,-15493
alpha 0.005,5,274,-6,-1933,2274,-15499
alpha 0.005,5,275,-6,-1939,2275,-15505
alpha 0.005,5,276,-5,-1944,2276,-15510
alpha 0.005,5,277,-5,-1949,2277,-15515
alpha 0.005,5,278,-5,-1954,2278,-15520
alpha 0.005,5,279,-5,-1959,2279,-15525
alpha 0.005,5,280,-5,-1964,2280,-15530
alpha 0.005,5,281,-5,-1969,2281,-15535
alpha 0.005,5,282,-5,-1974,2282,-15540
alpha 0.005,5,283,-5,-1979,2283,-15545
alpha 0.005,5,284,-5,-1984,2284,-15550
alpha 0.005,5,285,-5,-1989,2285,-15555
alpha 0.005,5,286,-5,-1994,2286,-15560
alpha 0.005,5,287,-5,-1999,2287,-15565
alpha 0.005,5,288,-4,-2003,2288,-15569
alpha 0.005,5,289,-4,-2007,2289,-15573
alpha 0.005,5,290,-4,-2011,2290,-15577
alpha 0.005,5,291,-4,-2015,2291,-15581
alpha 0.005,5,292,-4,-2019,2292,-15585
alpha 0.005,5,293,-3,-2022,2293,-15588
alpha 0.005,5,294,-5,-2027,2294,-15593
alpha 0.005,5,295,-5,-2032,2295,-15598
alpha 0.005,5,296,-5,-2037,2296,-15603
alpha 0.005,5,297,-5,-2042,2297,-15608
alpha 0.005,5,298,-5,-2047,2298,-15613
alpha 0.005,5,299,-5,-2052,2299,-15618
alpha 0.005,5,300,-6,-2058,2300,-15624
alpha 0.005,5,301,-6,-2064,2301,-15630
alpha 0.005,5,302,-5,-2069,2302,-15635
alpha 0.005,5,303,-5,-2074,2303,-15640
alpha 0.005,5,304,-5,-2079,2304,-15645
alpha 0.005,5,305,-5,-2084,2305,-15650
alpha 0.005,5,306,-5,-2089,2306,-15655
alpha 0.005,5,307,-5,-2094,2307,-15660
alpha 0.005,5,308,-5,-2099,2308,-15665
alpha 0.005,5,309,-5,-2104,2309,-15670
alpha 0.005,5,310,-5,-2109,2310,-15675
alpha 0.005,5,311,-5,-2114,2311,-15680
alpha 0.005,5,312,-5,-2119,2312,-15685
alpha 0.005,5,313,-5,-2124,2313,-15690
alpha 0.005,5,314,-5,-2129,2314,-15695
alpha 0.005,5,315,-5,-2134,2315,-15700
alpha 0.005,5,316,-5,-2139,2316,-15705
alpha 0.005,5,317,-5,-2144,2317,-15710
alpha 0.005,5,318,-5,-2149,2318,-15715
alpha 0.005,5,319,-5,-2154,2319,-15720
alpha 0.005,5,320,-5,-2159,2320,-15725
alpha 0.005,5,321,-5,-2164,2321,-15730
alpha 0.005,5,322,-5,-2169,2322,-15735
alpha 0.005,5,323,-5,-2174,2323,-15740
alpha 0.005,5,324,-5,-2179,2324,-15745
alpha 0.005,5,325,-5,-2184,2325,-15750
alpha 0.005,5,326,-5,-2189,2326,-15755
alpha 0.005,5,327,-5,-2194,2327,-15760
alpha 0.005,5,328,-5,-2199,2328,-15765
alpha 0.005,5,329,-5,-2204,2329,-15770
alpha 0.005,5,330,-5,-2209,2330,-15775
alpha 0.005,5,331,-5,-2214,2331,-15780
alpha 0.005,5,332,-5,-2219,2332,-15785
alpha 0.005,5,333,-5,-2224,2333,-15790
alpha 0.005,5,334,-5,-2229,2334,-15795
alpha 0.005,5,335,-5,-2234,2335,-15800
alpha 0.005,5,336,-5,-2239,2336,-15805
alpha 0.005,5,337,-5,-2244,2337,-15810
alpha 0.005,5,338,-5,-2249,2338,-15815
alpha 0.005,5,339,-5,-2254,2339,-15820
alpha 0.005,5,340,-6,-2260,2340,-15826
alpha 0.005,5,341,-5,-2265,2341,-15831
alpha 0.005,5,342,-5,-2270,2342,-15836
alpha 0.005,5,343,-5,-2275,2343,-15841
alpha 0.005,5,344,-5,-2280,2344,-15846
alpha 0.005,5,345,-6,-2286,2345,-15852
alpha 0.005,5,346,-6,-2292,2346,-15858
alpha 0.005,5,347,-6,-2298,2347,-15864
alpha 0.005,5,348,-6,-2304,2348,-15870
alpha 0.005,5,349,-6,-2310,2349,-15876
alpha 0.005,5,350,-6,-2316,2350,-15882
alpha 0.005,5,351,-6,-2322,2351,-15888
alpha 0.005,5,352,-6,-2328,2352,-15894
alpha 0.005,5,353,-6,-2334,2353,-15900
alpha 0.005,5,354,-6,-2340,2354,-15906
alpha 0.005,5,355,-6,-2346,2355,-15912
alpha 0.005,5,356,-6,-2352,2356,-15918
alpha 0.005,5,357,-7,-2359,2357,-15925
alpha 0.005,5,358,-7,-2366,2358,-15932
alpha 0.005,5,359,-7,-2373,2359,-15939
alpha 0.005,5,360,-7,-2380,2360,-15946
alpha 0.005,5,361,-7,-2387,2361,-15953
alpha 0.005,5,362,-7,-2394,2362,-15960
alpha 0.005,5,363,-7,-2401,2363,-15967
alpha 0.005,5,364,-7,-2408,2364,-15974
alpha 0.005,5,365,-7,-2415,2365,-15981
alpha 0.005,5,366,-7,-2422,2366,-15988
alpha 0.005,5,367,-7,-2429,2367,-15995
alpha 0.005,5,368,-7,-2436,2368,-16002
alpha 0.005,5,369,-7,-2443,2369,-16009
alpha 0.005,5,370,-7,-2450,2370,-16016
alpha 0.005,5,371,-7,-2457,2371,-16023
alpha 0.005,5,372,-7,-2464,2372,-16030
alpha 0.005,5,373,-7,-2471,2373,-16037
alpha 0.005,5,374,-7,-2478,2374,-16044
alpha 0.005,5,375,-7,-2485,2375,-16051
alpha 0.005,5,376,-7,-2492,2376,-16058
alpha 0.005,5,377,-7,-2499,2377,-16065
alpha 0.005,5,378,-7,-2506,2378,-16072
alpha 0.005,5,379,-7,-2513,2379,-16079
alpha 0.005,5,380,-7,-2520,2380,-16086
alpha 0.005,5,381,-7,-2527,2381,-16093
alpha 0.005,5,382,-7,-2534,2382,-16100
alpha 0.005,5,383,-7,-2541,2383,-16107
alpha 0.005,5,384,-7,-2548,2384,-16114
alpha 0.005,5,385,-7,-2555,2385,-16121
alpha 0.005,5,386,-7,-2562,2386,-16128
alpha 0.005,5,387,-7,-2569,2387,-16135
alpha 0.005,5,388,-7,-2576,2388,-16142
alpha 0.005,5,389,-7,-2583,2389,-16149
alpha 0.005,5,390,-7,-2590,2390,-16156
alpha 0.005,5,391,-7,-2597,2391,-16163
alpha 0.005,5,392,-7,-2604,2392,-16170
alpha 0.005,5,393,-7,-2611,2393,-16177
alpha 0.005,5,394,-7,-2618,2394,-16184
alpha 0.005,5,395,-7,-2625,2395,-16191
alpha 0.005,5,396,-7,-2632,2396,-16198
alpha 0.005,5,397,-7,-2639,2397,-16205
alpha 0.005,5,398,-7,-2646,2398,-16212
alpha 0.005,5,399,-7,-2653,2399,-16219
alpha 0.005,5,400,-7,-2660,2400,-16226
alpha 0.005,5,401,-7,-2667,2401,-16233
alpha 0.005,5,402,-7,-2674,2402,-16240
alpha 0.005,5,403,-7,-2681,2403,-16247
alpha 0.005,5,404,-7,-2688,2404,-16254
alpha 0.005,5,405,-7,-2695,2405,-16261
alpha 0.005,5,406,-7,-2702,2406,-16268
alpha 0.005,5,407,-7,-2709,2407,-16275
alpha 0.005,5,408,-6,-2715,2408,-16281
alpha 0.005,5,409,-6,-2721,2409,-16287
alpha 0.005,5,410,-6,-2727,2410,-16293
alpha 0.005,5,411,-6,-2733,2411,-16299
alpha 0.005,5,412,-6,-2739,2412,-16305
alpha 0.005,5,413,-6,-2745,2413,-16311
alpha 0.005,5,414,-6,-2751,2414,-16317
alpha 0.005,5,415,-6,-2757,2415,-16323
alpha 0.005,5,416,-6,-2763,2416,-16329
alpha 0.005,5,417,-6,-2769,2417,-16335
alpha 0.005,5,418,-6,-2775,2418,-16341
alpha 0.005,5,419,-6,-2781,2419,-16347
alpha 0.005,5,420,-5,-2786,2420,-16352
alpha 0.005,5,421,-5,-2791,2421,-16357
alpha 0.005,5,422,-5,-2796,2422,-16362
alpha 0.005,5,423,-5,-2801,2423,-16367
alpha 0.005,5,424,-5,-2806,2424,-16372
alpha 0.005,5,425,-5,-2811,2425,-16377
alpha 0.005,5,426,-5,-2816,2426,-16382
alpha 0.005,5,427,-5,-2821,2427,-16387
alpha 0.005,5,428,-5,-2826,2428,-16392
alpha 0.005,5,429,-5,-2831,2429,-16397
alpha 0.005,5,430,-5,-2836,2430,-16402
alpha 0.005,5,431,-5,-2841,2431,-16407
alpha 0.005,5,432,-5,-2846,2432,-16412
alpha 0.005,5,433,-5,-2851,2433,-16417
alpha 0.005,5,434,-5,-2856,2434,-16422
alpha 0.005,5,435,-5,-2861,2435,-16427
alpha 0.005,5,436,-5,-2866,2436,-16432
alpha 0.005,5,437,-5,-2871,2437,-16437
alpha 0.005,5,438,-5,-2876,2438,-16442
alpha 0.005,5,439,-5,-2881,2439,-16447
alpha 0.005,5,440,-5,-2886,2440,-16452
alpha 0.005,5,441,-5,-2891,2441,-16457
alpha 0.005,5,442,-5,-2896,2442,-16462
alpha 0.005,5,443,-5,-2901,2443,-16467
alpha 0.005,5,444,-5,-2906,2444,-16472
alpha 0.005,5,445,-5,-2911,2445,-16477
alpha 0.005,5,446,-5,-2916,2446,-16482
alpha 0.005,5,447,-5,-2921,2447,-16487
alpha 0.005,5,448,-5,-2926,2448,-16492
alpha 0.005,5,449,-6,-2932,2449,-16498
alpha 0.005,5,450,-6,-2938,2450,-16504
alpha 0.005,5,451,-6,-2944,2451,-16510
alpha 0.005,5,452,-6,-2950,2452,-16516
alpha 0.005,5,453,-6,-2956,2453,-16522
alpha 0.005,5,454,-6,-2962,2454,-16528
alpha 0.005,5,455,-6,-2968,2455,-16534
alpha 0.005,5,456,-6,-2974,2456,-16540
alpha 0.005,5,457,-6,-2980,2457,-16546
alpha 0.005,5,458,-6,-2986,2458,-16552
alpha 0.005,5,459,-7,-2993,2459,-16559
alpha 0.005,5,460,-7,-3000,2460,-16566
alpha 0.005,5,461,-7,-3007,2461,-16573
alpha 0.005,5,462,-7,-3014,2462,-16580
alpha 0.005,5,463,-7,-3021,2463,-16587
alpha 0.005,5,464,-7,-3028,2464,-16594
alpha 0.005,5,465,-7,-3035,2465,-16601
alpha 0.005,5,466,-7,-3042,2466,-16608
alpha 0.005,5,467,-7,-3049,2467,-16615
alpha 0.005,5,468,-7,-3056,2468,-16622
alpha 0.005,5,469,-7,-3063,2469,-16629
alpha 0.005,5,470,-7,-3070,2470,-16636
alpha 0.005,5,471,-7,-3077,2471,-16643
alpha 0.005,5,472,-7,-3084,2472,-16650
alpha 0.005,5,473,-7,-3091,2473,-16657
alpha 0.005,5,474,-7,-3098,2474,-16664
alpha 0.005,5,475,-7,-3105,2475,-16671
alpha 0.005,5,476,-7,-3112,2476,-16678
alpha 0.005,5,477,-7,-3119,2477,-16685
alpha 0.005,5,478,-7,-3126,2478,-16692
alpha 0.005,5,479,-7,-3133,2479,-16699
alpha 0.005,5,480,-7,-3140,2480,-16706
alpha 0.005,5,481,-7,-3147,2481,-16713
alpha 0.005,5,482,-7,-3154,2482,-16720
alpha 0.005,5,483,-7,-3161,2483,-16727
alpha 0.005,5,484,-7,-3168,2484,-16734
alpha 0.005,5,485,-7,-3175,2485,-16741
alpha 0.005,5,486,-7,-3182,2486,-16748
alpha 0.005,5,487,-7,-3189,2487,-16755
alpha 0.005,5,488,-6,-3195,2488,-16761
alpha 0.005,5,489,-6,-3201,2489,-16767
alpha 0.005,5,490,-6,-3207,2490,-16773
alpha 0.005,5,491,-6,-3213,2491,-16779
alpha 0.005,5,492,-4,-3217,2492,-16783
alpha 0.005,5,493,-4,-3221,2493,-16787
alpha 0.005,5,494,-6,-3227,2494,-16793
alpha 0.005,5,495,-6,-3233,2495,-16799
alpha 0.005,5,496,-6,-3239,2496,-16805
alpha 0.005,5,497,-7,-3246,2497,-16812
alpha 0.005,5,498,-7,-3253,2498,-16819
alpha 0.005,5,499,-6,-3259,2499,-16825
alpha 0.005,5,500,-6,-3265,2500,-16831
alpha 0.005,1,1,1,1,1,1
alpha 0.005,1,2,-3,-2,2,-2
alpha 0.005,1,3,-7,-9,3,-9
alpha 0.005,1,4,-10,-19,4,-19
alpha 0.005,1,5,-10,-29,5,-29
alpha 0.005,1,6,-10,-39,6,-39
alpha 0.005,1,7,-10,-49,7,-49
alpha 0.005,1,8,-8,-57,8,-57
alpha 0.005,1,9,-8,-65,9,-65
alpha 0.005,1,10,-8,-73,10,-73
alpha 0.005,1,11,-8,-81,11,-81
alpha 0.005,1,12,-8,-89,12,-89
alpha 0.005,1,13,-8,-97,13,-97
alpha 0.005,1,14,-7,-104,14,-104
alpha 0.005,1,15,-7,-111,15,-111
alpha 0.005,1,16,-7,-118,16,-118
alpha 0.005,1,17,-7,-125,17,-125
alpha 0.005,1,18,-7,-132,18,-132
alpha 0.005,1,19,-7,-139,19,-139
alpha 0.005,1,20,-7,-146,20,-146
alpha 0.005,1,21,-7,-153,21,-153
alpha 0.005,1,22,-7,-160,22,-160
alpha 0.005,1,23,-7,-167,23,-167
alpha 0.005,1,24,-7,-174,24,-174
alpha 0.005,1,25,-7,-181,25,-181
alpha 0.005,1,26,-7,-188,26,-188
alpha 0.005,1,27,-7,-195,27,-195
alpha 0.005,1,28,-5,-200,28,-200
alpha 0.005,1,29,-5,-205,29,-205
alpha 0.005,1,30,-5,-210,30,-210
alpha 0.005,1,31,-5,-215,31,-215
alpha 0.005,1,32,-5,-220,32,-220
alpha 0.005,1,33,-5,-225,33,-225
alpha 0.005,1,34,-4,-229,34,-229
alpha 0.005,1,35,-4,-233,35,-233
alpha 0.005,1,36,-4,-237,36,-237
alpha 0.005,1,37,-2,-239,37,-239
alpha 0.005,1,38,-1,-240,38,-240
alpha 0.005,1,39,-2,-242,39,-242
alpha 0.005,1,40,-2,-244,40,-244
alpha 0.005,1,41,-1,-245,41,-245
alpha 0.005,1,42,-2,-247,42,-247
alpha 0.005,1,43,-2,-249,43,-249
alpha 0.005,1,44,-1,-250,44,-250
alpha 0.005,1,45,1,-249,45,-249
alpha 0.005,1,46,1,-248,46,-248
alpha 0.005,1,47,1,-247,47,-247
alpha 0.005,1,48,1,-246,48,-246
alpha 0.005,1,49,1,-245,49,-245
alpha 0.005,1,50,-2,-247,50,-247
alpha 0.005,1,51,-2,-249,51,-249
alpha 0.005,1,52,-3,-252,52,-252
alpha 0.005,1,53,-3,-255,53,-255
alpha 0.005,1,54,-2,-257,54,-257
alpha 0.005,1,55,-1,-258,55,-258
alpha 0.005,1,56,2,-256,56,-256
alpha 0.005,1,57,1,-255,57,-255
alpha 0.005,1,58,-4,-259,58,-259
alpha 0.005,1,59,-7,-266,59,-266
alpha 0.005,1,60,-5,-271,60,-271
alpha 0.005,1,61,-4,-275,61,-275
alpha 0.005,1,62,-2,-277,62,-277
alpha 0.005,1,63,-3,-280,63,-280
alpha 0.005,1,64,-2,-282,64,-282
alpha 0.005,1,65,-1,-283,65,-283
alpha 0.005,1,66,2,-281,66,-281
alpha 0.005,1,67,1,-280,67,-280
alpha 0.005,1,68,1,-279,68,-279
alpha 0.005,1,69,-2,-281,69,-281
alpha 0.005,1,70,-2,-283,70,-283
alpha 0.005,1,71,-3,-286,71,-286
alpha 0.005,1,72,-5,-291,72,-291
alpha 0.005,1,73,-4,-295,73,-295
alpha 0.005,1,74,-5,-300,74,-300
alpha 0.005,1,75,-8,-308,75,-308
alpha 0.005,1,76,-5,-313,76,-313
alpha 0.005,1,77,-4,-317,77,-317
alpha 0.005,1,78,-4,-321,78,-321
alpha 0.005,1,79,-4,-325,79,-325
alpha 0.005,1,80,-5,-330,80,-330
alpha 0.005,1,81,-5,-335,81,-335
alpha 0.005,1,82,-5,-340,82,-340
alpha 0.005,1,83,-8,-348,83,-348
alpha 0.005,1,84,-8,-356,84,-356
alpha 0.005,1,85,-6,-362,85,-362
alpha 0.005,1,86,-8,-370,86,-370
alpha 0.005,1,87,-8,-378,87,-378
alpha 0.005,1,88,-8,-386,88,-386
alpha 0.005,1,89,-8,-394,89,-394
alpha 0.005,1,90,-8,-402,90,-402
alpha 0.005,1,91,-8,-410,91,-410
alpha 0.005,1,92,-8,-418,92,-418
alpha 0.005,1,93,-8,-426,93,-426
alpha 0.005,1,94,-10,-436,94,-436
alpha 0.005,1,95,-10,-446,95,-446
alpha 0.005,1,96,-10,-456,96,-456
alpha 0.005,1,97,-10,-466,97,-466
alpha 0.005,1,98,-10,-476,98,-476
alpha 0.005,1,99,-10,-486,99,-486
alpha 0.005,1,100,-10,-496,100,-496
alpha 0.005,1,101,-10,-506,101,-506
alpha 0.005,1,102,-10,-516,102,-516
alpha 0.005,1,103,-10,-526,103,-526
alpha 0.005,1,104,-10,-536,104,-536
alpha 0.005,1,105,-10,-546,105,-546
alpha 0.005,1,106,-10,-556,106,-556
alpha 0.005,1,107,-10,-566,107,-566
alpha 0.005,1,108,-10,-576,108,-576
alpha 0.005,1,109,-10,-586,109,-586
alpha 0.005,1,110,-10,-596,110,-596
alpha 0.005,1,111,-10,-606,111,-606
alpha 0.005,1,112,-10,-616,112,-616
alpha 0.005,1,113,-10,-626,113,-626
alpha 0.005,1,114,-10,-636,114,-636
alpha 0.005,1,115,-10,-646,115,-646
alpha 0.005,1,116,-10,-656,116,-656
alpha 0.005,1,117,-10,-666,117,-666
alpha 0.005,1,118,-10,-676,118,-676
alpha 0.005,1,119,-10,-686,119,-686
alpha 0.005,1,120,-10,-696,120,-696
alpha 0.005,1,121,-10,-706,121,-706
alpha 0.005,1,122,-10,-716,122,-716
alpha 0.005,1,123,-10,-726,123,-726
alpha 0.005,1,124,-10,-736,124,-736
alpha 0.005,1,125,-10,-746,125,-746
alpha 0.005,1,126,-10,-756,126,-756
alpha 0.005,1,127,-10,-766,127,-766
alpha 0.005,1,128,-10,-776,128,-776
alpha 0.005,1,129,-10,-786,129,-786
alpha 0.005,1,130,-10,-796,130,-796
alpha 0.005,1,131,-10,-806,131,-806
alpha 0.005,1,132,-10,-816,132,-816
alpha 0.005,1,133,-10,-826,133,-826
alpha 0.005,1,134,-8,-834,134,-834
alpha 0.005,1,135,-8,-842,135,-842
alpha 0.005,1,136,-8,-850,136,-850
alpha 0.005,1,137,-8,-858,137,-858
alpha 0.005,1,138,-8,-866,138,-866
alpha 0.005,1,139,-8,-874,139,-874
alpha 0.005,1,140,-8,-882,140,-882
alpha 0.005,1,141,-8,-890,141,-890
alpha 0.005,1,142,-8,-898,142,-898
alpha 0.005,1,143,-8,-906,143,-906
alpha 0.005,1,144,-8,-914,144,-914
alpha 0.005,1,145,-8,-922,145,-922
alpha 0.005,1,146,-7,-929,146,-929
alpha 0.005,1,147,-7,-936,147,-936
alpha 0.005,1,148,-7,-943,148,-943
alpha 0.005,1,149,-7,-950,149,-950
alpha 0.005,1,150,-7,-957,150,-957
alpha 0.005,1,151,-7,-964,151,-964
alpha 0.005,1,152,-7,-971,152,-971
alpha 0.005,1,153,-7,-978,153,-978
alpha 0.005,1,154,-7,-985,154,-985
alpha 0.005,1,155,-7,-992,155,-992
alpha 0.005,1,156,-7,-999,156,-999
alpha 0.005,1,157,-7,-1006,157,-1006
alpha 0.005,1,158,-7,-1013,158,-1013
alpha 0.005,1,159,-7,-1020,159,-1020
alpha 0.005,1,160,-6,-1026,160,-1026
alpha 0.005,1,161,-6,-1032,161,-1032
alpha 0.005,1,162,-6,-1038,162,-1038
alpha 0.005,1,163,-5,-1043,163,-1043
alpha 0.005,1,164,-5,-1048,164,-1048
alpha 0.005,1,165,-5,-1053,165,-1053
alpha 0.005,1,166,-5,-1058,166,-1058
alpha 0.005,1,167,-5,-1063,167,-1063
alpha 0.005,1,168,-5,-1068,168,-1068
alpha 0.005,1,169,-5,-1073,169,-1073
alpha 0.005,1,170,-5,-1078,170,-1078
alpha 0.005,1,171,-5,-1083,171,-1083
alpha 0.005,1,172,-5,-1088,172,-1088
alpha 0.005,1,173,-5,-1093,173,-1093
alpha 0.005,1,174,-5,-1098,174,-1098
alpha 0.005,1,175,-5,-1103,175,-1103
alpha 0.005,1,176,-5,-1108,176,-1108
alpha 0.005,1,177,-5,-1113,177,-1113
alpha 0.005,1,178,-5,-1118,178,-1118
alpha 0.005,1,179,-5,-1123,179,-1123
alpha 0.005,1,180,-6,-1129,180,-1129
alpha 0.005,1,181,-6,-1135,181,-1135
alpha 0.005,1,182,-7,-1142,182,-1142
alpha 0.005,1,183,-7,-1149,183,-1149
alpha 0.005,1,184,-7,-1156,184,-1156
alpha 0.005,1,185,-7,-1163,185,-1163
alpha 0.005,1,186,-7,-1170,186,-1170
alpha 0.005,1,187,-7,-1177,187,-1177
alpha 0.005,1,188,-7,-1184,188,-1184
alpha 0.005,1,189,-7,-1191,189,-1191
alpha 0.005,1,190,-7,-1198,190,-1198
alpha 0.005,1,191,-7,-1205,191,-1205
alpha 0.005,1,192,-7,-1212,192,-1212
alpha 0.005,1,193,-7,-1219,193,-1219
alpha 0.005,1,194,-7,-1226,194,-1226
alpha 0.005,1,195,-8,-1234,195,-1234
alpha 0.005,1,196,-8,-1242,196,-1242
alpha 0.005,1,197,-8,-1250,197,-1250
alpha 0.005,1,198,-8,-1258,198,-1258
alpha 0.005,1,199,-8,-1266,199,-1266
alpha 0.005,1,200,-8,-1274,200,-1274
alpha 0.005,1,201,-8,-1282,201,-1282
alpha 0.005,1,202,-8,-1290,202,-1290
alpha 0.005,1,203,-8,-1298,203,-1298
alpha 0.005,1,204,-8,-1306,204,-1306
alpha 0.005,1,205,-8,-1314,205,-1314
alpha 0.005,1,206,-8,-1322,206,-1322
alpha 0.005,1,207,-8,-1330,207,-1330
alpha 0.005,1,208,-8,-1338,208,-1338
alpha 0.005,1,209,-8,-1346,209,-1346
alpha 0.005,1,210,-8,-1354,210,-1354
alpha 0.005,1,211,-10,-1364,211,-1364
alpha 0.005,1,212,-10,-1374,212,-1374
alpha 0.005,1,213,-10,-1384,213,-1384
alpha 0.005,1,214,-10,-1394,214,-1394
alpha 0.005,1,215,-10,-1404,215,-1404
alpha 0.005,1,216,-10,-1414,216,-1414
alpha 0.005,1,217,-10,-1424,217,-1424
alpha 0.005,1,218,-10,-1434,218,-1434
alpha 0.005,1,219,-10,-1444,219,-1444
alpha 0.005,1,220,-10,-1454,220,-1454
alpha 0.005,1,221,-10,-1464,221,-1464
alpha 0.005,1,222,-10,-1474,222,-1474
alpha 0.005,1,223,-10,-1484,223,-1484
alpha 0.005,1,224,-10,-1494,224,-1494
alpha 0.005,1,225,-10,-1504,225,-1504
alpha 0.005,1,226,-10,-1514,226,-1514
alpha 0.005,1,227,-10,-1524,227,-1524
alpha 0.005,1,228,-10,-1534,228,-1534
alpha 0.005,1,229,-10,-1544,229,-1544
alpha 0.005,1,230,-10,-1554,230,-1554
alpha 0.005,1,231,-10,-1564,231,-1564
alpha 0.005,1,232,-10,-1574,232,-1574
alpha 0.005,1,233,-10,-1584,233,-1584
alpha 0.005,1,234,-10,-1594,234,-1594
alpha 0.005,1,235,-10,-1604,235,-1604
alpha 0.005,1,236,-10,-1614,236,-1614
alpha 0.005,1,237,-10,-1624,237,-1624
alpha 0.005,1,238,-10,-1634,238,-1634
alpha 0.005,1,239,-10,-1644,239,-1644
alpha 0.005,1,240,-10,-1654,240,-1654
alpha 0.005,1,241,-10,-1664,241,-1664
alpha 0.005,1,242,-10,-1674,242,-1674
alpha 0.005,1,243,-10,-1684,243,-1684
alpha 0.005,1,244,-10,-1694,244,-1694
alpha 0.005,1,245,-10,-1704,245,-1704
alpha 0.005,1,246,-10,-1714,246,-1714
alpha 0.005,1,247,-10,-1724,247,-1724
alpha 0.005,1,248,-8,-1732,248,-1732
alpha 0.005,1,249,-8,-1740,249,-1740
alpha 0.005,1,250,-8,-1748,250,-1748
alpha 0.005,1,251,-6,-1754,251,-1754
alpha 0.005,1,252,-6,-1760,252,-1760
alpha 0.005,1,253,-5,-1765,253,-1765
alpha 0.005,1,254,-5,-1770,254,-1770
alpha 0.005,1,255,-5,-1775,255,-1775
alpha 0.005,1,256,-6,-1781,256,-1781
alpha 0.005,1,257,-6,-1787,257,-1787
alpha 0.005,1,258,-6,-1793,258,-1793
alpha 0.005,1,259,-6,-1799,259,-1799
alpha 0.005,1,260,-6,-1805,260,-1805
alpha 0.005,1,261,-6,-1811,261,-1811
alpha 0.005,1,262,-5,-1816,262,-1816
alpha 0.005,1,263,-5,-1821,263,-1821
alpha 0.005,1,264,-5,-1826,264,-1826
alpha 0.005,1,265,-5,-1831,265,-1831
alpha 0.005,1,266,-5,-1836,266,-1836
alpha 0.005,1,267,-5,-1841,267,-1841
alpha 0.005,1,268,-5,-1846,268,-1846
alpha 0.005,1,269,-5,-1851,269,-1851
alpha 0.005,1,270,-5,-1856,270,-1856
alpha 0.005,1,271,-5,-1861,271,-1861
alpha 0.005,1,272,-4,-1865,272,-1865
alpha 0.005,1,273,-4,-1869,273,-1869
alpha 0.005,1,274,-4,-1873,274,-1873
alpha 0.005,1,275,-4,-1877,275,-1877
alpha 0.005,1,276,-4,-1881,276,-1881
alpha 0.005,1,277,-3,-1884,277,-1884
alpha 0.005,1,278,-3,-1887,278,-1887
alpha 0.005,1,279,-3,-1890,279,-1890
alpha 0.005,1,280,-3,-1893,280,-1893
alpha 0.005,1,281,-3,-1896,281,-1896
alpha 0.005,1,282,-3,-1899,282,-1899
alpha 0.005,1,283,-5,-1904,283,-1904
alpha 0.005,1,284,-3,-1907,284,-1907
alpha 0.005,1,285,-2,-1909,285,-1909
alpha 0.005,1,286,-2,-1911,286,-1911
alpha 0.005,1,287,-2,-1913,287,-1913
alpha 0.005,1,288,-2,-1915,288,-1915
alpha 0.005,1,289,-2,-1917,289,-1917
alpha 0.005,1,290,-2,-1919,290,-1919
alpha 0.005,1,291,-2,-1921,291,-1921
alpha 0.005,1,292,-2,-1923,292,-1923
alpha 0.005,1,293,-2,-1925,293,-1925
alpha 0.005,1,294,-2,-1927,294,-1927
alpha 0.005,1,295,-3,-1930,295,-1930
alpha 0.005,1,296,-3,-1933,296,-1933
alpha 0.005,1,297,-3,-1936,297,-1936
alpha 0.005,1,298,-3,-1939,298,-1939
alpha 0.005,1,299,-3,-1942,299,-1942
alpha 0.005,1,300,-3,-1945,300,-1945
alpha 0.005,1,301,-3,-1948,301,-1948
alpha 0.005,1,302,-5,-1953,302,-1953
alpha 0.005,1,303,-5,-1958,303,-1958
alpha 0.005,1,304,-3,-1961,304,-1961
alpha 0.005,1,305,-3,-1964,305,-1964
alpha 0.005,1,306,-3,-1967,306,-1967
alpha 0.005,1,307,-5,-1972,307,-1972
alpha 0.005,1,308,-5,-1977,308,-1977
alpha 0.005,1,309,-5,-1982,309,-1982
alpha 0.005,1,310,-6,-1988,310,-1988
alpha 0.005,1,311,-6,-1994,311,-1994
alpha 0.005,1,312,-6,-2000,312,-2000
alpha 0.005,1,313,-6,-2006,313,-2006
alpha 0.005,1,314,-6,-2012,314,-2012
alpha 0.005,1,315,-6,-2018,315,-2018
alpha 0.005,1,316,-6,-2024,316,-2024
alpha 0.005,1,317,-6,-2030,317,-2030
alpha 0.005,1,318,-6,-2036,318,-2036
alpha 0.005,1,319,-6,-2042,319,-2042
alpha 0.005,1,320,-7,-2049,320,-2049
alpha 0.005,1,321,-7,-2056,321,-2056
alpha 0.005,1,322,-7,-2063,322,-2063
alpha 0.005,1,323,-7,-2070,323,-2070
alpha 0.005,1,324,-7,-2077,324,-2077
alpha 0.005,1,325,-7,-2084,325,-2084
alpha 0.005,1,326,-7,-2091,326,-2091
alpha 0.005,1,327,-7,-2098,327,-2098
alpha 0.005,1,328,-7,-2105,328,-2105
alpha 0.005,1,329,-7,-2112,329,-2112
alpha 0.005,1,330,-7,-2119,330,-2119
alpha 0.005,1,331,-7,-2126,331,-2126
alpha 0.005,1,332,-7,-2133,332,-2133
alpha 0.005,1,333,-7,-2140,333,-2140
alpha 0.005,1,334,-7,-2147,334,-2147
alpha 0.005,1,335,-7,-2154,335,-2154
alpha 0.005,1,336,-7,-2161,336,-2161
alpha 0.005,1,337,-7,-2168,337,-2168
alpha 0.005,1,338,-7,-2175,338,-2175
alpha 0.005,1,339,-7,-2182,339,-2182
alpha 0.005,1,340,-7,-2189,340,-2189
alpha 0.005,1,341,-7,-2196,341,-2196
alpha 0.005,1,342,-7,-2203,342,-2203
alpha 0.005,1,343,-7,-2210,343,-2210
alpha 0.005,1,344,-7,-2217,344,-2217
alpha 0.005,1,345,-7,-2224,345,-2224
alpha 0.005,1,346,-7,-2231,346,-2231
alpha 0.005,1,347,-7,-2238,347,-2238
alpha 0.005,1,348,-7,-2245,348,-2245
alpha 0.005,1,349,-7,-2252,349,-2252
alpha 0.005,1,350,-7,-2259,350,-2259
alpha 0.005,1,351,-7,-2266,351,-2266
alpha 0.005,1,352,-7,-2273,352,-2273
alpha 0.005,1,353,-7,-2280,353,-2280
alpha 0.005,1,354,-7,-2287,354,-2287
alpha 0.005,1,355,-7,-2294,355,-2294
alpha 0.005,1,356,-7,-2301,356,-2301
alpha 0.005,1,357,-7,-2308,357,-2308
alpha 0.005,1,358,-7,-2315,358,-2315
alpha 0.005,1,359,-7,-2322,359,-2322
alpha 0.005,1,360,-7,-2329,360,-2329
alpha 0.005,1,361,-8,-2337,361,-2337
alpha 0.005,1,362,-8,-2345,362,-2345
alpha 0.005,1,363,-8,-2353,363,-2353
alpha 0.005,1,364,-7,-2360,364,-2360
alpha 0.005,1,365,-7,-2367,365,-2367
alpha 0.005,1,366,-7,-2374,366,-2374
alpha 0.005,1,367,-7,-2381,367,-2381
alpha 0.005,1,368,-7,-2388,368,-2388
alpha 0.005,1,369,-7,-2395,369,-2395
alpha 0.005,1,370,-8,-2403,370,-2403
alpha 0.005,1,371,-7,-2410,371,-2410
alpha 0.005,1,372,-7,-2417,372,-2417
alpha 0.005,1,373,-7,-2424,373,-2424
alpha 0.005,1,374,-7,-2431,374,-2431
alpha 0.005,1,375,-7,-2438,375,-2438
alpha 0.005,1,376,-7,-2445,376,-2445
alpha 0.005,1,377,-7,-2452,377,-2452
alpha 0.005,1,378,-7,-2459,378,-2459
alpha 0.005,1,379,-7,-2466,379,-2466
alpha 0.005,1,380,-7,-2473,380,-2473
alpha 0.005,1,381,-7,-2480,381,-2480
alpha 0.005,1,382,-7,-2487,382,-2487
alpha 0.005,1,383,-7,-2494,383,-2494
alpha 0.005,1,384,-7,-2501,384,-2501
alpha 0.005,1,385,-7,-2508,385,-2508
alpha 0.005,1,386,-7,-2515,386,-2515
alpha 0.005,1,387,-7,-2522,387,-2522
alpha 0.005,1,388,-7,-2529,388,-2529
alpha 0.005,1,389,-7,-2536,389,-2536
alpha 0.005,1,390,-7,-2543,390,-2543
alpha 0.005,1,391,-7,-2550,391,-2550
alpha 0.005,1,392,-7,-2557,392,-2557
alpha 0.005,1,393,-7,-2564,393,-2564
alpha 0.005,1,394,-7,-2571,394,-2571
alpha 0.005,1,395,-7,-2578,395,-2578
alpha 0.005,1,396,-7,-2585,396,-2585
alpha 0.005,1,397,-7,-2592,397,-2592
alpha 0.005,1,398,-7,-2599,398,-2599
alpha 0.005,1,399,-7,-2606,399,-2606
alpha 0.005,1,400,-6,-2612,400,-2612
alpha 0.005,1,401,-6,-2618,401,-2618
alpha 0.005,1,402,-6,-2624,402,-2624
alpha 0.005,1,403,-6,-2630,403,-2630
alpha 0.005,1,404,-6,-2636,404,-2636
alpha 0.005,1,405,-6,-2642,405,-2642
alpha 0.005,1,406,-6,-2648,406,-2648
alpha 0.005,1,407,-5,-2653,407,-2653
alpha 0.005,1,408,-5,-2658,408,-2658
alpha 0.005,1,409,-5,-2663,409,-2663
alpha 0.005,1,410,-5,-2668,410,-2668
alpha 0.005,1,411,-5,-2673,411,-2673
alpha 0.005,1,412,-5,-2678,412,-2678
alpha 0.005,1,413,-5,-2683,413,-2683
alpha 0.005,1,414,-5,-2688,414,-2688
alpha 0.005,1,415,-5,-2693,415,-2693
alpha 0.005,1,416,-5,-2698,416,-2698
alpha 0.005,1,417,-5,-2703,417,-2703
alpha 0.005,1,418,-5,-2708,418,-2708
alpha 0.005,1,419,-5,-2713,419,-2713
alpha 0.005,1,420,-5,-2718,420,-2718
alpha 0.005,1,421,-5,-2723,421,-2723
alpha 0.005,1,422,-5,-2728,422,-2728
alpha 0.005,1,423,-5,-2733,423,-2733
alpha 0.005,1,424,-5,-2738,424,-2738
alpha 0.005,1,425,-5,-2743,425,-2743
alpha 0.005,1,426,-5,-2748,426,-2748
alpha 0.005,1,427,-5,-2753,427,-2753
alpha 0.005,1,428,-5,-2758,428,-2758
alpha 0.005,1,429,-5,-2763,429,-2763
alpha 0.005,1,430,-5,-2768,430,-2768
alpha 0.005,1,431,-5,-2773,431,-2773
alpha 0.005,1,432,-5,-2778,432,-2778
alpha 0.005,1,433,-5,-2783,433,-2783
alpha 0.005,1,434,-5,-2788,434,-2788
alpha 0.005,1,435,-5,-2793,435,-2793
alpha 0.005,1,436,-6,-2799,436,-2799
alpha 0.005,1,437,-6,-2805,437,-2805
alpha 0.005,1,438,-6,-2811,438,-2811
alpha 0.005,1,439,-6,-2817,439,-2817
alpha 0.005,1,440,-6,-2823,440,-2823
alpha 0.005,1,441,-6,-2829,441,-2829
alpha 0.005,1,442,-7,-2836,442,-2836
alpha 0.005,1,443,-7,-2843,443,-2843
alpha 0.005,1,444,-7,-2850,444,-2850
alpha 0.005,1,445,-7,-2857,445,-2857
alpha 0.005,1,446,-7,-2864,446,-2864
alpha 0.005,1,447,-7,-2871,447,-2871
alpha 0.005,1,448,-7,-2878,448,-2878
alpha 0.005,1,449,-7,-2885,449,-2885
alpha 0.005,1,450,-7,-2892,450,-2892
alpha 0.005,1,451,-7,-2899,451,-2899
alpha 0.005,1,452,-7,-2906,452,-2906
alpha 0.005,1,453,-7,-2913,453,-2913
alpha 0.005,1,454,-7,-2920,454,-2920
alpha 0.005,1,455,-7,-2927,455,-2927
alpha 0.005,1,456,-7,-2934,456,-2934
alpha 0.005,1,457,-7,-2941,457,-2941
alpha 0.005,1,458,-7,-2948,458,-2948
alpha 0.005,1,459,-7,-2955,459,-2955
alpha 0.005,1,460,-7,-2962,460,-2962
alpha 0.005,1,461,-7,-2969,461,-2969
alpha 0.005,1,462,-7,-2976,462,-2976
alpha 0.005,1,463,-7,-2983,463,-2983
alpha 0.005,1,464,-7,-2990,464,-2990
alpha 0.005,1,465,-7,-2997,465,-2997
alpha 0.005,1,466,-7,-3004,466,-3004
alpha 0.005,1,467,-7,-3011,467,-3011
alpha 0.005,1,468,-7,-3018,468,-3018
alpha 0.005,1,469,-7,-3025,469,-3025
alpha 0.005,1,470,-7,-3032,470,-3032
alpha 0.005,1,471,-7,-3039,471,-3039
alpha 0.005,1,472,-7,-3046,472,-3046
alpha 0.005,1,473,-7,-3053,473,-3053
alpha 0.005,1,474,-7,-3060,474,-3060
alpha 0.005,1,475,-7,-3067,475,-3067
alpha 0.005,1,476,-7,-3074,476,-3074
alpha 0.005,1,477,-8,-3082,477,-3082
alpha 0.005,1,478,-7,-3089,478,-3089
alpha 0.005,1,479,-7,-3096,479,-3096
alpha 0.005,1,480,-7,-3103,480,-3103
alpha 0.005,1,481,-7,-3110,481,-3110
alpha 0.005,1,482,-7,-3117,482,-3117
alpha 0.005,1,483,-7,-3124,483,-3124
alpha 0.005,1,484,-7,-3131,484,-3131
alpha 0.005,1,485,-7,-3138,485,-3138
alpha 0.005,1,486,-7,-3145,486,-3145
alpha 0.005,1,487,-7,-3152,487,-3152
alpha 0.005,1,488,-7,-3159,488,-3159
alpha 0.005,1,489,-7,-3166,489,-3166
alpha 0.005,1,490,-7,-3173,490,-3173
alpha 0.005,1,491,-7,-3180,491,-3180
alpha 0.005,1,492,-7,-3187,492,-3187
alpha 0.005,1,493,-7,-3194,493,-3194
alpha 0.005,1,494,-7,-3201,494,-3201
alpha 0.005,1,495,-7,-3208,495,-3208
alpha 0.005,1,496,-7,-3215,496,-3215
alpha 0.005,1,497,-7,-3222,497,-3222
alpha 0.005,1,498,-7,-3229,498,-3229
alpha 0.005,1,499,-7,-3236,499,-3236
alpha 0.005,1,500,-7,-3243,500,-3243
alpha 0.005,2,1,4,4,501,-3239
alpha 0.005,2,2,-1,3,502,-3240
alpha 0.005,2,3,-6,-3,503,-3246
alpha 0.005,2,4,-10,-13,504,-3256
alpha 0.005,2,5,-7,-20,505,-3263
alpha 0.005,2,6,-7,-27,506,-3270
alpha 0.005,2,7,-8,-35,507,-3278
alpha 0.005,2,8,-7,-42,508,-3285
alpha 0.005,2,9,-6,-48,509,-3291
alpha 0.005,2,10,-5,-53,510,-3296
alpha 0.005,2,11,-5,-58,511,-3301
alpha 0.005,2,12,-6,-64,512,-3307
alpha 0.005,2,13,-6,-70,513,-3313
alpha 0.005,2,14,-7,-77,514,-3320
alpha 0.005,2,15,-7,-84,515,-3327
alpha 0.005,2,16,-7,-91,516,-3334
alpha 0.005,2,17,-7,-98,517,-3341
alpha 0.005,2,18,-7,-105,518,-3348
alpha 0.005,2,19,-7,-112,519,-3355
alpha 0.005,2,20,-7,-119,520,-3362
alpha 0.005,2,21,-7,-126,521,-3369
alpha 0.005,2,22,-7,-133,522,-3376
alpha 0.005,2,23,-8,-141,523,-3384
alpha 0.005,2,24,-8,-149,524,-3392
alpha 0.005,2,25,-8,-157,525,-3400
alpha 0.005,2,26,-8,-165,526,-3408
alpha 0.005,2,27,-8,-173,527,-3416
alpha 0.005,2,28,-8,-181,528,-3424
alpha 0.005,2,29,-10,-191,529,-3434
alpha 0.005,2,30,-10,-201,530,-3444
alpha 0.005,2,31,-10,-211,531,-3454
alpha 0.005,2,32,-10,-221,532,-3464
alpha 0.005,2,33,-10,-231,533,-3474
alpha 0.005,2,34,-10,-241,534,-3484
alpha 0.005,2,35,-10,-251,535,-3494
alpha 0.005,2,36,-10,-261,536,-3504
alpha 0.005,2,37,-10,-271,537,-3514
alpha 0.005,2,38,-10,-281,538,-3524
alpha 0.005,2,39,-10,-291,539,-3534
alpha 0.005,2,40,-10,-301,540,-3544
alpha 0.005,2,41,-10,-311,541,-3554
alpha 0.005,2,42,-10,-321,542,-3564
alpha 0.005,2,43,-10,-331,543,-3574
alpha 0.005,2,44,-10,-341,544,-3584
alpha 0.005,2,45,-10,-351,545,-3594
alpha 0.005,2,46,-10,-361,546,-3604
alpha 0.005,2,47,-10,-371,547,-3614
alpha 0.005,2,48,-10,-381,548,-3624
alpha 0.005,2,49,-10,-391,549,-3634
alpha 0.005,2,50,-10,-401,550,-3644
alpha 0.005,2,51,-10,-411,551,-3654
alpha 0.005,2,52,-10,-421,552,-3664
alpha 0.005,2,53,-10,-431,553,-3674
alpha 0.005,2,54,-10,-441,554,-3684
alpha 0.005,2,55,-10,-451,555,-3694
alpha 0.005,2,56,-10,-461,556,-3704
alpha 0.005,2,57,-8,-469,557,-3712
alpha 0.005,2,58,-6,-475,558,-3718
alpha 0.005,2,59,-5,-480,559,-3723
alpha 0.005,2,60,-5,-485,560,-3728
alpha 0.005,2,61,-5,-490,561,-3733
alpha 0.005,2,62,-3,-493,562,-3736
alpha 0.005,2,63,-2,-495,563,-3738
alpha 0.005,2,64,-2,-497,564,-3740
alpha 0.005,2,65,-2,-499,565,-3742
alpha 0.005,2,66,2,-497,566,-3740
alpha 0.005,2,67,1,-496,567,-3739
alpha 0.005,2,68,2,-494,568,-3737
alpha 0.005,2,69,1,-493,569,-3736
alpha 0.005,2,70,-3,-496,570,-3739
alpha 0.005,2,71,-4,-500,571,-3743
alpha 0.005,2,72,-3,-503,572,-3746
alpha 0.005,2,73,-3,-506,573,-3749
alpha 0.005,2,74,-3,-509,574,-3752
alpha 0.005,2,75,-4,-513,575,-3756
alpha 0.005,2,76,-4,-517,576,-3760
alpha 0.005,2,77,-4,-521,577,-3764
alpha 0.005,2,78,-4,-525,578,-3768
alpha 0.005,2,79,-4,-529,579,-3772
alpha 0.005,2,80,-4,-533,580,-3776
alpha 0.005,2,81,-4,-537,581,-3780
alpha 0.005,2,82,-4,-541,582,-3784
alpha 0.005,2,83,-4,-545,583,-3788
alpha 0.005,2,84,-4,-549,584,-3792
alpha 0.005,2,85,-4,-553,585,-3796
alpha 0.005,2,86,-4,-557,586,-3800
alpha 0.005,2,87,-6,-563,587,-3806
alpha 0.005,2,88,-5,-568,588,-3811
alpha 0.005,2,89,-5,-573,589,-3816
alpha 0.005,2,90,-5,-578,590,-3821
alpha 0.005,2,91,-5,-583,591,-3826
alpha 0.005,2,92,-6,-589,592,-3832
alpha 0.005,2,93,-6,-595,593,-3838
alpha 0.005,2,94,-6,-601,594,-3844
alpha 0.005,2,95,-6,-607,595,-3850
alpha 0.005,2,96,-8,-615,596,-3858
alpha 0.005,2,97,-7,-622,597,-3865
alpha 0.005,2,98,-7,-629,598,-3872
alpha 0.005,2,99,-7,-636,599,-3879
alpha 0.005,2,100,-7,-643,600,-3886
alpha 0.005,2,101,-7,-650,601,-3893
alpha 0.005,2,102,-7,-657,602,-3900
alpha 0.005,2,103,-7,-664,603,-3907
alpha 0.005,2,104,-7,-671,604,-3914
alpha 0.005,2,105,-7,-678,605,-3921
alpha 0.005,2,106,-7,-685,606,-3928
alpha 0.005,2,107,-7,-692,607,-3935
alpha 0.005,2,108,-7,-699,608,-3942
alpha 0.005,2,109,-7,-706,609,-3949
alpha 0.005,2,110,-7,-713,610,-3956
alpha 0.005,2,111,-7,-720,611,-3963
alpha 0.005,2,112,-7,-727,612,-3970
alpha 0.005,2,113,-8,-735,613,-3978
alpha 0.005,2,114,-8,-743,614,-3986
alpha 0.005,2,115,-8,-751,615,-3994
alpha 0.005,2,116,-8,-759,616,-4002
alpha 0.005,2,117,-8,-767,617,-4010
alpha 0.005,2,118,-8,-775,618,-4018
alpha 0.005,2,119,-8,-783,619,-4026
alpha 0.005,2,120,-8,-791,620,-4034
alpha 0.005,2,121,-8,-799,621,-4042
alpha 0.005,2,122,-8,-807,622,-4050
alpha 0.005,2,123,-10,-817,623,-4060
alpha 0.005,2,124,-10,-827,624,-4070
alpha 0.005,2,125,-10,-837,625,-4080
alpha 0.005,2,126,-10,-847,626,-4090
alpha 0.005,2,127,-10,-857,627,-4100
alpha 0.005,2,128,-10,-867,628,-4110
alpha 0.005,2,129,-10,-877,629,-4120
alpha 0.005,2,130,-10,-887,630,-4130
alpha 0.005,2,131,-10,-897,631,-4140
alpha 0.005,2,132,-10,-907,632,-4150
alpha 0.005,2,133,-10,-917,633,-4160
alpha 0.005,2,134,-10,-927,634,-4170
alpha 0.005,2,135,-10,-937,635,-4180
alpha 0.005,2,136,-10,-947,636,-4190
alpha 0.005,2,137,-10,-957,637,-4200
alpha 0.005,2,138,-10,-967,638,-4210
alpha 0.005,2,139,-10,-977,639,-4220
alpha 0.005,2,140,-10,-987,640,-4230
alpha 0.005,2,141,-10,-997,641,-4240
alpha 0.005,2,142,-10,-1007,642,-4250
alpha 0.005,2,143,-10,-1017,643,-4260
alpha 0.005,2,144,-10,-1027,644,-4270
alpha 0.005,2,145,-10,-1037,645,-4280
alpha 0.005,2,146,-10,-1047,646,-4290
alpha 0.005,2,147,-10,-1057,647,-4300
alpha 0.005,2,148,-10,-1067,648,-4310
alpha 0.005,2,149,-10,-1077,649,-4320
alpha 0.005,2,150,-10,-1087,650,-4330
alpha 0.005,2,151,-10,-1097,651,-4340
alpha 0.005,2,152,-10,-1107,652,-4350
alpha 0.005,2,153,-10,-1117,653,-4360
alpha 0.005,2,154,-10,-1127,654,-4370
alpha 0.005,2,155,-10,-1137,655,-4380
alpha 0.005,2,156,-10,-1147,656,-4390
alpha 0.005,2,157,-10,-1157,657,-4400
alpha 0.005,2,158,-10,-1167,658,-4410
alpha 0.005,2,159,-10,-1177,659,-4420
alpha 0.005,2,160,-10,-1187,660,-4430
alpha 0.005,2,161,-10,-1197,661,-4440
alpha 0.005,2,162,-10,-1207,662,-4450
alpha 0.005,2,163,-10,-1217,663,-4460
alpha 0.005,2,164,-10,-1227,664,-4470
alpha 0.005,2,165,-10,-1237,665,-4480
alpha 0.005,2,166,-10,-1247,666,-4490
alpha 0.005,2,167,-10,-1257,667,-4500
alpha 0.005,2,168,-10,-1267,668,-4510
alpha 0.005,2,169,-10,-1277,669,-4520
alpha 0.005,2,170,-10,-1287,670,-4530
alpha 0.005,2,171,-8,-1295,671,-4538
alpha 0.005,2,172,-8,-1303,672,-4546
alpha 0.005,2,173,-8,-1311,673,-4554
alpha 0.005,2,174,-8,-1319,674,-4562
alpha 0.005,2,175,-8,-1327,675,-4570
alpha 0.005,2,176,-8,-1335,676,-4578
alpha 0.005,2,177,-7,-1342,677,-4585
alpha 0.005,2,178,-7,-1349,678,-4592
alpha 0.005,2,179,-7,-1356,679,-4599
alpha 0.005,2,180,-7,-1363,680,-4606
alpha 0.005,2,181,-7,-1370,681,-4613
alpha 0.005,2,182,-7,-1377,682,-4620
alpha 0.005,2,183,-7,-1384,683,-4627
alpha 0.005,2,184,-7,-1391,684,-4634
alpha 0.005,2,185,-6,-1397,685,-4640
alpha 0.005,2,186,-6,-1403,686,-4646
alpha 0.005,2,187,-5,-1408,687,-4651
alpha 0.005,2,188,-5,-1413,688,-4656
alpha 0.005,2,189,-5,-1418,689,-4661
alpha 0.005,2,190,-5,-1423,690,-4666
alpha 0.005,2,191,-5,-1428,691,-4671
alpha 0.005,2,192,-5,-1433,692,-4676
alpha 0.005,2,193,-5,-1438,693,-4681
alpha 0.005,2,194,-5,-1443,694,-4686
alpha 0.005,2,195,-5,-1448,695,-4691
alpha 0.005,2,196,-6,-1454,696,-4697
alpha 0.005,2,197,-6,-1460,697,-4703
alpha 0.005,2,198,-6,-1466,698,-4709
alpha 0.005,2,199,-7,-1473,699,-4716
alpha 0.005,2,200,-7,-1480,700,-4723
alpha 0.005,2,201,-7,-1487,701,-4730
alpha 0.005,2,202,-7,-1494,702,-4737
alpha 0.005,2,203,-7,-1501,703,-4744
alpha 0.005,2,204,-7,-1508,704,-4751
alpha 0.005,2,205,-7,-1515,705,-4758
alpha 0.005,2,206,-7,-1522,706,-4765
alpha 0.005,2,207,-8,-1530,707,-4773
alpha 0.005,2,208,-8,-1538,708,-4781
alpha 0.005,2,209,-8,-1546,709,-4789
alpha 0.005,2,210,-8,-1554,710,-4797
alpha 0.005,2,211,-8,-1562,711,-4805
alpha 0.005,2,212,-8,-1570,712,-4813
alpha 0.005,2,213,-8,-1578,713,-4821
alpha 0.005,2,214,-10,-1588,714,-4831
alpha 0.005,2,215,-10,-1598,715,-4841
alpha 0.005,2,216,-10,-1608,716,-4851
alpha 0.005,2,217,-10,-1618,717,-4861
alpha 0.005,2,218,-10,-1628,718,-4871
alpha 0.005,2,219,-10,-1638,719,-4881
alpha 0.005,2,220,-10,-1648,720,-4891
alpha 0.005,2,221,-10,-1658,721,-4901
alpha 0.005,2,222,-10,-1668,722,-4911
alpha 0.005,2,223,-10,-1678,723,-4921
alpha 0.005,2,224,-10,-1688,724,-4931
alpha 0.005,2,225,-10,-1698,725,-4941
alpha 0.005,2,226,-10,-1708,726,-4951
alpha 0.005,2,227,-10,-1718,727,-4961
alpha 0.005,2,228,-10,-1728,728,-4971
alpha 0.005,2,229,-10,-1738,729,-4981
alpha 0.005,2,230,-10,-1748,730,-4991
alpha 0.005,2,231,-10,-1758,731,-5001
alpha 0.005,2,232,-10,-1768,732,-5011
alpha 0.005,2,233,-10,-1778,733,-5021
alpha 0.005,2,234,-10,-1788,734,-5031
alpha 0.005,2,235,-10,-1798,735,-5041
alpha 0.005,2,236,-10,-1808,736,-5051
alpha 0.005,2,237,-10,-1818,737,-5061
alpha 0.005,2,238,-10,-1828,738,-5071
alpha 0.005,2,239,-10,-1838,739,-5081
alpha 0.005,2,240,-10,-1848,740,-5091
alpha 0.005,2,241,-10,-1858,741,-5101
alpha 0.005,2,242,-10,-1868,742,-5111
alpha 0.005,2,243,-10,-1878,743,-5121
alpha 0.005,2,244,-10,-1888,744,-5131
alpha 0.005,2,245,-10,-1898,745,-5141
alpha 0.005,2,246,-10,-1908,746,-5151
alpha 0.005,2,247,-10,-1918,747,-5161
alpha 0.005,2,248,-10,-1928,748,-5171
alpha 0.005,2,249,-10,-1938,749,-5181
alpha 0.005,2,250,-10,-1948,750,-5191
alpha 0.005,2,251,-10,-1958,751,-5201
alpha 0.005,2,252,-10,-1968,752,-5211
alpha 0.005,2,253,-10,-1978,753,-5221
alpha 0.005,2,254,-10,-1988,754,-5231
alpha 0.005,2,255,-10,-1998,755,-5241
alpha 0.005,2,256,-7,-2005,756,-5248
alpha 0.005,2,257,-7,-2012,757,-5255
alpha 0.005,2,258,-7,-2019,758,-5262
alpha 0.005,2,259,-7,-2026,759,-5269
alpha 0.005,2,260,-7,-2033,760,-5276
alpha 0.005,2,261,-7,-2040,761,-5283
alpha 0.005,2,262,-7,-2047,762,-5290
alpha 0.005,2,263,-7,-2054,763,-5297
alpha 0.005,2,264,-7,-2061,764,-5304
alpha 0.005,2,265,-7,-2068,765,-5311
alpha 0.005,2,266,-7,-2075,766,-5318
alpha 0.005,2,267,-7,-2082,767,-5325
alpha 0.005,2,268,-7,-2089,768,-5332
alpha 0.005,2,269,-7,-2096,769,-5339
alpha 0.005,2,270,-7,-2103,770,-5346
alpha 0.005,2,271,-7,-2110,771,-5353
alpha 0.005,2,272,-7,-2117,772,-5360
alpha 0.005,2,273,-5,-2122,773,-5365
alpha 0.005,2,274,-5,-2127,774,-5370
alpha 0.005,2,275,-5,-2132,775,-5375
alpha 0.005,2,276,-4,-2136,776,-5379
alpha 0.005,2,277,-4,-2140,777,-5383
alpha 0.005,2,278,-4,-2144,778,-5387
alpha 0.005,2,279,-4,-2148,779,-5391
alpha 0.005,2,280,-4,-2152,780,-5395
alpha 0.005,2,281,-4,-2156,781,-5399
alpha 0.005,2,282,-4,-2160,782,-5403
alpha 0.005,2,283,-4,-2164,783,-5407
alpha 0.005,2,284,-4,-2168,784,-5411
alpha 0.005,2,285,-4,-2172,785,-5415
alpha 0.005,2,286,-4,-2176,786,-5419
alpha 0.005,2,287,-4,-2180,787,-5423
alpha 0.005,2,288,-4,-2184,788,-5427
alpha 0.005,2,289,-4,-2188,789,-5431
alpha 0.005,2,290,-4,-2192,790,-5435
alpha 0.005,2,291,-4,-2196,791,-5439
alpha 0.005,2,292,-4,-2200,792,-5443
alpha 0.005,2,293,-4,-2204,793,-5447
alpha 0.005,2,294,-4,-2208,794,-5451
alpha 0.005,2,295,-3,-2211,795,-5454
alpha 0.005,2,296,-2,-2213,796,-5456
alpha 0.005,2,297,-2,-2215,797,-5458
alpha 0.005,2,298,-1,-2216,798,-5459
alpha 0.005,2,299,-2,-2218,799,-5461
alpha 0.005,2,300,-1,-2219,800,-5462
alpha 0.005,2,301,1,-2218,801,-5461
alpha 0.005,2,302,1,-2217,802,-5460
alpha 0.005,2,303,1,-2216,803,-5459
alpha 0.005,2,304,1,-2215,804,-5458
alpha 0.005,2,305,1,-2214,805,-5457
alpha 0.005,2,306,1,-2213,806,-5456
alpha 0.005,2,307,1,-2212,807,-5455
alpha 0.005,2,308,-1,-2213,808,-5456
alpha 0.005,2,309,-2,-2215,809,-5458
alpha 0.005,2,310,-2,-2217,810,-5460
alpha 0.005,2,311,-2,-2219,811,-5462
alpha 0.005,2,312,-2,-2221,812,-5464
alpha 0.005,2,313,-3,-2224,813,-5467
alpha 0.005,2,314,-3,-2227,814,-5470
alpha 0.005,2,315,-2,-2229,815,-5472
alpha 0.005,2,316,-2,-2231,816,-5474
alpha 0.005,2,317,-2,-2233,817,-5476
alpha 0.005,2,318,-2,-2235,818,-5478
alpha 0.005,2,319,-2,-2237,819,-5480
alpha 0.005,2,320,-2,-2239,820,-5482
alpha 0.005,2,321,-2,-2241,821,-5484
alpha 0.005,2,322,-2,-2243,822,-5486
alpha 0.005,2,323,-3,-2246,823,-5489
alpha 0.005,2,324,-4,-2250,824,-5493
alpha 0.005,2,325,-4,-2254,825,-5497
alpha 0.005,2,326,-4,-2258,826,-5501
alpha 0.005,2,327,-4,-2262,827,-5505
alpha 0.005,2,328,-5,-2267,828,-5510
alpha 0.005,2,329,-5,-2272,829,-5515
alpha 0.005,2,330,-5,-2277,830,-5520
alpha 0.005,2,331,-5,-2282,831,-5525
alpha 0.005,2,332,-5,-2287,832,-5530
alpha 0.005,2,333,-5,-2292,833,-5535
alpha 0.005,2,334,-5,-2297,834,-5540
alpha 0.005,2,335,-5,-2302,835,-5545
alpha 0.005,2,336,-5,-2307,836,-5550
alpha 0.005,2,337,-6,-2313,837,-5556
alpha 0.005,2,338,-6,-2319,838,-5562
alpha 0.005,2,339,-6,-2325,839,-5568
alpha 0.005,2,340,-6,-2331,840,-5574
alpha 0.005,2,341,-6,-2337,841,-5580
alpha 0.005,2,342,-6,-2343,842,-5586
alpha 0.005,2,343,-6,-2349,843,-5592
alpha 0.005,2,344,-6,-2355,844,-5598
alpha 0.005,2,345,-6,-2361,845,-5604
alpha 0.005,2,346,-6,-2367,846,-5610
alpha 0.005,2,347,-6,-2373,847,-5616
alpha 0.005,2,348,-6,-2379,848,-5622
alpha 0.005,2,349,-6,-2385,849,-5628
alpha 0.005,2,350,-8,-2393,850,-5636
alpha 0.005,2,351,-8,-2401,851,-5644
alpha 0.005,2,352,-8,-2409,852,-5652
alpha 0.005,2,353,-8,-2417,853,-5660
alpha 0.005,2,354,-8,-2425,854,-5668
alpha 0.005,2,355,-8,-2433,855,-5676
alpha 0.005,2,356,-8,-2441,856,-5684
alpha 0.005,2,357,-8,-2449,857,-5692
alpha 0.005,2,358,-8,-2457,858,-5700
alpha 0.005,2,359,-8,-2465,859,-5708
alpha 0.005,2,360,-10,-2475,860,-5718
alpha 0.005,2,361,-10,-2485,861,-5728
alpha 0.005,2,362,-10,-2495,862,-5738
alpha 0.005,2,363,-10,-2505,863,-5748
alpha 0.005,2,364,-10,-2515,864,-5758
alpha 0.005,2,365,-10,-2525,865,-5768
alpha 0.005,2,366,-10,-2535,866,-5778
alpha 0.005,2,367,-10,-2545,867,-5788
alpha 0.005,2,368,-10,-2555,868,-5798
alpha 0.005,2,369,-10,-2565,869,-5808
alpha 0.005,2,370,-10,-2575,870,-5818
alpha 0.005,2,371,-10,-2585,871,-5828
alpha 0.005,2,372,-10,-2595,872,-5838
alpha 0.005,2,373,-10,-2605,873,-5848
alpha 0.005,2,374,-10,-2615,874,-5858
alpha 0.005,2,375,-10,-2625,875,-5868
alpha 0.005,2,376,-10,-2635,876,-5878
alpha 0.005,2,377,-10,-2645,877,-5888
alpha 0.005,2,378,-10,-2655,878,-5898
alpha 0.005,2,379,-10,-2665,879,-5908
alpha 0.005,2,380,-10,-2675,880,-5918
alpha 0.005,2,381,-10,-2685,881,-5928
alpha 0.005,2,382,-10,-2695,882,-5938
alpha 0.005,2,383,-10,-2705,883,-5948
alpha 0.005,2,384,-10,-2715,884,-5958
alpha 0.005,2,385,-10,-2725,885,-5968
alpha 0.005,2,386,-10,-2735,886,-5978
alpha 0.005,2,387,-10,-2745,887,-5988
alpha 0.005,2,388,-10,-2755,888,-5998
alpha 0.005,2,389,-10,-2765,889,-6008
alpha 0.005,2,390,-10,-2775,890,-6018
alpha 0.005,2,391,-10,-2785,891,-6028
alpha 0.005,2,392,-10,-2795,892,-6038
alpha 0.005,2,393,-10,-2805,893,-6048
alpha 0.005,2,394,-10,-2815,894,-6058
alpha 0.005,2,395,-10,-2825,895,-6068
alpha 0.005,2,396,-10,-2835,896,-6078
alpha 0.005,2,397,-10,-2845,897,-6088
alpha 0.005,2,398,-10,-2855,898,-6098
alpha 0.005,2,399,-10,-2865,899,-6108
alpha 0.005,2,400,-10,-2875,900,-6118
alpha 0.005,2,401,-10,-2885,901,-6128
alpha 0.005,2,402,-10,-2895,902,-6138
alpha 0.005,2,403,-10,-2905,903,-6148
alpha 0.005,2,404,-10,-2915,904,-6158
alpha 0.005,2,405,-10,-2925,905,-6168
alpha 0.005,2,406,-10,-2935,906,-6178
alpha 0.005,2,407,-10,-2945,907,-6188
alpha 0.005,2,408,-10,-2955,908,-6198
alpha 0.005,2,409,-10,-2965,909,-6208
alpha 0.005,2,410,-10,-2975,910,-6218
alpha 0.005,2,411,-10,-2985,911,-6228
alpha 0.005,2,412,-10,-2995,912,-6238
alpha 0.005,2,413,-10,-3005,913,-6248
alpha 0.005,2,414,-8,-3013,914,-6256
alpha 0.005,2,415,-8,-3021,915,-6264
alpha 0.005,2,416,-8,-3029,916,-6272
alpha 0.005,2,417,-8,-3037,917,-6280
alpha 0.005,2,418,-8,-3045,918,-6288
alpha 0.005,2,419,-8,-3053,919,-6296
alpha 0.005,2,420,-8,-3061,920,-6304
alpha 0.005,2,421,-7,-3068,921,-6311
alpha 0.005,2,422,-7,-3075,922,-6318
alpha 0.005,2,423,-7,-3082,923,-6325
alpha 0.005,2,424,-7,-3089,924,-6332
alpha 0.005,2,425,-7,-3096,925,-6339
alpha 0.005,2,426,-7,-3103,926,-6346
alpha 0.005,2,427,-7,-3110,927,-6353
alpha 0.005,2,428,-7,-3117,928,-6360
alpha 0.005,2,429,-6,-3123,929,-6366
alpha 0.005,2,430,-6,-3129,930,-6372
alpha 0.005,2,431,-6,-3135,931,-6378
alpha 0.005,2,432,-5,-3140,932,-6383
alpha 0.005,2,433,-5,-3145,933,-6388
alpha 0.005,2,434,-5,-3150,934,-6393
alpha 0.005,2,435,-5,-3155,935,-6398
alpha 0.005,2,436,-5,-3160,936,-6403
alpha 0.005,2,437,-5,-3165,937,-6408
alpha 0.005,2,438,-5,-3170,938,-6413
alpha 0.005,2,439,-5,-3175,939,-6418
alpha 0.005,2,440,-5,-3180,940,-6423
alpha 0.005,2,441,-5,-3185,941,-6428
alpha 0.005,2,442,-6,-3191,942,-6434
alpha 0.005,2,443,-6,-3197,943,-6440
alpha 0.005,2,444,-6,-3203,944,-6446
alpha 0.005,2,445,-7,-3210,945,-6453
alpha 0.005,2,446,-7,-3217,946,-6460
alpha 0.005,2,447,-7,-3224,947,-6467
alpha 0.005,2,448,-7,-3231,948,-6474
alpha 0.005,2,449,-7,-3238,949,-6481
alpha 0.005,2,450,-7,-3245,950,-6488
alpha 0.005,2,451,-7,-3252,951,-6495
alpha 0.005,2,452,-7,-3259,952,-6502
alpha 0.005,2,453,-7,-3266,953,-6509
alpha 0.005,2,454,-7,-3273,954,-6516
alpha 0.005,2,455,-8,-3281,955,-6524
alpha 0.005,2,456,-8,-3289,956,-6532
alpha 0.005,2,457,-8,-3297,957,-6540
alpha 0.005,2,458,-8,-3305,958,-6548
alpha 0.005,2,459,-8,-3313,959,-6556
alpha 0.005,2,460,-8,-3321,960,-6564
alpha 0.005,2,461,-8,-3329,961,-6572
alpha 0.005,2,462,-8,-3337,962,-6580
alpha 0.005,2,463,-8,-3345,963,-6588
alpha 0.005,2,464,-8,-3353,964,-6596
alpha 0.005,2,465,-8,-3361,965,-6604
alpha 0.005,2,466,-8,-3369,966,-6612
alpha 0.005,2,467,-10,-3379,967,-6622
alpha 0.005,2,468,-10,-3389,968,-6632
alpha 0.005,2,469,-10,-3399,969,-6642
alpha 0.005,2,470,-10,-3409,970,-6652
alpha 0.005,2,471,-10,-3419,971,-6662
alpha 0.005,2,472,-10,-3429,972,-6672
alpha 0.005,2,473,-10,-3439,973,-6682
alpha 0.005,2,474,-10,-3449,974,-6692
alpha 0.005,2,475,-10,-3459,975,-6702
alpha 0.005,2,476,-10,-3469,976,-6712
alpha 0.005,2,477,-10,-3479,977,-6722
alpha 0.005,2,478,-10,-3489,978,-6732
alpha 0.005,2,479,-10,-3499,979,-6742
alpha 0.005,2,480,-10,-3509,980,-6752
alpha 0.005,2,481,-10,-3519,981,-6762
alpha 0.005,2,482,-10,-3529,982,-6772
alpha 0.005,2,483,-10,-3539,983,-6782
alpha 0.005,2,484,-10,-3549,984,-6792
alpha 0.005,2,485,-10,-3559,985,-6802
alpha 0.005,2,486,-10,-3569,986,-6812
alpha 0.005,2,487,-10,-3579,987,-6822
alpha 0.005,2,488,-10,-3589,988,-6832
alpha 0.005,2,489,-10,-3599,989,-6842
alpha 0.005,2,490,-10,-3609,990,-6852
alpha 0.005,2,491,-10,-3619,991,-6862
alpha 0.005,2,492,-10,-3629,992,-6872
alpha 0.005,2,493,-10,-3639,993,-6882
alpha 0.005,2,494,-10,-3649,994,-6892
alpha 0.005,2,495,-10,-3659,995,-6902
alpha 0.005,2,496,-10,-3669,996,-6912
alpha 0.005,2,497,-10,-3679,997,-6922
alpha 0.005,2,498,-10,-3689,998,-6932
alpha 0.005,2,499,-10,-3699,999,-6942
alpha 0.005,2,500,-10,-3709,1000,-6952
alpha 0.005,3,1,2,2,1001,-6950
alpha 0.005,3,2,-1,1,1002,-6951
alpha 0.005,3,3,-6,-5,1003,-6957
alpha 0.005,3,4,-8,-13,1004,-6965
alpha 0.005,3,5,-10,-23,1005,-6975
alpha 0.005,3,6,-10,-33,1006,-6985
alpha 0.005,3,7,-10,-43,1007,-6995
alpha 0.005,3,8,-10,-53,1008,-7005
alpha 0.005,3,9,-10,-63,1009,-7015
alpha 0.005,3,10,-10,-73,1010,-7025
alpha 0.005,3,11,-10,-83,1011,-7035
alpha 0.005,3,12,-10,-93,1012,-7045
alpha 0.005,3,13,-10,-103,1013,-7055
alpha 0.005,3,14,-10,-113,1014,-7065
alpha 0.005,3,15,-10,-123,1015,-7075
alpha 0.005,3,16,-10,-133,1016,-7085
alpha 0.005,3,17,-10,-143,1017,-7095
alpha 0.005,3,18,-10,-153,1018,-7105
alpha 0.005,3,19,-10,-163,1019,-7115
alpha 0.005,3,20,-10,-173,1020,-7125
alpha 0.005,3,21,-10,-183,1021,-7135
alpha 0.005,3,22,-10,-193,1022,-7145
alpha 0.005,3,23,-10,-203,1023,-7155
alpha 0.005,3,24,-10,-213,1024,-7165
alpha 0.005,3,25,-10,-223,1025,-7175
alpha 0.005,3,26,-10,-233,1026,-7185
alpha 0.005,3,27,-10,-243,1027,-7195
alpha 0.005,3,28,-10,-253,1028,-7205
alpha 0.005,3,29,-10,-263,1029,-7215
alpha 0.005,3,30,-10,-273,1030,-7225
alpha 0.005,3,31,-10,-283,1031,-7235
alpha 0.005,3,32,-8,-291,1032,-7243
alpha 0.005,3,33,-8,-299,1033,-7251
alpha 0.005,3,34,-8,-307,1034,-7259
alpha 0.005,3,35,-8,-315,1035,-7267
alpha 0.005,3,36,-8,-323,1036,-7275
alpha 0.005,3,37,-8,-331,1037,-7283
alpha 0.005,3,38,-8,-339,1038,-7291
alpha 0.005,3,39,-8,-347,1039,-7299
alpha 0.005,3,40,-8,-355,1040,-7307
alpha 0.005,3,41,-7,-362,1041,-7314
alpha 0.005,3,42,-7,-369,1042,-7321
alpha 0.005,3,43,-5,-374,1043,-7326
alpha 0.005,3,44,-5,-379,1044,-7331
alpha 0.005,3,45,-5,-384,1045,-7336
alpha 0.005,3,46,-5,-389,1046,-7341
alpha 0.005,3,47,-5,-394,1047,-7346
alpha 0.005,3,48,-5,-399,1048,-7351
alpha 0.005,3,49,-5,-404,1049,-7356
alpha 0.005,3,50,-5,-409,1050,-7361
alpha 0.005,3,51,-5,-414,1051,-7366
alpha 0.005,3,52,-5,-419,1052,-7371
alpha 0.005,3,53,-4,-423,1053,-7375
alpha 0.005,3,54,-3,-426,1054,-7378
alpha 0.005,3,55,-4,-430,1055,-7382
alpha 0.005,3,56,-4,-434,1056,-7386
alpha 0.005,3,57,-4,-438,1057,-7390
alpha 0.005,3,58,-4,-442,1058,-7394
alpha 0.005,3,59,-4,-446,1059,-7398
alpha 0.005,3,60,-4,-450,1060,-7402
alpha 0.005,3,61,-4,-454,1061,-7406
alpha 0.005,3,62,-4,-458,1062,-7410
alpha 0.005,3,63,-4,-462,1063,-7414
alpha 0.005,3,64,-4,-466,1064,-7418
alpha 0.005,3,65,-4,-470,1065,-7422
alpha 0.005,3,66,-4,-474,1066,-7426
alpha 0.005,3,67,-3,-477,1067,-7429
alpha 0.005,3,68,-3,-480,1068,-7432
alpha 0.005,3,69,-3,-483,1069,-7435
alpha 0.005,3,70,-3,-486,1070,-7438
alpha 0.005,3,71,-3,-489,1071,-7441
alpha 0.005,3,72,-3,-492,1072,-7444
alpha 0.005,3,73,-3,-495,1073,-7447
alpha 0.005,3,74,-2,-497,1074,-7449
alpha 0.005,3,75,-3,-500,1075,-7452
alpha 0.005,3,76,1,-499,1076,-7451
alpha 0.005,3,77,1,-498,1077,-7450
alpha 0.005,3,78,1,-497,1078,-7449
alpha 0.005,3,79,-1,-498,1079,-7450
alpha 0.005,3,80,-2,-500,1080,-7452
alpha 0.005,3,81,-3,-503,1081,-7455
alpha 0.005,3,82,-3,-506,1082,-7458
alpha 0.005,3,83,-3,-509,1083,-7461
alpha 0.005,3,84,-3,-512,1084,-7464
alpha 0.005,3,85,-3,-515,1085,-7467
alpha 0.005,3,86,-4,-519,1086,-7471
alpha 0.005,3,87,-4,-523,1087,-7475
alpha 0.005,3,88,-4,-527,1088,-7479
alpha 0.005,3,89,-3,-530,1089,-7482
alpha 0.005,3,90,-3,-533,1090,-7485
alpha 0.005,3,91,-4,-537,1091,-7489
alpha 0.005,3,92,-4,-541,1092,-7493
alpha 0.005,3,93,-4,-545,1093,-7497
alpha 0.005,3,94,-4,-549,1094,-7501
alpha 0.005,3,95,-4,-553,1095,-7505
alpha 0.005,3,96,-4,-557,1096,-7509
alpha 0.005,3,97,-4,-561,1097,-7513
alpha 0.005,3,98,-4,-565,1098,-7517
alpha 0.005,3,99,-5,-570,1099,-7522
alpha 0.005,3,100,-5,-575,1100,-7527
alpha 0.005,3,101,-5,-580,1101,-7532
alpha 0.005,3,102,-5,-585,1102,-7537
alpha 0.005,3,103,-5,-590,1103,-7542
alpha 0.005,3,104,-5,-595,1104,-7547
alpha 0.005,3,105,-5,-600,1105,-7552
alpha 0.005,3,106,-5,-605,1106,-7557
alpha 0.005,3,107,-5,-610,1107,-7562
alpha 0.005,3,108,-5,-615,1108,-7567
alpha 0.005,3,109,-5,-620,1109,-7572
alpha 0.005,3,110,-5,-625,1110,-7577
alpha 0.005,3,111,-8,-633,1111,-7585
alpha 0.005,3,112,-8,-641,1112,-7593
alpha 0.005,3,113,-8,-649,1113,-7601
alpha 0.005,3,114,-8,-657,1114,-7609
alpha 0.005,3,115,-8,-665,1115,-7617
alpha 0.005,3,116,-8,-673,1116,-7625
alpha 0.005,3,117,-8,-681,1117,-7633
alpha 0.005,3,118,-8,-689,1118,-7641
alpha 0.005,3,119,-8,-697,1119,-7649
alpha 0.005,3,120,-8,-705,1120,-7657
alpha 0.005,3,121,-8,-713,1121,-7665
alpha 0.005,3,122,-8,-721,1122,-7673
alpha 0.005,3,123,-10,-731,1123,-7683
alpha 0.005,3,124,-10,-741,1124,-7693
alpha 0.005,3,125,-10,-751,1125,-7703
alpha 0.005,3,126,-10,-761,1126,-7713
alpha 0.005,3,127,-10,-771,1127,-7723
alpha 0.005,3,128,-10,-781,1128,-7733
alpha 0.005,3,129,-10,-791,1129,-7743
alpha 0.005,3,130,-10,-801,1130,-7753
alpha 0.005,3,131,-10,-811,1131,-7763
alpha 0.005,3,132,-10,-821,1132,-7773
alpha 0.005,3,133,-10,-831,1133,-7783
alpha 0.005,3,134,-10,-841,1134,-7793
alpha 0.005,3,135,-10,-851,1135,-7803
alpha 0.005,3,136,-10,-861,1136,-7813
alpha 0.005,3,137,-10,-871,1137,-7823
alpha 0.005,3,138,-10,-881,1138,-7833
alpha 0.005,3,139,-10,-891,1139,-7843
alpha 0.005,3,140,-10,-901,1140,-7853
alpha 0.005,3,141,-10,-911,1141,-7863
alpha 0.005,3,142,-10,-921,1142,-7873
alpha 0.005,3,143,-10,-931,1143,-7883
alpha 0.005,3,144,-10,-941,1144,-7893
alpha 0.005,3,145,-10,-951,1145,-7903
alpha 0.005,3,146,-10,-961,1146,-7913
alpha 0.005,3,147,-10,-971,1147,-7923
alpha 0.005,3,148,-10,-981,1148,-7933
alpha 0.005,3,149,-10,-991,1149,-7943
alpha 0.005,3,150,-10,-1001,1150,-7953
alpha 0.005,3,151,-10,-1011,1151,-7963
alpha 0.005,3,152,-10,-1021,1152,-7973
alpha 0.005,3,153,-10,-1031,1153,-7983
alpha 0.005,3,154,-10,-1041,1154,-7993
alpha 0.005,3,155,-10,-1051,1155,-8003
alpha 0.005,3,156,-10,-1061,1156,-8013
alpha 0.005,3,157,-10,-1071,1157,-8023
alpha 0.005,3,158,-10,-1081,1158,-8033
alpha 0.005,3,159,-10,-1091,1159,-8043
alpha 0.005,3,160,-10,-1101,1160,-8053
alpha 0.005,3,161,-10,-1111,1161,-8063
alpha 0.005,3,162,-10,-1121,1162,-8073
alpha 0.005,3,163,-10,-1131,1163,-8083
alpha 0.005,3,164,-10,-1141,1164,-8093
alpha 0.005,3,165,-8,-1149,1165,-8101
alpha 0.005,3,166,-8,-1157,1166,-8109
alpha 0.005,3,167,-8,-1165,1167,-8117
alpha 0.005,3,168,-8,-1173,1168,-8125
alpha 0.005,3,169,-8,-1181,1169,-8133
alpha 0.005,3,170,-8,-1189,1170,-8141
alpha 0.005,3,171,-8,-1197,1171,-8149
alpha 0.005,3,172,-8,-1205,1172,-8157
alpha 0.005,3,173,-8,-1213,1173,-8165
alpha 0.005,3,174,-8,-1221,1174,-8173
alpha 0.005,3,175,-8,-1229,1175,-8181
alpha 0.005,3,176,-8,-1237,1176,-8189
alpha 0.005,3,177,-7,-1244,1177,-8196
alpha 0.005,3,178,-7,-1251,1178,-8203
alpha 0.005,3,179,-7,-1258,1179,-8210
alpha 0.005,3,180,-7,-1265,1180,-8217
alpha 0.005,3,181,-7,-1272,1181,-8224
alpha 0.005,3,182,-7,-1279,1182,-8231
alpha 0.005,3,183,-7,-1286,1183,-8238
alpha 0.005,3,184,-7,-1293,1184,-8245
alpha 0.005,3,185,-7,-1300,1185,-8252
alpha 0.005,3,186,-7,-1307,1186,-8259
alpha 0.005,3,187,-7,-1314,1187,-8266
alpha 0.005,3,188,-7,-1321,1188,-8273
alpha 0.005,3,189,-7,-1328,1189,-8280
alpha 0.005,3,190,-7,-1335,1190,-8287
alpha 0.005,3,191,-7,-1342,1191,-8294
alpha 0.005,3,192,-6,-1348,1192,-8300
alpha 0.005,3,193,-6,-1354,1193,-8306
alpha 0.005,3,194,-6,-1360,1194,-8312
alpha 0.005,3,195,-5,-1365,1195,-8317
alpha 0.005,3,196,-5,-1370,1196,-8322
alpha 0.005,3,197,-5,-1375,1197,-8327
alpha 0.005,3,198,-5,-1380,1198,-8332
alpha 0.005,3,199,-5,-1385,1199,-8337
alpha 0.005,3,200,-5,-1390,1200,-8342
alpha 0.005,3,201,-5,-1395,1201,-8347
alpha 0.005,3,202,-5,-1400,1202,-8352
alpha 0.005,3,203,-5,-1405,1203,-8357
alpha 0.005,3,204,-5,-1410,1204,-8362
alpha 0.005,3,205,-5,-1415,1205,-8367
alpha 0.005,3,206,-5,-1420,1206,-8372
alpha 0.005,3,207,-5,-1425,1207,-8377
alpha 0.005,3,208,-5,-1430,1208,-8382
alpha 0.005,3,209,-5,-1435,1209,-8387
alpha 0.005,3,210,-5,-1440,1210,-8392
alpha 0.005,3,211,-6,-1446,1211,-8398
alpha 0.005,3,212,-6,-1452,1212,-8404
alpha 0.005,3,213,-6,-1458,1213,-8410
alpha 0.005,3,214,-6,-1464,1214,-8416
alpha 0.005,3,215,-6,-1470,1215,-8422
alpha 0.005,3,216,-7,-1477,1216,-8429
alpha 0.005,3,217,-7,-1484,1217,-8436
alpha 0.005,3,218,-7,-1491,1218,-8443
alpha 0.005,3,219,-7,-1498,1219,-8450
alpha 0.005,3,220,-7,-1505,1220,-8457
alpha 0.005,3,221,-7,-1512,1221,-8464
alpha 0.005,3,222,-7,-1519,1222,-8471
alpha 0.005,3,223,-7,-1526,1223,-8478
alpha 0.005,3,224,-7,-1533,1224,-8485
alpha 0.005,3,225,-7,-1540,1225,-8492
alpha 0.005,3,226,-7,-1547,1226,-8499
alpha 0.005,3,227,-7,-1554,1227,-8506
alpha 0.005,3,228,-7,-1561,1228,-8513
alpha 0.005,3,229,-7,-1568,1229,-8520
alpha 0.005,3,230,-7,-1575,1230,-8527
alpha 0.005,3,231,-7,-1582,1231,-8534
alpha 0.005,3,232,-7,-1589,1232,-8541
alpha 0.005,3,233,-8,-1597,1233,-8549
alpha 0.005,3,234,-8,-1605,1234,-8557
alpha 0.005,3,235,-8,-1613,1235,-8565
alpha 0.005,3,236,-8,-1621,1236,-8573
alpha 0.005,3,237,-8,-1629,1237,-8581
alpha 0.005,3,238,-8,-1637,1238,-8589
alpha 0.005,3,239,-8,-1645,1239,-8597
alpha 0.005,3,240,-8,-1653,1240,-8605
alpha 0.005,3,241,-8,-1661,1241,-8613
alpha 0.005,3,242,-8,-1669,1242,-8621
alpha 0.005,3,243,-8,-1677,1243,-8629
alpha 0.005,3,244,-8,-1685,1244,-8637
alpha 0.005,3,245,-8,-1693,1245,-8645
alpha 0.005,3,246,-8,-1701,1246,-8653
alpha 0.005,3,247,-8,-1709,1247,-8661
alpha 0.005,3,248,-8,-1717,1248,-8669
alpha 0.005,3,249,-8,-1725,1249,-8677
alpha 0.005,3,250,-8,-1733,1250,-8685
alpha 0.005,3,251,-10,-1743,1251,-8695
alpha 0.005,3,252,-8,-1751,1252,-8703
alpha 0.005,3,253,-8,-1759,1253,-8711
alpha 0.005,3,254,-8,-1767,1254,-8719
alpha 0.005,3,255,-8,-1775,1255,-8727
alpha 0.005,3,256,-8,-1783,1256,-8735
alpha 0.005,3,257,-8,-1791,1257,-8743
alpha 0.005,3,258,-8,-1799,1258,-8751
alpha 0.005,3,259,-8,-1807,1259,-8759
alpha 0.005,3,260,-8,-1815,1260,-8767
alpha 0.005,3,261,-8,-1823,1261,-8775
alpha 0.005,3,262,-8,-1831,1262,-8783
alpha 0.005,3,263,-8,-1839,1263,-8791
alpha 0.005,3,264,-8,-1847,1264,-8799
alpha 0.005,3,265,-8,-1855,1265,-8807
alpha 0.005,3,266,-8,-1863,1266,-8815
alpha 0.005,3,267,-8,-1871,1267,-8823
alpha 0.005,3,268,-8,-1879,1268,-8831
alpha 0.005,3,269,-8,-1887,1269,-8839
alpha 0.005,3,270,-8,-1895,1270,-8847
alpha 0.005,3,271,-8,-1903,1271,-8855
alpha 0.005,3,272,-8,-1911,1272,-8863
alpha 0.005,3,273,-8,-1919,1273,-8871
alpha 0.005,3,274,-8,-1927,1274,-8879
alpha 0.005,3,275,-8,-1935,1275,-8887
alpha 0.005,3,276,-8,-1943,1276,-8895
alpha 0.005,3,277,-8,-1951,1277,-8903
alpha 0.005,3,278,-8,-1959,1278,-8911
alpha 0.005,3,279,-8,-1967,1279,-8919
alpha 0.005,3,280,-8,-1975,1280,-8927
alpha 0.005,3,281,-6,-1981,1281,-8933
alpha 0.005,3,282,-6,-1987,1282,-8939
alpha 0.005,3,283,-6,-1993,1283,-8945
alpha 0.005,3,284,-5,-1998,1284,-8950
alpha 0.005,3,285,-5,-2003,1285,-8955
alpha 0.005,3,286,-5,-2008,1286,-8960
alpha 0.005,3,287,-5,-2013,1287,-8965
alpha 0.005,3,288,-5,-2018,1288,-8970
alpha 0.005,3,289,-5,-2023,1289,-8975
alpha 0.005,3,290,-5,-2028,1290,-8980
alpha 0.005,3,291,-5,-2033,1291,-8985
alpha 0.005,3,292,-5,-2038,1292,-8990
alpha 0.005,3,293,-5,-2043,1293,-8995
alpha 0.005,3,294,-5,-2048,1294,-9000
alpha 0.005,3,295,-5,-2053,1295,-9005
alpha 0.005,3,296,-5,-2058,1296,-9010
alpha 0.005,3,297,-5,-2063,1297,-9015
alpha 0.005,3,298,-5,-2068,1298,-9020
alpha 0.005,3,299,-5,-2073,1299,-9025
alpha 0.005,3,300,-5,-2078,1300,-9030
alpha 0.005,3,301,-5,-2083,1301,-9035
alpha 0.005,3,302,-5,-2088,1302,-9040
alpha 0.005,3,303,-5,-2093,1303,-9045
alpha 0.005,3,304,-4,-2097,1304,-9049
alpha 0.005,3,305,-3,-2100,1305,-9052
alpha 0.005,3,306,-3,-2103,1306,-9055
alpha 0.005,3,307,-3,-2106,1307,-9058
alpha 0.005,3,308,-3,-2109,1308,-9061
alpha 0.005,3,309,-3,-2112,1309,-9064
alpha 0.005,3,310,-3,-2115,1310,-9067
alpha 0.005,3,311,-3,-2118,1311,-9070
alpha 0.005,3,312,-5,-2123,1312,-9075
alpha 0.005,3,313,-5,-2128,1313,-9080
alpha 0.005,3,314,-5,-2133,1314,-9085
alpha 0.005,3,315,-3,-2136,1315,-9088
alpha 0.005,3,316,-3,-2139,1316,-9091
alpha 0.005,3,317,-3,-2142,1317,-9094
alpha 0.005,3,318,-5,-2147,1318,-9099
alpha 0.005,3,319,-5,-2152,1319,-9104
alpha 0.005,3,320,-5,-2157,1320,-9109
alpha 0.005,3,321,-5,-2162,1321,-9114
alpha 0.005,3,322,-5,-2167,1322,-9119
alpha 0.005,3,323,-5,-2172,1323,-9124
alpha 0.005,3,324,-5,-2177,1324,-9129
alpha 0.005,3,325,-5,-2182,1325,-9134
alpha 0.005,3,326,-5,-2187,1326,-9139
alpha 0.005,3,327,-5,-2192,1327,-9144
alpha 0.005,3,328,-5,-2197,1328,-9149
alpha 0.005,3,329,-5,-2202,1329,-9154
alpha 0.005,3,330,-3,-2205,1330,-9157
alpha 0.005,3,331,-3,-2208,1331,-9160
alpha 0.005,3,332,-3,-2211,1332,-9163
alpha 0.005,3,333,-3,-2214,1333,-9166
alpha 0.005,3,334,-3,-2217,1334,-9169
alpha 0.005,3,335,-3,-2220,1335,-9172
alpha 0.005,3,336,-3,-2223,1336,-9175
alpha 0.005,3,337,-3,-2226,1337,-9178
alpha 0.005,3,338,-3,-2229,1338,-9181
alpha 0.005,3,339,-3,-2232,1339,-9184
alpha 0.005,3,340,-4,-2236,1340,-9188
alpha 0.005,3,341,-4,-2240,1341,-9192
alpha 0.005,3,342,-4,-2244,1342,-9196
alpha 0.005,3,343,-6,-2250,1343,-9202
alpha 0.005,3,344,-6,-2256,1344,-9208
alpha 0.005,3,345,-6,-2262,1345,-9214
alpha 0.005,3,346,-6,-2268,1346,-9220
alpha 0.005,3,347,-6,-2274,1347,-9226
alpha 0.005,3,348,-6,-2280,1348,-9232
alpha 0.005,3,349,-6,-2286,1349,-9238
alpha 0.005,3,350,-6,-2292,1350,-9244
alpha 0.005,3,351,-4,-2296,1351,-9248
alpha 0.005,3,352,-5,-2301,1352,-9253
alpha 0.005,3,353,-5,-2306,1353,-9258
alpha 0.005,3,354,-5,-2311,1354,-9263
alpha 0.005,3,355,-5,-2316,1355,-9268
alpha 0.005,3,356,-5,-2321,1356,-9273
alpha 0.005,3,357,-5,-2326,1357,-9278
alpha 0.005,3,358,-7,-2333,1358,-9285
alpha 0.005,3,359,-7,-2340,1359,-9292
alpha 0.005,3,360,-5,-2345,1360,-9297
alpha 0.005,3,361,-4,-2349,1361,-9301
alpha 0.005,3,362,-4,-2353,1362,-9305
alpha 0.005,3,363,-4,-2357,1363,-9309
alpha 0.005,3,364,-4,-2361,1364,-9313
alpha 0.005,3,365,-7,-2368,1365,-9320
alpha 0.005,3,366,-5,-2373,1366,-9325
alpha 0.005,3,367,-6,-2379,1367,-9331
alpha 0.005,3,368,-6,-2385,1368,-9337
alpha 0.005,3,369,-6,-2391,1369,-9343
alpha 0.005,3,370,-6,-2397,1370,-9349
alpha 0.005,3,371,-6,-2403,1371,-9355
alpha 0.005,3,372,-8,-2411,1372,-9363
alpha 0.005,3,373,-8,-2419,1373,-9371
alpha 0.005,3,374,-8,-2427,1374,-9379
alpha 0.005,3,375,-8,-2435,1375,-9387
alpha 0.005,3,376,-7,-2442,1376,-9394
alpha 0.005,3,377,-6,-2448,1377,-9400
alpha 0.005,3,378,-5,-2453,1378,-9405
alpha 0.005,3,379,-5,-2458,1379,-9410
alpha 0.005,3,380,-6,-2464,1380,-9416
alpha 0.005,3,381,-7,-2471,1381,-9423
alpha 0.005,3,382,-7,-2478,1382,-9430
alpha 0.005,3,383,-7,-2485,1383,-9437
alpha 0.005,3,384,-7,-2492,1384,-9444
alpha 0.005,3,385,-7,-2499,1385,-9451
alpha 0.005,3,386,-7,-2506,1386,-9458
alpha 0.005,3,387,-8,-2514,1387,-9466
alpha 0.005,3,388,-8,-2522,1388,-9474
alpha 0.005,3,389,-8,-2530,1389,-9482
alpha 0.005,3,390,-8,-2538,1390,-9490
alpha 0.005,3,391,-8,-2546,1391,-9498
alpha 0.005,3,392,-8,-2554,1392,-9506
alpha 0.005,3,393,-8,-2562,1393,-9514
alpha 0.005,3,394,-8,-2570,1394,-9522
alpha 0.005,3,395,-8,-2578,1395,-9530
alpha 0.005,3,396,-8,-2586,1396,-9538
alpha 0.005,3,397,-10,-2596,1397,-9548
alpha 0.005,3,398,-10,-2606,1398,-9558
alpha 0.005,3,399,-8,-2614,1399,-9566
alpha 0.005,3,400,-8,-2622,1400,-9574
alpha 0.005,3,401,-8,-2630,1401,-9582
alpha 0.005,3,402,-8,-2638,1402,-9590
alpha 0.005,3,403,-8,-2646,1403,-9598
alpha 0.005,3,404,-8,-2654,1404,-9606
alpha 0.005,3,405,-10,-2664,1405,-9616
alpha 0.005,3,406,-10,-2674,1406,-9626
alpha 0.005,3,407,-10,-2684,1407,-9636
alpha 0.005,3,408,-10,-2694,1408,-9646
alpha 0.005,3,409,-10,-2704,1409,-9656
alpha 0.005,3,410,-10,-2714,1410,-9666
alpha 0.005,3,411,-10,-2724,1411,-9676
alpha 0.005,3,412,-10,-2734,1412,-9686
alpha 0.005,3,413,-10,-2744,1413,-9696
alpha 0.005,3,414,-10,-2754,1414,-9706
alpha 0.005,3,415,-10,-2764,1415,-9716
alpha 0.005,3,416,-10,-2774,1416,-9726
alpha 0.005,3,417,-10,-2784,1417,-9736
alpha 0.005,3,418,-10,-2794,1418,-9746
alpha 0.005,3,419,-10,-2804,1419,-9756
alpha 0.005,3,420,-10,-2814,1420,-9766
alpha 0.005,3,421,-10,-2824,1421,-9776
alpha 0.005,3,422,-10,-2834,1422,-9786
alpha 0.005,3,423,-10,-2844,1423,-9796
alpha 0.005,3,424,-10,-2854,1424,-9806
alpha 0.005,3,425,-10,-2864,1425,-9816
alpha 0.005,3,426,-10,-2874,1426,-9826
alpha 0.005,3,427,-10,-2884,1427,-9836
alpha 0.005,3,428,-10,-2894,1428,-9846
alpha 0.005,3,429,-10,-2904,1429,-9856
alpha 0.005,3,430,-10,-2914,1430,-9866
alpha 0.005,3,431,-10,-2924,1431,-9876
alpha 0.005,3,432,-10,-2934,1432,-9886
alpha 0.005,3,433,-10,-2944,1433,-9896
alpha 0.005,3,434,-10,-2954,1434,-9906
alpha 0.005,3,435,-10,-2964,1435,-9916
alpha 0.005,3,436,-10,-2974,1436,-9926
alpha 0.005,3,437,-10,-2984,1437,-9936
alpha 0.005,3,438,-10,-2994,1438,-9946
alpha 0.005,3,439,-10,-3004,1439,-9956
alpha 0.005,3,440,-10,-3014,1440,-9966
alpha 0.005,3,441,-10,-3024,1441,-9976
alpha 0.005,3,442,-10,-3034,1442,-9986
alpha 0.005,3,443,-10,-3044,1443,-9996
alpha 0.005,3,444,-10,-3054,1444,-10006
alpha 0.005,3,445,-10,-3064,1445,-10016
alpha 0.005,3,446,-10,-3074,1446,-10026
alpha 0.005,3,447,-10,-3084,1447,-10036
alpha 0.005,3,448,-10,-3094,1448,-10046
alpha 0.005,3,449,-10,-3104,1449,-10056
alpha 0.005,3,450,-8,-3112,1450,-10064
alpha 0.005,3,451,-8,-3120,1451,-10072
alpha 0.005,3,452,-8,-3128,1452,-10080
alpha 0.005,3,453,-8,-3136,1453,-10088
alpha 0.005,3,454,-8,-3144,1454,-10096
alpha 0.005,3,455,-7,-3151,1455,-10103
alpha 0.005,3,456,-7,-3158,1456,-10110
alpha 0.005,3,457,-7,-3165,1457,-10117
alpha 0.005,3,458,-7,-3172,1458,-10124
alpha 0.005,3,459,-7,-3179,1459,-10131
alpha 0.005,3,460,-6,-3185,1460,-10137
alpha 0.005,3,461,-5,-3190,1461,-10142
alpha 0.005,3,462,-5,-3195,1462,-10147
alpha 0.005,3,463,-5,-3200,1463,-10152
alpha 0.005,3,464,-5,-3205,1464,-10157
alpha 0.005,3,465,-5,-3210,1465,-10162
alpha 0.005,3,466,-5,-3215,1466,-10167
alpha 0.005,3,467,-6,-3221,1467,-10173
alpha 0.005,3,468,-6,-3227,1468,-10179
alpha 0.005,3,469,-7,-3234,1469,-10186
alpha 0.005,3,470,-7,-3241,1470,-10193
alpha 0.005,3,471,-7,-3248,1471,-10200
alpha 0.005,3,472,-7,-3255,1472,-10207
alpha 0.005,3,473,-8,-3263,1473,-10215
alpha 0.005,3,474,-8,-3271,1474,-10223
alpha 0.005,3,475,-8,-3279,1475,-10231
alpha 0.005,3,476,-8,-3287,1476,-10239
alpha 0.005,3,477,-10,-3297,1477,-10249
alpha 0.005,3,478,-10,-3307,1478,-10259
alpha 0.005,3,479,-10,-3317,1479,-10269
alpha 0.005,3,480,-10,-3327,1480,-10279
alpha 0.005,3,481,-10,-3337,1481,-10289
alpha 0.005,3,482,-10,-3347,1482,-10299
alpha 0.005,3,483,-10,-3357,1483,-10309
alpha 0.005,3,484,-10,-3367,1484,-10319
alpha 0.005,3,485,-10,-3377,1485,-10329
alpha 0.005,3,486,-10,-3387,1486,-10339
alpha 0.005,3,487,-10,-3397,1487,-10349
alpha 0.005,3,488,-10,-3407,1488,-10359
alpha 0.005,3,489,-10,-3417,1489,-10369
alpha 0.005,3,490,-10,-3427,1490,-10379
alpha 0.005,3,491,-10,-3437,1491,-10389
alpha 0.005,3,492,-10,-3447,1492,-10399
alpha 0.005,3,493,-10,-3457,1493,-10409
alpha 0.005,3,494,-10,-3467,1494,-10419
alpha 0.005,3,495,-10,-3477,1495,-10429
alpha 0.005,3,496,-10,-3487,1496,-10439
alpha 0.005,3,497,-10,-3497,1497,-10449
alpha 0.005,3,498,-10,-3507,1498,-10459
alpha 0.005,3,499,-10,-3517,1499,-10469
alpha 0.005,3,500,-10,-3527,1500,-10479
alpha 0.005,4,1,4,4,1501,-10475
alpha 0.005,4,2,2,6,1502,-10473
alpha 0.005,4,3,1,7,1503,-10472
alpha 0.005,4,4,-2,5,1504,-10474
alpha 0.005,4,5,-3,2,1505,-10477
alpha 0.005,4,6,-7,-5,1506,-10484
alpha 0.005,4,7,-8,-13,1507,-10492
alpha 0.005,4,8,-8,-21,1508,-10500
alpha 0.005,4,9,-10,-31,1509,-10510
alpha 0.005,4,10,-10,-41,1510,-10520
alpha 0.005,4,11,-10,-51,1511,-10530
alpha 0.005,4,12,-10,-61,1512,-10540
alpha 0.005,4,13,-10,-71,1513,-10550
alpha 0.005,4,14,-8,-79,1514,-10558
alpha 0.005,4,15,-8,-87,1515,-10566
alpha 0.005,4,16,-8,-95,1516,-10574
alpha 0.005,4,17,-8,-103,1517,-10582
alpha 0.005,4,18,-8,-111,1518,-10590
alpha 0.005,4,19,-8,-119,1519,-10598
alpha 0.005,4,20,-8,-127,1520,-10606
alpha 0.005,4,21,-8,-135,1521,-10614
alpha 0.005,4,22,-8,-143,1522,-10622
alpha 0.005,4,23,-7,-150,1523,-10629
alpha 0.005,4,24,-7,-157,1524,-10636
alpha 0.005,4,25,-7,-164,1525,-10643
alpha 0.005,4,26,-7,-171,1526,-10650
alpha 0.005,4,27,-7,-178,1527,-10657
alpha 0.005,4,28,-7,-185,1528,-10664
alpha 0.005,4,29,-7,-192,1529,-10671
alpha 0.005,4,30,-8,-200,1530,-10679
alpha 0.005,4,31,-8,-208,1531,-10687
alpha 0.005,4,32,-8,-216,1532,-10695
alpha 0.005,4,33,-7,-223,1533,-10702
alpha 0.005,4,34,-7,-230,1534,-10709
alpha 0.005,4,35,-7,-237,1535,-10716
alpha 0.005,4,36,-7,-244,1536,-10723
alpha 0.005,4,37,-7,-251,1537,-10730
alpha 0.005,4,38,-7,-258,1538,-10737
alpha 0.005,4,39,-7,-265,1539,-10744
alpha 0.005,4,40,-7,-272,1540,-10751
alpha 0.005,4,41,-7,-279,1541,-10758
alpha 0.005,4,42,-7,-286,1542,-10765
alpha 0.005,4,43,-7,-293,1543,-10772
alpha 0.005,4,44,-7,-300,1544,-10779
alpha 0.005,4,45,-5,-305,1545,-10784
alpha 0.005,4,46,-5,-310,1546,-10789
alpha 0.005,4,47,-5,-315,1547,-10794
alpha 0.005,4,48,-5,-320,1548,-10799
alpha 0.005,4,49,-5,-325,1549,-10804
alpha 0.005,4,50,-5,-330,1550,-10809
alpha 0.005,4,51,-5,-335,1551,-10814
alpha 0.005,4,52,-5,-340,1552,-10819
alpha 0.005,4,53,-5,-345,1553,-10824
alpha 0.005,4,54,-5,-350,1554,-10829
alpha 0.005,4,55,-5,-355,1555,-10834
alpha 0.005,4,56,-5,-360,1556,-10839
alpha 0.005,4,57,-5,-365,1557,-10844
alpha 0.005,4,58,-4,-369,1558,-10848
alpha 0.005,4,59,-4,-373,1559,-10852
alpha 0.005,4,60,-4,-377,1560,-10856
alpha 0.005,4,61,-3,-380,1561,-10859
alpha 0.005,4,62,-2,-382,1562,-10861
alpha 0.005,4,63,-2,-384,1563,-10863
alpha 0.005,4,64,-3,-387,1564,-10866
alpha 0.005,4,65,-1,-388,1565,-10867
alpha 0.005,4,66,2,-386,1566,-10865
alpha 0.005,4,67,1,-385,1567,-10864
alpha 0.005,4,68,-3,-388,1568,-10867
alpha 0.005,4,69,-2,-390,1569,-10869
alpha 0.005,4,70,1,-389,1570,-10868
alpha 0.005,4,71,-1,-390,1571,-10869
alpha 0.005,4,72,-3,-393,1572,-10872
alpha 0.005,4,73,-3,-396,1573,-10875
alpha 0.005,4,74,-4,-400,1574,-10879
alpha 0.005,4,75,-4,-404,1575,-10883
alpha 0.005,4,76,-2,-406,1576,-10885
alpha 0.005,4,77,-3,-409,1577,-10888
alpha 0.005,4,78,-5,-414,1578,-10893
alpha 0.005,4,79,-5,-419,1579,-10898
alpha 0.005,4,80,-5,-424,1580,-10903
alpha 0.005,4,81,-5,-429,1581,-10908
alpha 0.005,4,82,-5,-434,1582,-10913
alpha 0.005,4,83,-5,-439,1583,-10918
alpha 0.005,4,84,-5,-444,1584,-10923
alpha 0.005,4,85,-5,-449,1585,-10928
alpha 0.005,4,86,-5,-454,1586,-10933
alpha 0.005,4,87,-5,-459,1587,-10938
alpha 0.005,4,88,-5,-464,1588,-10943
alpha 0.005,4,89,-5,-469,1589,-10948
alpha 0.005,4,90,-5,-474,1590,-10953
alpha 0.005,4,91,-5,-479,1591,-10958
alpha 0.005,4,92,-5,-484,1592,-10963
alpha 0.005,4,93,-5,-489,1593,-10968
alpha 0.005,4,94,-5,-494,1594,-10973
alpha 0.005,4,95,-5,-499,1595,-10978
alpha 0.005,4,96,-5,-504,1596,-10983
alpha 0.005,4,97,-5,-509,1597,-10988
alpha 0.005,4,98,-5,-514,1598,-10993
alpha 0.005,4,99,-5,-519,1599,-10998
alpha 0.005,4,100,-5,-524,1600,-11003
alpha 0.005,4,101,-5,-529,1601,-11008
alpha 0.005,4,102,-5,-534,1602,-11013
alpha 0.005,4,103,-5,-539,1603,-11018
alpha 0.005,4,104,-5,-544,1604,-11023
alpha 0.005,4,105,-5,-549,1605,-11028
alpha 0.005,4,106,-5,-554,1606,-11033
alpha 0.005,4,107,-5,-559,1607,-11038
alpha 0.005,4,108,-5,-564,1608,-11043
alpha 0.005,4,109,-5,-569,1609,-11048
alpha 0.005,4,110,-5,-574,1610,-11053
alpha 0.005,4,111,-6,-580,1611,-11059
alpha 0.005,4,112,-6,-586,1612,-11065
alpha 0.005,4,113,-6,-592,1613,-11071
alpha 0.005,4,114,-6,-598,1614,-11077
alpha 0.005,4,115,-6,-604,1615,-11083
alpha 0.005,4,116,-6,-610,1616,-11089
alpha 0.005,4,117,-6,-616,1617,-11095
alpha 0.005,4,118,-7,-623,1618,-11102
alpha 0.005,4,119,-7,-630,1619,-11109
alpha 0.005,4,120,-7,-637,1620,-11116
alpha 0.005,4,121,-7,-644,1621,-11123
alpha 0.005,4,122,-7,-651,1622,-11130
alpha 0.005,4,123,-7,-658,1623,-11137
alpha 0.005,4,124,-7,-665,1624,-11144
alpha 0.005,4,125,-7,-672,1625,-11151
alpha 0.005,4,126,-7,-679,1626,-11158
alpha 0.005,4,127,-7,-686,1627,-11165
alpha 0.005,4,128,-7,-693,1628,-11172
alpha 0.005,4,129,-7,-700,1629,-11179
alpha 0.005,4,130,-8,-708,1630,-11187
alpha 0.005,4,131,-8,-716,1631,-11195
alpha 0.005,4,132,-8,-724,1632,-11203
alpha 0.005,4,133,-8,-732,1633,-11211
alpha 0.005,4,134,-8,-740,1634,-11219
alpha 0.005,4,135,-8,-748,1635,-11227
alpha 0.005,4,136,-10,-758,1636,-11237
alpha 0.005,4,137,-10,-768,1637,-11247
alpha 0.005,4,138,-10,-778,1638,-11257
alpha 0.005,4,139,-10,-788,1639,-11267
alpha 0.005,4,140,-10,-798,1640,-11277
alpha 0.005,4,141,-10,-808,1641,-11287
alpha 0.005,4,142,-10,-818,1642,-11297
alpha 0.005,4,143,-10,-828,1643,-11307
alpha 0.005,4,144,-10,-838,1644,-11317
alpha 0.005,4,145,-10,-848,1645,-11327
alpha 0.005,4,146,-10,-858,1646,-11337
alpha 0.005,4,147,-10,-868,1647,-11347
alpha 0.005,4,148,-10,-878,1648,-11357
alpha 0.005,4,149,-10,-888,1649,-11367
alpha 0.005,4,150,-10,-898,1650,-11377
alpha 0.005,4,151,-10,-908,1651,-11387
alpha 0.005,4,152,-8,-916,1652,-11395
alpha 0.005,4,153,-8,-924,1653,-11403
alpha 0.005,4,154,-8,-932,1654,-11411
alpha 0.005,4,155,-8,-940,1655,-11419
alpha 0.005,4,156,-8,-948,1656,-11427
alpha 0.005,4,157,-8,-956,1657,-11435
alpha 0.005,4,158,-7,-963,1658,-11442
alpha 0.005,4,159,-7,-970,1659,-11449
alpha 0.005,4,160,-7,-977,1660,-11456
alpha 0.005,4,161,-7,-984,1661,-11463
alpha 0.005,4,162,-7,-991,1662,-11470
alpha 0.005,4,163,-7,-998,1663,-11477
alpha 0.005,4,164,-7,-1005,1664,-11484
alpha 0.005,4,165,-7,-1012,1665,-11491
alpha 0.005,4,166,-7,-1019,1666,-11498
alpha 0.005,4,167,-7,-1026,1667,-11505
alpha 0.005,4,168,-7,-1033,1668,-11512
alpha 0.005,4,169,-7,-1040,1669,-11519
alpha 0.005,4,170,-5,-1045,1670,-11524
alpha 0.005,4,171,-5,-1050,1671,-11529
alpha 0.005,4,172,-4,-1054,1672,-11533
alpha 0.005,4,173,-4,-1058,1673,-11537
alpha 0.005,4,174,-4,-1062,1674,-11541
alpha 0.005,4,175,-2,-1064,1675,-11543
alpha 0.005,4,176,-2,-1066,1676,-11545
alpha 0.005,4,177,-2,-1068,1677,-11547
alpha 0.005,4,178,-3,-1071,1678,-11550
alpha 0.005,4,179,-4,-1075,1679,-11554
alpha 0.005,4,180,-4,-1079,1680,-11558
alpha 0.005,4,181,-5,-1084,1681,-11563
alpha 0.005,4,182,-7,-1091,1682,-11570
alpha 0.005,4,183,-8,-1099,1683,-11578
alpha 0.005,4,184,-8,-1107,1684,-11586
alpha 0.005,4,185,-10,-1117,1685,-11596
alpha 0.005,4,186,-10,-1127,1686,-11606
alpha 0.005,4,187,-10,-1137,1687,-11616
alpha 0.005,4,188,-10,-1147,1688,-11626
alpha 0.005,4,189,-10,-1157,1689,-11636
alpha 0.005,4,190,-10,-1167,1690,-11646
alpha 0.005,4,191,-10,-1177,1691,-11656
alpha 0.005,4,192,-10,-1187,1692,-11666
alpha 0.005,4,193,-10,-1197,1693,-11676
alpha 0.005,4,194,-10,-1207,1694,-11686
alpha 0.005,4,195,-10,-1217,1695,-11696
alpha 0.005,4,196,-10,-1227,1696,-11706
alpha 0.005,4,197,-10,-1237,1697,-11716
alpha 0.005,4,198,-10,-1247,1698,-11726
alpha 0.005,4,199,-10,-1257,1699,-11736
alpha 0.005,4,200,-7,-1264,1700,-11743
alpha 0.005,4,201,-7,-1271,1701,-11750
alpha 0.005,4,202,-7,-1278,1702,-11757
alpha 0.005,4,203,-7,-1285,1703,-11764
alpha 0.005,4,204,-6,-1291,1704,-11770
alpha 0.005,4,205,-5,-1296,1705,-11775
alpha 0.005,4,206,-5,-1301,1706,-11780
alpha 0.005,4,207,-5,-1306,1707,-11785
alpha 0.005,4,208,-5,-1311,1708,-11790
alpha 0.005,4,209,-5,-1316,1709,-11795
alpha 0.005,4,210,-5,-1321,1710,-11800
alpha 0.005,4,211,-5,-1326,1711,-11805
alpha 0.005,4,212,-5,-1331,1712,-11810
alpha 0.005,4,213,-5,-1336,1713,-11815
alpha 0.005,4,214,-5,-1341,1714,-11820
alpha 0.005,4,215,-5,-1346,1715,-11825
alpha 0.005,4,216,-5,-1351,1716,-11830
alpha 0.005,4,217,-5,-1356,1717,-11835
alpha 0.005,4,218,-5,-1361,1718,-11840
alpha 0.005,4,219,-5,-1366,1719,-11845
alpha 0.005,4,220,-5,-1371,1720,-11850
alpha 0.005,4,221,-5,-1376,1721,-11855
alpha 0.005,4,222,-5,-1381,1722,-11860
alpha 0.005,4,223,-5,-1386,1723,-11865
alpha 0.005,4,224,-5,-1391,1724,-11870
alpha 0.005,4,225,-5,-1396,1725,-11875
alpha 0.005,4,226,-5,-1401,1726,-11880
alpha 0.005,4,227,-5,-1406,1727,-11885
alpha 0.005,4,228,-5,-1411,1728,-11890
alpha 0.005,4,229,-5,-1416,1729,-11895
alpha 0.005,4,230,-5,-1421,1730,-11900
alpha 0.005,4,231,-5,-1426,1731,-11905
alpha 0.005,4,232,-5,-1431,1732,-11910
alpha 0.005,4,233,-5,-1436,1733,-11915
alpha 0.005,4,234,-5,-1441,1734,-11920
alpha 0.005,4,235,-5,-1446,1735,-11925
alpha 0.005,4,236,-5,-1451,1736,-11930
alpha 0.005,4,237,-5,-1456,1737,-11935
alpha 0.005,4,238,-5,-1461,1738,-11940
alpha 0.005,4,239,-5,-1466,1739,-11945
alpha 0.005,4,240,-5,-1471,1740,-11950
alpha 0.005,4,241,-5,-1476,1741,-11955
alpha 0.005,4,242,-5,-1481,1742,-11960
alpha 0.005,4,243,-5,-1486,1743,-11965
alpha 0.005,4,244,-5,-1491,1744,-11970
alpha 0.005,4,245,-5,-1496,1745,-11975
alpha 0.005,4,246,-5,-1501,1746,-11980
alpha 0.005,4,247,-5,-1506,1747,-11985
alpha 0.005,4,248,-5,-1511,1748,-11990
alpha 0.005,4,249,-5,-1516,1749,-11995
alpha 0.005,4,250,-5,-1521,1750,-12000
alpha 0.005,4,251,-5,-1526,1751,-12005
alpha 0.005,4,252,-5,-1531,1752,-12010
alpha 0.005,4,253,-5,-1536,1753,-12015
alpha 0.005,4,254,-5,-1541,1754,-12020
alpha 0.005,4,255,-5,-1546,1755,-12025
alpha 0.005,4,256,-5,-1551,1756,-12030
alpha 0.005,4,257,-3,-1554,1757,-12033
alpha 0.005,4,258,-3,-1557,1758,-12036
alpha 0.005,4,259,-3,-1560,1759,-12039
alpha 0.005,4,260,-3,-1563,1760,-12042
alpha 0.005,4,261,-3,-1566,1761,-12045
alpha 0.005,4,262,-3,-1569,1762,-12048
alpha 0.005,4,263,-3,-1572,1763,-12051
alpha 0.005,4,264,-3,-1575,1764,-12054
alpha 0.005,4,265,-3,-1578,1765,-12057
alpha 0.005,4,266,-3,-1581,1766,-12060
alpha 0.005,4,267,-2,-1583,1767,-12062
alpha 0.005,4,268,-2,-1585,1768,-12064
alpha 0.005,4,269,-2,-1587,1769,-12066
alpha 0.005,4,270,-2,-1589,1770,-12068
alpha 0.005,4,271,-2,-1591,1771,-12070
alpha 0.005,4,272,-2,-1593,1772,-12072
alpha 0.005,4,273,-2,-1595,1773,-12074
alpha 0.005,4,274,-2,-1597,1774,-12076
alpha 0.005,4,275,-2,-1599,1775,-12078
alpha 0.005,4,276,-2,-1601,1776,-12080
alpha 0.005,4,277,-2,-1603,1777,-12082
alpha 0.005,4,278,-2,-1605,1778,-12084
alpha 0.005,4,279,-2,-1607,1779,-12086
alpha 0.005,4,280,-2,-1609,1780,-12088
alpha 0.005,4,281,-1,-1610,1781,-12089
alpha 0.005,4,282,-1,-1611,1782,-12090
alpha 0.005,4,283,1,-1610,1783,-12089
alpha 0.005,4,284,1,-1609,1784,-12088
alpha 0.005,4,285,1,-1608,1785,-12087
alpha 0.005,4,286,1,-1607,1786,-12086
alpha 0.005,4,287,1,-1606,1787,-12085
alpha 0.005,4,288,1,-1605,1788,-12084
alpha 0.005,4,289,2,-1603,1789,-12082
alpha 0.005,4,290,2,-1601,1790,-12080
alpha 0.005,4,291,2,-1599,1791,-12078
alpha 0.005,4,292,2,-1597,1792,-12076
alpha 0.005,4,293,4,-1593,1793,-12072
alpha 0.005,4,294,4,-1589,1794,-12068
alpha 0.005,4,295,4,-1585,1795,-12064
alpha 0.005,4,296,4,-1581,1796,-12060
alpha 0.005,4,297,4,-1577,1797,-12056
alpha 0.005,4,298,2,-1575,1798,-12054
alpha 0.005,4,299,2,-1573,1799,-12052
alpha 0.005,4,300,2,-1571,1800,-12050
alpha 0.005,4,301,2,-1569,1801,-12048
alpha 0.005,4,302,1,-1568,1802,-12047
alpha 0.005,4,303,-1,-1569,1803,-12048
alpha 0.005,4,304,-2,-1571,1804,-12050
alpha 0.005,4,305,-3,-1574,1805,-12053
alpha 0.005,4,306,-3,-1577,1806,-12056
alpha 0.005,4,307,-4,-1581,1807,-12060
alpha 0.005,4,308,-4,-1585,1808,-12064
alpha 0.005,4,309,-4,-1589,1809,-12068
alpha 0.005,4,310,-4,-1593,1810,-12072
alpha 0.005,4,311,-4,-1597,1811,-12076
alpha 0.005,4,312,-4,-1601,1812,-12080
alpha 0.005,4,313,-4,-1605,1813,-12084
alpha 0.005,4,314,-4,-1609,1814,-12088
alpha 0.005,4,315,-4,-1613,1815,-12092
alpha 0.005,4,316,-4,-1617,1816,-12096
alpha 0.005,4,317,-4,-1621,1817,-12100
alpha 0.005,4,318,-4,-1625,1818,-12104
alpha 0.005,4,319,-4,-1629,1819,-12108
alpha 0.005,4,320,-5,-1634,1820,-12113
alpha 0.005,4,321,-5,-1639,1821,-12118
alpha 0.005,4,322,-5,-1644,1822,-12123
alpha 0.005,4,323,-5,-1649,1823,-12128
alpha 0.005,4,324,-5,-1654,1824,-12133
alpha 0.005,4,325,-5,-1659,1825,-12138
alpha 0.005,4,326,-5,-1664,1826,-12143
alpha 0.005,4,327,-5,-1669,1827,-12148
alpha 0.005,4,328,-5,-1674,1828,-12153
alpha 0.005,4,329,-5,-1679,1829,-12158
alpha 0.005,4,330,-5,-1684,1830,-12163
alpha 0.005,4,331,-5,-1689,1831,-12168
alpha 0.005,4,332,-5,-1694,1832,-12173
alpha 0.005,4,333,-6,-1700,1833,-12179
alpha 0.005,4,334,-6,-1706,1834,-12185
alpha 0.005,4,335,-8,-1714,1835,-12193
alpha 0.005,4,336,-8,-1722,1836,-12201
alpha 0.005,4,337,-8,-1730,1837,-12209
alpha 0.005,4,338,-8,-1738,1838,-12217
alpha 0.005,4,339,-8,-1746,1839,-12225
alpha 0.005,4,340,-8,-1754,1840,-12233
alpha 0.005,4,341,-8,-1762,1841,-12241
alpha 0.005,4,342,-8,-1770,1842,-12249
alpha 0.005,4,343,-8,-1778,1843,-12257
alpha 0.005,4,344,-8,-1786,1844,-12265
alpha 0.005,4,345,-8,-1794,1845,-12273
alpha 0.005,4,346,-10,-1804,1846,-12283
alpha 0.005,4,347,-10,-1814,1847,-12293
alpha 0.005,4,348,-10,-1824,1848,-12303
alpha 0.005,4,349,-10,-1834,1849,-12313
alpha 0.005,4,350,-10,-1844,1850,-12323
alpha 0.005,4,351,-10,-1854,1851,-12333
alpha 0.005,4,352,-10,-1864,1852,-12343
alpha 0.005,4,353,-10,-1874,1853,-12353
alpha 0.005,4,354,-10,-1884,1854,-12363
alpha 0.005,4,355,-10,-1894,1855,-12373
alpha 0.005,4,356,-10,-1904,1856,-12383
alpha 0.005,4,357,-10,-1914,1857,-12393
alpha 0.005,4,358,-10,-1924,1858,-12403
alpha 0.005,4,359,-10,-1934,1859,-12413
alpha 0.005,4,360,-10,-1944,1860,-12423
alpha 0.005,4,361,-10,-1954,1861,-12433
alpha 0.005,4,362,-10,-1964,1862,-12443
alpha 0.005,4,363,-10,-1974,1863,-12453
alpha 0.005,4,364,-10,-1984,1864,-12463
alpha 0.005,4,365,-10,-1994,1865,-12473
alpha 0.005,4,366,-10,-2004,1866,-12483
alpha 0.005,4,367,-10,-2014,1867,-12493
alpha 0.005,4,368,-10,-2024,1868,-12503
alpha 0.005,4,369,-10,-2034,1869,-12513
alpha 0.005,4,370,-10,-2044,1870,-12523
alpha 0.005,4,371,-10,-2054,1871,-12533
alpha 0.005,4,372,-10,-2064,1872,-12543
alpha 0.005,4,373,-10,-2074,1873,-12553
alpha 0.005,4,374,-10,-2084,1874,-12563
alpha 0.005,4,375,-10,-2094,1875,-12573
alpha 0.005,4,376,-10,-2104,1876,-12583
alpha 0.005,4,377,-10,-2114,1877,-12593
alpha 0.005,4,378,-10,-2124,1878,-12603
alpha 0.005,4,379,-10,-2134,1879,-12613
alpha 0.005,4,380,-10,-2144,1880,-12623
alpha 0.005,4,381,-10,-2154,1881,-12633
alpha 0.005,4,382,-10,-2164,1882,-12643
alpha 0.005,4,383,-10,-2174,1883,-12653
alpha 0.005,4,384,-10,-2184,1884,-12663
alpha 0.005,4,385,-8,-2192,1885,-12671
alpha 0.005,4,386,-8,-2200,1886,-12679
alpha 0.005,4,387,-8,-2208,1887,-12687
alpha 0.005,4,388,-8,-2216,1888,-12695
alpha 0.005,4,389,-8,-2224,1889,-12703
alpha 0.005,4,390,-8,-2232,1890,-12711
alpha 0.005,4,391,-8,-2240,1891,-12719
alpha 0.005,4,392,-8,-2248,1892,-12727
alpha 0.005,4,393,-8,-2256,1893,-12735
alpha 0.005,4,394,-7,-2263,1894,-12742
alpha 0.005,4,395,-7,-2270,1895,-12749
alpha 0.005,4,396,-7,-2277,1896,-12756
alpha 0.005,4,397,-7,-2284,1897,-12763
alpha 0.005,4,398,-7,-2291,1898,-12770
alpha 0.005,4,399,-7,-2298,1899,-12777
alpha 0.005,4,400,-7,-2305,1900,-12784
alpha 0.005,4,401,-7,-2312,1901,-12791
alpha 0.005,4,402,-7,-2319,1902,-12798
alpha 0.005,4,403,-7,-2326,1903,-12805
alpha 0.005,4,404,-6,-2332,1904,-12811
alpha 0.005,4,405,-6,-2338,1905,-12817
alpha 0.005,4,406,-6,-2344,1906,-12823
alpha 0.005,4,407,-6,-2350,1907,-12829
alpha 0.005,4,408,-5,-2355,1908,-12834
alpha 0.005,4,409,-5,-2360,1909,-12839
alpha 0.005,4,410,-5,-2365,1910,-12844
alpha 0.005,4,411,-5,-2370,1911,-12849
alpha 0.005,4,412,-5,-2375,1912,-12854
alpha 0.005,4,413,-5,-2380,1913,-12859
alpha 0.005,4,414,-5,-2385,1914,-12864
alpha 0.005,4,415,-5,-2390,1915,-12869
alpha 0.005,4,416,-5,-2395,1916,-12874
alpha 0.005,4,417,-5,-2400,1917,-12879
alpha 0.005,4,418,-5,-2405,1918,-12884
alpha 0.005,4,419,-5,-2410,1919,-12889
alpha 0.005,4,420,-5,-2415,1920,-12894
alpha 0.005,4,421,-6,-2421,1921,-12900
alpha 0.005,4,422,-6,-2427,1922,-12906
alpha 0.005,4,423,-6,-2433,1923,-12912
alpha 0.005,4,424,-7,-2440,1924,-12919
alpha 0.005,4,425,-7,-2447,1925,-12926
alpha 0.005,4,426,-7,-2454,1926,-12933
alpha 0.005,4,427,-7,-2461,1927,-12940
alpha 0.005,4,428,-7,-2468,1928,-12947
alpha 0.005,4,429,-7,-2475,1929,-12954
alpha 0.005,4,430,-7,-2482,1930,-12961
alpha 0.005,4,431,-7,-2489,1931,-12968
alpha 0.005,4,432,-7,-2496,1932,-12975
alpha 0.005,4,433,-7,-2503,1933,-12982
alpha 0.005,4,434,-7,-2510,1934,-12989
alpha 0.005,4,435,-7,-2517,1935,-12996
alpha 0.005,4,436,-7,-2524,1936,-13003
alpha 0.005,4,437,-8,-2532,1937,-13011
alpha 0.005,4,438,-8,-2540,1938,-13019
alpha 0.005,4,439,-8,-2548,1939,-13027
alpha 0.005,4,440,-8,-2556,1940,-13035
alpha 0.005,4,441,-8,-2564,1941,-13043
alpha 0.005,4,442,-8,-2572,1942,-13051
alpha 0.005,4,443,-8,-2580,1943,-13059
alpha 0.005,4,444,-8,-2588,1944,-13067
alpha 0.005,4,445,-8,-2596,1945,-13075
alpha 0.005,4,446,-8,-2604,1946,-13083
alpha 0.005,4,447,-8,-2612,1947,-13091
alpha 0.005,4,448,-8,-2620,1948,-13099
alpha 0.005,4,449,-10,-2630,1949,-13109
alpha 0.005,4,450,-10,-2640,1950,-13119
alpha 0.005,4,451,-10,-2650,1951,-13129
alpha 0.005,4,452,-10,-2660,1952,-13139
alpha 0.005,4,453,-10,-2670,1953,-13149
alpha 0.005,4,454,-10,-2680,1954,-13159
alpha 0.005,4,455,-10,-2690,1955,-13169
alpha 0.005,4,456,-10,-2700,1956,-13179
alpha 0.005,4,457,-10,-2710,1957,-13189
alpha 0.005,4,458,-10,-2720,1958,-13199
alpha 0.005,4,459,-10,-2730,1959,-13209
alpha 0.005,4,460,-10,-2740,1960,-13219
alpha 0.005,4,461,-10,-2750,1961,-13229
alpha 0.005,4,462,-10,-2760,1962,-13239
alpha 0.005,4,463,-10,-2770,1963,-13249
alpha 0.005,4,464,-10,-2780,1964,-13259
alpha 0.005,4,465,-10,-2790,1965,-13269
alpha 0.005,4,466,-10,-2800,1966,-13279
alpha 0.005,4,467,-10,-2810,1967,-13289
alpha 0.005,4,468,-10,-2820,1968,-13299
alpha 0.005,4,469,-10,-2830,1969,-13309
alpha 0.005,4,470,-10,-2840,1970,-13319
alpha 0.005,4,471,-10,-2850,1971,-13329
alpha 0.005,4,472,-10,-2860,1972,-13339
alpha 0.005,4,473,-10,-2870,1973,-13349
alpha 0.005,4,474,-10,-2880,1974,-13359
alpha 0.005,4,475,-10,-2890,1975,-13369
alpha 0.005,4,476,-10,-2900,1976,-13379
alpha 0.005,4,477,-10,-2910,1977,-13389
alpha 0.005,4,478,-10,-2920,1978,-13399
alpha 0.005,4,479,-10,-2930,1979,-13409
alpha 0.005,4,480,-10,-2940,1980,-13419
alpha 0.005,4,481,-10,-2950,1981,-13429
alpha 0.005,4,482,-10,-2960,1982,-13439
alpha 0.005,4,483,-10,-2970,1983,-13449
alpha 0.005,4,484,-10,-2980,1984,-13459
alpha 0.005,4,485,-8,-2988,1985,-13467
alpha 0.005,4,486,-8,-2996,1986,-13475
alpha 0.005,4,487,-10,-3006,1987,-13485
alpha 0.005,4,488,-8,-3014,1988,-13493
alpha 0.005,4,489,-8,-3022,1989,-13501
alpha 0.005,4,490,-8,-3030,1990,-13509
alpha 0.005,4,491,-8,-3038,1991,-13517
alpha 0.005,4,492,-8,-3046,1992,-13525
alpha 0.005,4,493,-6,-3052,1993,-13531
alpha 0.005,4,494,-6,-3058,1994,-13537
alpha 0.005,4,495,-5,-3063,1995,-13542
alpha 0.005,4,496,-5,-3068,1996,-13547
alpha 0.005,4,497,-6,-3074,1997,-13553
alpha 0.005,4,498,-5,-3079,1998,-13558
alpha 0.005,4,499,-4,-3083,1999,-13562
alpha 0.005,4,500,-4,-3087,2000,-13566
alpha 0.005,5,1,2,2,2001,-13564
alpha 0.005,5,2,-2,0,2002,-13566
alpha 0.005,5,3,-5,-5,2003,-13571
alpha 0.005,5,4,-10,-15,2004,-13581
alpha 0.005,5,5,-8,-23,2005,-13589
alpha 0.005,5,6,-7,-30,2006,-13596
alpha 0.005,5,7,-5,-35,2007,-13601
alpha 0.005,5,8,-6,-41,2008,-13607
alpha 0.005,5,9,-5,-46,2009,-13612
alpha 0.005,5,10,-5,-51,2010,-13617
alpha 0.005,5,11,-7,-58,2011,-13624
alpha 0.005,5,12,-7,-65,2012,-13631
alpha 0.005,5,13,-7,-72,2013,-13638
alpha 0.005,5,14,-8,-80,2014,-13646
alpha 0.005,5,15,-8,-88,2015,-13654
alpha 0.005,5,16,-8,-96,2016,-13662
alpha 0.005,5,17,-8,-104,2017,-13670
alpha 0.005,5,18,-8,-112,2018,-13678
alpha 0.005,5,19,-8,-120,2019,-13686
alpha 0.005,5,20,-8,-128,2020,-13694
alpha 0.005,5,21,-8,-136,2021,-13702
alpha 0.005,5,22,-10,-146,2022,-13712
alpha 0.005,5,23,-10,-156,2023,-13722
alpha 0.005,5,24,-10,-166,2024,-13732
alpha 0.005,5,25,-10,-176,2025,-13742
alpha 0.005,5,26,-10,-186,2026,-13752
alpha 0.005,5,27,-10,-196,2027,-13762
alpha 0.005,5,28,-10,-206,2028,-13772
alpha 0.005,5,29,-10,-216,2029,-13782
alpha 0.005,5,30,-10,-226,2030,-13792
alpha 0.005,5,31,-10,-236,2031,-13802
alpha 0.005,5,32,-10,-246,2032,-13812
alpha 0.005,5,33,-10,-256,2033,-13822
alpha 0.005,5,34,-10,-266,2034,-13832
alpha 0.005,5,35,-10,-276,2035,-13842
alpha 0.005,5,36,-10,-286,2036,-13852
alpha 0.005,5,37,-10,-296,2037,-13862
alpha 0.005,5,38,-10,-306,2038,-13872
alpha 0.005,5,39,-10,-316,2039,-13882
alpha 0.005,5,40,-10,-326,2040,-13892
alpha 0.005,5,41,-10,-336,2041,-13902
alpha 0.005,5,42,-10,-346,2042,-13912
alpha 0.005,5,43,-10,-356,2043,-13922
alpha 0.005,5,44,-10,-366,2044,-13932
alpha 0.005,5,45,-10,-376,2045,-13942
alpha 0.005,5,46,-10,-386,2046,-13952
alpha 0.005,5,47,-10,-396,2047,-13962
alpha 0.005,5,48,-10,-406,2048,-13972
alpha 0.005,5,49,-10,-416,2049,-13982
alpha 0.005,5,50,-10,-426,2050,-13992
alpha 0.005,5,51,-10,-436,2051,-14002
alpha 0.005,5,52,-10,-446,2052,-14012
alpha 0.005,5,53,-10,-456,2053,-14022
alpha 0.005,5,54,-10,-466,2054,-14032
alpha 0.005,5,55,-10,-476,2055,-14042
alpha 0.005,5,56,-10,-486,2056,-14052
alpha 0.005,5,57,-10,-496,2057,-14062
alpha 0.005,5,58,-10,-506,2058,-14072
alpha 0.005,5,59,-8,-514,2059,-14080
alpha 0.005,5,60,-8,-522,2060,-14088
alpha 0.005,5,61,-7,-529,2061,-14095
alpha 0.005,5,62,-7,-536,2062,-14102
alpha 0.005,5,63,-7,-543,2063,-14109
alpha 0.005,5,64,-7,-550,2064,-14116
alpha 0.005,5,65,-7,-557,2065,-14123
alpha 0.005,5,66,-7,-564,2066,-14130
alpha 0.005,5,67,-7,-571,2067,-14137
alpha 0.005,5,68,-6,-577,2068,-14143
alpha 0.005,5,69,-6,-583,2069,-14149
alpha 0.005,5,70,-6,-589,2070,-14155
alpha 0.005,5,71,-6,-595,2071,-14161
alpha 0.005,5,72,-6,-601,2072,-14167
alpha 0.005,5,73,-6,-607,2073,-14173
alpha 0.005,5,74,-6,-613,2074,-14179
alpha 0.005,5,75,-6,-619,2075,-14185
alpha 0.005,5,76,-6,-625,2076,-14191
alpha 0.005,5,77,-5,-630,2077,-14196
alpha 0.005,5,78,-5,-635,2078,-14201
alpha 0.005,5,79,-5,-640,2079,-14206
alpha 0.005,5,80,-5,-645,2080,-14211
alpha 0.005,5,81,-5,-650,2081,-14216
alpha 0.005,5,82,-5,-655,2082,-14221
alpha 0.005,5,83,-5,-660,2083,-14226
alpha 0.005,5,84,-5,-665,2084,-14231
alpha 0.005,5,85,-5,-670,2085,-14236
alpha 0.005,5,86,-5,-675,2086,-14241
alpha 0.005,5,87,-5,-680,2087,-14246
alpha 0.005,5,88,-5,-685,2088,-14251
alpha 0.005,5,89,-5,-690,2089,-14256
alpha 0.005,5,90,-3,-693,2090,-14259
alpha 0.005,5,91,-3,-696,2091,-14262
alpha 0.005,5,92,-3,-699,2092,-14265
alpha 0.005,5,93,-3,-702,2093,-14268
alpha 0.005,5,94,-3,-705,2094,-14271
alpha 0.005,5,95,-2,-707,2095,-14273
alpha 0.005,5,96,-2,-709,2096,-14275
alpha 0.005,5,97,-2,-711,2097,-14277
alpha 0.005,5,98,-2,-713,2098,-14279
alpha 0.005,5,99,-2,-715,2099,-14281
alpha 0.005,5,100,-2,-717,2100,-14283
alpha 0.005,5,101,-2,-719,2101,-14285
alpha 0.005,5,102,-2,-721,2102,-14287
alpha 0.005,5,103,-1,-722,2103,-14288
alpha 0.005,5,104,-1,-723,2104,-14289
alpha 0.005,5,105,1,-722,2105,-14288
alpha 0.005,5,106,1,-721,2106,-14287
alpha 0.005,5,107,1,-720,2107,-14286
alpha 0.005,5,108,2,-718,2108,-14284
alpha 0.005,5,109,2,-716,2109,-14282
alpha 0.005,5,110,2,-714,2110,-14280
alpha 0.005,5,111,2,-712,2111,-14278
alpha 0.005,5,112,2,-710,2112,-14276
alpha 0.005,5,113,2,-708,2113,-14274
alpha 0.005,5,114,2,-706,2114,-14272
alpha 0.005,5,115,2,-704,2115,-14270
alpha 0.005,5,116,1,-703,2116,-14269
alpha 0.005,5,117,1,-702,2117,-14268
alpha 0.005,5,118,1,-701,2118,-14267
alpha 0.005,5,119,-1,-702,2119,-14268
alpha 0.005,5,120,-2,-704,2120,-14270
alpha 0.005,5,121,-2,-706,2121,-14272
alpha 0.005,5,122,-3,-709,2122,-14275
alpha 0.005,5,123,-4,-713,2123,-14279
alpha 0.005,5,124,-4,-717,2124,-14283
alpha 0.005,5,125,-4,-721,2125,-14287
alpha 0.005,5,126,-4,-725,2126,-14291
alpha 0.005,5,127,-4,-729,2127,-14295
alpha 0.005,5,128,-4,-733,2128,-14299
alpha 0.005,5,129,-5,-738,2129,-14304
alpha 0.005,5,130,-7,-745,2130,-14311
alpha 0.005,5,131,-8,-753,2131,-14319
alpha 0.005,5,132,-8,-761,2132,-14327
alpha 0.005,5,133,-10,-771,2133,-14337
alpha 0.005,5,134,-10,-781,2134,-14347
alpha 0.005,5,135,-10,-791,2135,-14357
alpha 0.005,5,136,-10,-801,2136,-14367
alpha 0.005,5,137,-10,-811,2137,-14377
alpha 0.005,5,138,-10,-821,2138,-14387
alpha 0.005,5,139,-10,-831,2139,-14397
alpha 0.005,5,140,-10,-841,2140,-14407
alpha 0.005,5,141,-10,-851,2141,-14417
alpha 0.005,5,142,-10,-861,2142,-14427
alpha 0.005,5,143,-10,-871,2143,-14437
alpha 0.005,5,144,-10,-881,2144,-14447
alpha 0.005,5,145,-10,-891,2145,-14457
alpha 0.005,5,146,-10,-901,2146,-14467
alpha 0.005,5,147,-10,-911,2147,-14477
alpha 0.005,5,148,-10,-921,2148,-14487
alpha 0.005,5,149,-10,-931,2149,-14497
alpha 0.005,5,150,-10,-941,2150,-14507
alpha 0.005,5,151,-10,-951,2151,-14517
alpha 0.005,5,152,-10,-961,2152,-14527
alpha 0.005,5,153,-10,-971,2153,-14537
alpha 0.005,5,154,-10,-981,2154,-14547
alpha 0.005,5,155,-10,-991,2155,-14557
alpha 0.005,5,156,-10,-1001,2156,-14567
alpha 0.005,5,157,-10,-1011,2157,-14577
alpha 0.005,5,158,-10,-1021,2158,-14587
alpha 0.005,5,159,-10,-1031,2159,-14597
alpha 0.005,5,160,-10,-1041,2160,-14607
alpha 0.005,5,161,-10,-1051,2161,-14617
alpha 0.005,5,162,-10,-1061,2162,-14627
alpha 0.005,5,163,-8,-1069,2163,-14635
alpha 0.005,5,164,-10,-1079,2164,-14645
alpha 0.005,5,165,-10,-1089,2165,-14655
alpha 0.005,5,166,-10,-1099,2166,-14665
alpha 0.005,5,167,-10,-1109,2167,-14675
alpha 0.005,5,168,-8,-1117,2168,-14683
alpha 0.005,5,169,-8,-1125,2169,-14691
alpha 0.005,5,170,-8,-1133,2170,-14699
alpha 0.005,5,171,-8,-1141,2171,-14707
alpha 0.005,5,172,-8,-1149,2172,-14715
alpha 0.005,5,173,-8,-1157,2173,-14723
alpha 0.005,5,174,-8,-1165,2174,-14731
alpha 0.005,5,175,-8,-1173,2175,-14739
alpha 0.005,5,176,-7,-1180,2176,-14746
alpha 0.005,5,177,-7,-1187,2177,-14753
alpha 0.005,5,178,-7,-1194,2178,-14760
alpha 0.005,5,179,-7,-1201,2179,-14767
alpha 0.005,5,180,-7,-1208,2180,-14774
alpha 0.005,5,181,-7,-1215,2181,-14781
alpha 0.005,5,182,-7,-1222,2182,-14788
alpha 0.005,5,183,-7,-1229,2183,-14795
alpha 0.005,5,184,-7,-1236,2184,-14802
alpha 0.005,5,185,-7,-1243,2185,-14809
alpha 0.005,5,186,-7,-1250,2186,-14816
alpha 0.005,5,187,-7,-1257,2187,-14823
alpha 0.005,5,188,-7,-1264,2188,-14830
alpha 0.005,5,189,-6,-1270,2189,-14836
alpha 0.005,5,190,-6,-1276,2190,-14842
alpha 0.005,5,191,-6,-1282,2191,-14848
alpha 0.005,5,192,-6,-1288,2192,-14854
alpha 0.005,5,193,-5,-1293,2193,-14859
alpha 0.005,5,194,-5,-1298,2194,-14864
alpha 0.005,5,195,-5,-1303,2195,-14869
alpha 0.005,5,196,-5,-1308,2196,-14874
alpha 0.005,5,197,-5,-1313,2197,-14879
alpha 0.005,5,198,-5,-1318,2198,-14884
alpha 0.005,5,199,-5,-1323,2199,-14889
alpha 0.005,5,200,-5,-1328,2200,-14894
alpha 0.005,5,201,-5,-1333,2201,-14899
alpha 0.005,5,202,-5,-1338,2202,-14904
alpha 0.005,5,203,-5,-1343,2203,-14909
alpha 0.005,5,204,-5,-1348,2204,-14914
alpha 0.005,5,205,-5,-1353,2205,-14919
alpha 0.005,5,206,-5,-1358,2206,-14924
alpha 0.005,5,207,-5,-1363,2207,-14929
alpha 0.005,5,208,-5,-1368,2208,-14934
alpha 0.005,5,209,-6,-1374,2209,-14940
alpha 0.005,5,210,-6,-1380,2210,-14946
alpha 0.005,5,211,-6,-1386,2211,-14952
alpha 0.005,5,212,-6,-1392,2212,-14958
alpha 0.005,5,213,-6,-1398,2213,-14964
alpha 0.005,5,214,-7,-1405,2214,-14971
alpha 0.005,5,215,-7,-1412,2215,-14978
alpha 0.005,5,216,-7,-1419,2216,-14985
alpha 0.005,5,217,-7,-1426,2217,-14992
alpha 0.005,5,218,-7,-1433,2218,-14999
alpha 0.005,5,219,-7,-1440,2219,-15006
alpha 0.005,5,220,-7,-1447,2220,-15013
alpha 0.005,5,221,-7,-1454,2221,-15020
alpha 0.005,5,222,-7,-1461,2222,-15027
alpha 0.005,5,223,-7,-1468,2223,-15034
alpha 0.005,5,224,-7,-1475,2224,-15041
alpha 0.005,5,225,-7,-1482,2225,-15048
alpha 0.005,5,226,-7,-1489,2226,-15055
alpha 0.005,5,227,-8,-1497,2227,-15063
alpha 0.005,5,228,-8,-1505,2228,-15071
alpha 0.005,5,229,-8,-1513,2229,-15079
alpha 0.005,5,230,-8,-1521,2230,-15087
alpha 0.005,5,231,-8,-1529,2231,-15095
alpha 0.005,5,232,-8,-1537,2232,-15103
alpha 0.005,5,233,-8,-1545,2233,-15111
alpha 0.005,5,234,-8,-1553,2234,-15119
alpha 0.005,5,235,-8,-1561,2235,-15127
alpha 0.005,5,236,-10,-1571,2236,-15137
alpha 0.005,5,237,-10,-1581,2237,-15147
alpha 0.005,5,238,-10,-1591,2238,-15157
alpha 0.005,5,239,-10,-1601,2239,-15167
alpha 0.005,5,240,-10,-1611,2240,-15177
alpha 0.005,5,241,-10,-1621,2241,-15187
alpha 0.005,5,242,-10,-1631,2242,-15197
alpha 0.005,5,243,-10,-1641,2243,-15207
alpha 0.005,5,244,-10,-1651,2244,-15217
alpha 0.005,5,245,-10,-1661,2245,-15227
alpha 0.005,5,246,-10,-1671,2246,-15237
alpha 0.005,5,247,-10,-1681,2247,-15247
alpha 0.005,5,248,-10,-1691,2248,-15257
alpha 0.005,5,249,-10,-1701,2249,-15267
alpha 0.005,5,250,-10,-1711,2250,-15277
alpha 0.005,5,251,-10,-1721,2251,-15287
alpha 0.005,5,252,-10,-1731,2252,-15297
alpha 0.005,5,253,-10,-1741,2253,-15307
alpha 0.005,5,254,-10,-1751,2254,-15317
alpha 0.005,5,255,-10,-1761,2255,-15327
alpha 0.005,5,256,-10,-1771,2256,-15337
alpha 0.005,5,257,-10,-1781,2257,-15347
alpha 0.005,5,258,-10,-1791,2258,-15357
alpha 0.005,5,259,-10,-1801,2259,-15367
alpha 0.005,5,260,-10,-1811,2260,-15377
alpha 0.005,5,261,-10,-1821,2261,-15387
alpha 0.005,5,262,-10,-1831,2262,-15397
alpha 0.005,5,263,-10,-1841,2263,-15407
alpha 0.005,5,264,-10,-1851,2264,-15417
alpha 0.005,5,265,-10,-1861,2265,-15427
alpha 0.005,5,266,-10,-1871,2266,-15437
alpha 0.005,5,267,-8,-1879,2267,-15445
alpha 0.005,5,268,-8,-1887,2268,-15453
alpha 0.005,5,269,-8,-1895,2269,-15461
alpha 0.005,5,270,-8,-1903,2270,-15469
alpha 0.005,5,271,-8,-1911,2271,-15477
alpha 0.005,5,272,-8,-1919,2272,-15485
alpha 0.005,5,273,-8,-1927,2273,-15493
alpha 0.005,5,274,-6,-1933,2274,-15499
alpha 0.005,5,275,-6,-1939,2275,-15505
alpha 0.005,5,276,-5,-1944,2276,-15510
alpha 0.005,5,277,-5,-1949,2277,-15515
alpha 0.005,5,278,-5,-1954,2278,-15520
alpha 0.005,5,279,-5,-1959,2279,-15525
alpha 0.005,5,280,-5,-1964,2280,-15530
alpha 0.005,5,281,-5,-1969,2281,-15535
alpha 0.005,5,282,-5,-1974,2282,-15540
alpha 0.005,5,283,-5,-1979,2283,-15545
alpha 0.005,5,284,-5,-1984,2284,-15550
alpha 0.005,5,285,-5,-1989,2285,-15555
alpha 0.005,5,286,-5,-1994,2286,-15560
alpha 0.005,5,287,-5,-1999,2287,-15565
alpha 0.005,5,288,-4,-2003,2288,-15569
alpha 0.005,5,289,-4,-2007,2289,-15573
alpha 0.005,5,290,-4,-2011,2290,-15577
alpha 0.005,5,291,-4,-2015,2291,-15581
alpha 0.005,5,292,-4,-2019,2292,-15585
alpha 0.005,5,293,-3,-2022,2293,-15588
alpha 0.005,5,294,-5,-2027,2294,-15593
alpha 0.005,5,295,-5,-2032,2295,-15598
alpha 0.005,5,296,-5,-2037,2296,-15603
alpha 0.005,5,297,-5,-2042,2297,-15608
alpha 0.005,5,298,-5,-2047,2298,-15613
alpha 0.005,5,299,-5,-2052,2299,-15618
alpha 0.005,5,300,-6,-2058,2300,-15624
alpha 0.005,5,301,-6,-2064,2301,-15630
alpha 0.005,5,302,-5,-2069,2302,-15635
alpha 0.005,5,303,-5,-2074,2303,-15640
alpha 0.005,5,304,-5,-2079,2304,-15645
alpha 0.005,5,305,-5,-2084,2305,-15650
alpha 0.005,5,306,-5,-2089,2306,-15655
alpha 0.005,5,307,-5,-2094,2307,-15660
alpha 0.005,5,308,-5,-2099,2308,-15665
alpha 0.005,5,309,-5,-2104,2309,-15670
alpha 0.005,5,310,-5,-2109,2310,-15675
alpha 0.005,5,311,-5,-2114,2311,-15680
alpha 0.005,5,312,-5,-2119,2312,-15685
alpha 0.005,5,313,-5,-2124,2313,-15690
alpha 0.005,5,314,-5,-2129,2314,-15695
alpha 0.005,5,315,-5,-2134,2315,-15700
alpha 0.005,5,316,-5,-2139,2316,-15705
alpha 0.005,5,317,-5,-2144,2317,-15710
alpha 0.005,5,318,-5,-2149,2318,-15715
alpha 0.005,5,319,-5,-2154,2319,-15720
alpha 0.005,5,320,-5,-2159,2320,-15725
alpha 0.005,5,321,-5,-2164,2321,-15730
alpha 0.005,5,322,-5,-2169,2322,-15735
alpha 0.005,5,323,-5,-2174,2323,-15740
alpha 0.005,5,324,-5,-2179,2324,-15745
alpha 0.005,5,325,-5,-2184,2325,-15750
alpha 0.005,5,326,-5,-2189,2326,-15755
alpha 0.005,5,327,-5,-2194,2327,-15760
alpha 0.005,5,328,-5,-2199,2328,-15765
alpha 0.005,5,329,-5,-2204,2329,-15770
alpha 0.005,5,330,-5,-2209,2330,-15775
alpha 0.005,5,331,-5,-2214,2331,-15780
alpha 0.005,5,332,-5,-2219,2332,-15785
alpha 0.005,5,333,-5,-2224,2333,-15790
alpha 0.005,5,334,-5,-2229,2334,-15795
alpha 0.005,5,335,-5,-2234,2335,-15800
alpha 0.005,5,336,-5,-2239,2336,-15805
alpha 0.005,5,337,-5,-2244,2337,-15810
alpha 0.005,5,338,-5,-2249,2338,-15815
alpha 0.005,5,339,-5,-2254,2339,-15820
alpha 0.005,5,340,-6,-2260,2340,-15826
alpha 0.005,5,341,-5,-2265,2341,-15831
alpha 0.005,5,342,-5,-2270,2342,-15836
alpha 0.005,5,343,-5,-2275,2343,-15841
alpha 0.005,5,344,-5,-2280,2344,-15846
alpha 0.005,5,345,-6,-2286,2345,-15852
alpha 0.005,5,346,-6,-2292,2346,-15858
alpha 0.005,5,347,-6,-2298,2347,-15864
alpha 0.005,5,348,-6,-2304,2348,-15870
alpha 0.005,5,349,-6,-2310,2349,-15876
alpha 0.005,5,350,-6,-2316,2350,-15882
alpha 0.005,5,351,-6,-2322,2351,-15888
alpha 0.005,5,352,-6,-2328,2352,-15894
alpha 0.005,5,353,-6,-2334,2353,-15900
alpha 0.005,5,354,-6,-2340,2354,-15906
alpha 0.005,5,355,-6,-2346,2355,-15912
alpha 0.005,5,356,-6,-2352,2356,-15918
alpha 0.005,5,357,-7,-2359,2357,-15925
alpha 0.005,5,358,-7,-2366,2358,-15932
alpha 0.005,5,359,-7,-2373,2359,-15939
alpha 0.005,5,360,-7,-2380,2360,-15946
alpha 0.005,5,361,-7,-2387,2361,-15953
alpha 0.005,5,362,-7,-2394,2362,-15960
alpha 0.005,5,363,-7,-2401,2363,-15967
alpha 0.005,5,364,-7,-2408,2364,-15974
alpha 0.005,5,365,-7,-2415,2365,-15981
alpha 0.005,5,366,-7,-2422,2366,-15988
alpha 0.005,5,367,-7,-2429,2367,-15995
alpha 0.005,5,368,-7,-2436,2368,-16002
alpha 0.005,5,369,-7,-2443,2369,-16009
alpha 0.005,5,370,-7,-2450,2370,-16016
alpha 0.005,5,371,-7,-2457,2371,-16023
alpha 0.005,5,372,-7,-2464,2372,-16030
alpha 0.005,5,373,-7,-2471,2373,-16037
alpha 0.005,5,374,-7,-2478,2374,-16044
alpha 0.005,5,375,-7,-2485,2375,-16051
alpha 0.005,5,376,-7,-2492,2376,-16058
alpha 0.005,5,377,-7,-2499,2377,-16065
alpha 0.005,5,378,-7,-2506,2378,-16072
alpha 0.005,5,379,-7,-2513,2379,-16079
alpha 0.005,5,380,-7,-2520,2380,-16086
alpha 0.005,5,381,-7,-2527,2381,-16093
alpha 0.005,5,382,-7,-2534,2382,-16100
alpha 0.005,5,383,-7,-2541,2383,-16107
alpha 0.005,5,384,-7,-2548,2384,-16114
alpha 0.005,5,385,-7,-2555,2385,-16121
alpha 0.005,5,386,-7,-2562,2386,-16128
alpha 0.005,5,387,-7,-2569,2387,-16135
alpha 0.005,5,388,-7,-2576,2388,-16142
alpha 0.005,5,389,-7,-2583,2389,-16149
alpha 0.005,5,390,-7,-2590,2390,-16156
alpha 0.005,5,391,-7,-2597,2391,-16163
alpha 0.005,5,392,-7,-2604,2392,-16170
alpha 0.005,5,393,-7,-2611,2393,-16177
alpha 0.005,5,394,-7,-2618,2394,-16184
alpha 0.005,5,395,-7,-2625,2395,-16191
alpha 0.005,5,396,-7,-2632,2396,-16198
alpha 0.005,5,397,-7,-2639,2397,-16205
alpha 0.005,5,398,-7,-2646,2398,-16212
alpha 0.005,5,399,-7,-2653,2399,-16219
alpha 0.005,5,400,-7,-2660,2400,-16226
alpha 0.005,5,401,-7,-2667,2401,-16233
alpha 0.005,5,402,-7,-2674,2402,-16240
alpha 0.005,5,403,-7,-2681,2403,-16247
alpha 0.005,5,404,-7,-2688,2404,-16254
alpha 0.005,5,405,-7,-2695,2405,-16261
alpha 0.005,5,406,-7,-2702,2406,-16268
alpha 0.005,5,407,-7,-2709,2407,-16275
alpha 0.005,5,408,-6,-2715,2408,-16281
alpha 0.005,5,409,-6,-2721,2409,-16287
alpha 0.005,5,410,-6,-2727,2410,-16293
alpha 0.005,5,411,-6,-2733,2411,-16299
alpha 0.005,5,412,-6,-2739,2412,-16305
alpha 0.005,5,413,-6,-2745,2413,-16311
alpha 0.005,5,414,-6,-2751,2414,-16317
alpha 0.005,5,415,-6,-2757,2415,-16323
alpha 0.005,5,416,-6,-2763,2416,-16329
alpha 0.005,5,417,-6,-2769,2417,-16335
alpha 0.005,5,418,-6,-2775,2418,-16341
alpha 0.005,5,419,-6,-2781,2419,-16347
alpha 0.005,5,420,-5,-2786,2420,-16352
alpha 0.005,5,421,-5,-2791,2421,-16357
alpha 0.005,5,422,-5,-2796,2422,-16362
alpha 0.005,5,423,-5,-2801,2423,-16367
alpha 0.005,5,424,-5,-2806,2424,-16372
alpha 0.005,5,425,-5,-2811,2425,-16377
alpha 0.005,5,426,-5,-2816,2426,-16382
alpha 0.005,5,427,-5,-2821,2427,-16387
alpha 0.005,5,428,-5,-2826,2428,-16392
alpha 0.005,5,429,-5,-2831,2429,-16397
alpha 0.005,5,430,-5,-2836,2430,-16402
alpha 0.005,5,431,-5,-2841,2431,-16407
alpha 0.005,5,432,-5,-2846,2432,-16412
alpha 0.005,5,433,-5,-2851,2433,-16417
alpha 0.005,5,434,-5,-2856,2434,-16422
alpha 0.005,5,435,-5,-2861,2435,-16427
alpha 0.005,5,436,-5,-2866,2436,-16432
alpha 0.005,5,437,-5,-2871,2437,-16437
alpha 0.005,5,438,-5,-2876,2438,-16442
alpha 0.005,5,439,-5,-2881,2439,-16447
alpha 0.005,5,440,-5,-2886,2440,-16452
alpha 0.005,5,441,-5,-2891,2441,-16457
alpha 0.005,5,442,-5,-2896,2442,-16462
alpha 0.005,5,443,-5,-2901,2443,-16467
alpha 0.005,5,444,-5,-2906,2444,-16472
alpha 0.005,5,445,-5,-2911,2445,-16477
alpha 0.005,5,446,-5,-2916,2446,-16482
alpha 0.005,5,447,-5,-2921,2447,-16487
alpha 0.005,5,448,-5,-2926,2448,-16492
alpha 0.005,5,449,-6,-2932,2449,-16498
alpha 0.005,5,450,-6,-2938,2450,-16504
alpha 0.005,5,451,-6,-2944,2451,-16510
alpha 0.005,5,452,-6,-2950,2452,-16516
alpha 0.005,5,453,-6,-2956,2453,-16522
alpha 0.005,5,454,-6,-2962,2454,-16528
alpha 0.005,5,455,-6,-2968,2455,-16534
alpha 0.005,5,456,-6,-2974,2456,-16540
alpha 0.005,5,457,-6,-2980,2457,-16546
alpha 0.005,5,458,-6,-2986,2458,-16552
alpha 0.005,5,459,-7,-2993,2459,-16559
alpha 0.005,5,460,-7,-3000,2460,-16566
alpha 0.005,5,461,-7,-3007,2461,-16573
alpha 0.005,5,462,-7,-3014,2462,-16580
alpha 0.005,5,463,-7,-3021,2463,-16587
alpha 0.005,5,464,-7,-3028,2464,-16594
alpha 0.005,5,465,-7,-3035,2465,-16601
alpha 0.005,5,466,-7,-3042,2466,-16608
alpha 0.005,5,467,-7,-3049,2467,-16615
alpha 0.005,5,468,-7,-3056,2468,-16622
alpha 0.005,5,469,-7,-3063,2469,-16629
alpha 0.005,5,470,-7,-3070,2470,-16636
alpha 0.005,5,471,-7,-3077,2471,-16643
alpha 0.005,5,472,-7,-3084,2472,-16650
alpha 0.005,5,473,-7,-3091,2473,-16657
alpha 0.005,5,474,-7,-3098,2474,-16664
alpha 0.005,5,475,-7,-3105,2475,-16671
alpha 0.005,5,476,-7,-3112,2476,-16678
alpha 0.005,5,477,-7,-3119,2477,-16685
alpha 0.005,5,478,-7,-3126,2478,-16692
alpha 0.005,5,479,-7,-3133,2479,-16699
alpha 0.005,5,480,-7,-3140,2480,-16706
alpha 0.005,5,481,-7,-3147,2481,-16713
alpha 0.005,5,482,-7,-3154,2482,-16720
alpha 0.005,5,483,-7,-3161,2483,-16727
alpha 0.005,5,484,-7,-3168,2484,-16734
alpha 0.005,5,485,-7,-3175,2485,-16741
alpha 0.005,5,486,-7,-3182,2486,-16748
alpha 0.005,5,487,-7,-3189,2487,-16755
alpha 0.005,5,488,-6,-3195,2488,-16761
alpha 0.005,5,489,-6,-3201,2489,-16767
alpha 0.005,5,490,-6,-3207,2490,-16773
alpha 0.005,5,491,-6,-3213,2491,-16779
alpha 0.005,5,492,-4,-3217,2492,-16783
alpha 0.005,5,493,-4,-3221,2493,-16787
alpha 0.005,5,494,-6,-3227,2494,-16793
alpha 0.005,5,495,-6,-3233,2495,-16799
alpha 0.005,5,496,-6,-3239,2496,-16805
alpha 0.005,5,497,-7,-3246,2497,-16812
alpha 0.005,5,498,-7,-3253,2498,-16819
alpha 0.005,5,499,-6,-3259,2499,-16825
alpha 0.005,5,500,-6,-3265,2500,-16831
alpha 0.005,6,1,4,4,2501,-16827
alpha 0.005,6,2,2,6,2502,-16825
alpha 0.005,6,3,1,7,2503,-16824
alpha 0.005,6,4,-4,3,2504,-16828
alpha 0.005,6,5,-5,-2,2505,-16833
alpha 0.005,6,6,-8,-10,2506,-16841
alpha 0.005,6,7,-7,-17,2507,-16848
alpha 0.005,6,8,-7,-24,2508,-16855
alpha 0.005,6,9,-5,-29,2509,-16860
alpha 0.005,6,10,-5,-34,2510,-16865
alpha 0.005,6,11,-3,-37,2511,-16868
alpha 0.005,6,12,-2,-39,2512,-16870
alpha 0.005,6,13,-2,-41,2513,-16872
alpha 0.005,6,14,-3,-44,2514,-16875
alpha 0.005,6,15,-3,-47,2515,-16878
alpha 0.005,6,16,-2,-49,2516,-16880
alpha 0.005,6,17,-2,-51,2517,-16882
alpha 0.005,6,18,-2,-53,2518,-16884
alpha 0.005,6,19,-2,-55,2519,-16886
alpha 0.005,6,20,-1,-56,2520,-16887
alpha 0.005,6,21,-1,-57,2521,-16888
alpha 0.005,6,22,-2,-59,2522,-16890
alpha 0.005,6,23,-2,-61,2523,-16892
alpha 0.005,6,24,-2,-63,2524,-16894
alpha 0.005,6,25,-2,-65,2525,-16896
alpha 0.005,6,26,-2,-67,2526,-16898
alpha 0.005,6,27,-3,-70,2527,-16901
alpha 0.005,6,28,-3,-73,2528,-16904
alpha 0.005,6,29,-3,-76,2529,-16907
alpha 0.005,6,30,-5,-81,2530,-16912
alpha 0.005,6,31,-5,-86,2531,-16917
alpha 0.005,6,32,-5,-91,2532,-16922
alpha 0.005,6,33,-5,-96,2533,-16927
alpha 0.005,6,34,-5,-101,2534,-16932
alpha 0.005,6,35,-5,-106,2535,-16937
alpha 0.005,6,36,-5,-111,2536,-16942
alpha 0.005,6,37,-5,-116,2537,-16947
alpha 0.005,6,38,-5,-121,2538,-16952
alpha 0.005,6,39,-5,-126,2539,-16957
alpha 0.005,6,40,-5,-131,2540,-16962
alpha 0.005,6,41,-5,-136,2541,-16967
alpha 0.005,6,42,-5,-141,2542,-16972
alpha 0.005,6,43,-5,-146,2543,-16977
alpha 0.005,6,44,-5,-151,2544,-16982
alpha 0.005,6,45,-5,-156,2545,-16987
alpha 0.005,6,46,-5,-161,2546,-16992
alpha 0.005,6,47,-5,-166,2547,-16997
alpha 0.005,6,48,-5,-171,2548,-17002
alpha 0.005,6,49,-5,-176,2549,-17007
alpha 0.005,6,50,-5,-181,2550,-17012
alpha 0.005,6,51,-5,-186,2551,-17017
alpha 0.005,6,52,-5,-191,2552,-17022
alpha 0.005,6,53,-5,-196,2553,-17027
alpha 0.005,6,54,-5,-201,2554,-17032
alpha 0.005,6,55,-5,-206,2555,-17037
alpha 0.005,6,56,-5,-211,2556,-17042
alpha 0.005,6,57,-5,-216,2557,-17047
alpha 0.005,6,58,-5,-221,2558,-17052
alpha 0.005,6,59,-5,-226,2559,-17057
alpha 0.005,6,60,-5,-231,2560,-17062
alpha 0.005,6,61,-5,-236,2561,-17067
alpha 0.005,6,62,-5,-241,2562,-17072
alpha 0.005,6,63,-5,-246,2563,-17077
alpha 0.005,6,64,-5,-251,2564,-17082
alpha 0.005,6,65,-5,-256,2565,-17087
alpha 0.005,6,66,-5,-261,2566,-17092
alpha 0.005,6,67,-5,-266,2567,-17097
alpha 0.005,6,68,-5,-271,2568,-17102
alpha 0.005,6,69,-5,-276,2569,-17107
alpha 0.005,6,70,-5,-281,2570,-17112
alpha 0.005,6,71,-5,-286,2571,-17117
alpha 0.005,6,72,-5,-291,2572,-17122
alpha 0.005,6,73,-5,-296,2573,-17127
alpha 0.005,6,74,-5,-301,2574,-17132
alpha 0.005,6,75,-5,-306,2575,-17137
alpha 0.005,6,76,-5,-311,2576,-17142
alpha 0.005,6,77,-5,-316,2577,-17147
alpha 0.005,6,78,-5,-321,2578,-17152
alpha 0.005,6,79,-5,-326,2579,-17157
alpha 0.005,6,80,-5,-331,2580,-17162
alpha 0.005,6,81,-5,-336,2581,-17167
alpha 0.005,6,82,-5,-341,2582,-17172
alpha 0.005,6,83,-5,-346,2583,-17177
alpha 0.005,6,84,-5,-351,2584,-17182
alpha 0.005,6,85,-5,-356,2585,-17187
alpha 0.005,6,86,-5,-361,2586,-17192
alpha 0.005,6,87,-5,-366,2587,-17197
alpha 0.005,6,88,-5,-371,2588,-17202
alpha 0.005,6,89,-5,-376,2589,-17207
alpha 0.005,6,90,-5,-381,2590,-17212
alpha 0.005,6,91,-5,-386,2591,-17217
alpha 0.005,6,92,-5,-391,2592,-17222
alpha 0.005,6,93,-5,-396,2593,-17227
alpha 0.005,6,94,-5,-401,2594,-17232
alpha 0.005,6,95,-5,-406,2595,-17237
alpha 0.005,6,96,-5,-411,2596,-17242
alpha 0.005,6,97,-5,-416,2597,-17247
alpha 0.005,6,98,-5,-421,2598,-17252
alpha 0.005,6,99,-5,-426,2599,-17257
alpha 0.005,6,100,-5,-431,2600,-17262
alpha 0.005,6,101,-5,-436,2601,-17267
alpha 0.005,6,102,-5,-441,2602,-17272
alpha 0.005,6,103,-5,-446,2603,-17277
alpha 0.005,6,104,-5,-451,2604,-17282
alpha 0.005,6,105,-5,-456,2605,-17287
alpha 0.005,6,106,-5,-461,2606,-17292
alpha 0.005,6,107,-5,-466,2607,-17297
alpha 0.005,6,108,-5,-471,2608,-17302
alpha 0.005,6,109,-5,-476,2609,-17307
alpha 0.005,6,110,-5,-481,2610,-17312
alpha 0.005,6,111,-5,-486,2611,-17317
alpha 0.005,6,112,-5,-491,2612,-17322
alpha 0.005,6,113,-5,-496,2613,-17327
alpha 0.005,6,114,-5,-501,2614,-17332
alpha 0.005,6,115,-5,-506,2615,-17337
alpha 0.005,6,116,-5,-511,2616,-17342
alpha 0.005,6,117,-5,-516,2617,-17347
alpha 0.005,6,118,-5,-521,2618,-17352
alpha 0.005,6,119,-5,-526,2619,-17357
alpha 0.005,6,120,-5,-531,2620,-17362
alpha 0.005,6,121,-5,-536,2621,-17367
alpha 0.005,6,122,-5,-541,2622,-17372
alpha 0.005,6,123,-5,-546,2623,-17377
alpha 0.005,6,124,-5,-551,2624,-17382
alpha 0.005,6,125,-5,-556,2625,-17387
alpha 0.005,6,126,-5,-561,2626,-17392
alpha 0.005,6,127,-5,-566,2627,-17397
alpha 0.005,6,128,-5,-571,2628,-17402
alpha 0.005,6,129,-5,-576,2629,-17407
alpha 0.005,6,130,-5,-581,2630,-17412
alpha 0.005,6,131,-5,-586,2631,-17417
alpha 0.005,6,132,-5,-591,2632,-17422
alpha 0.005,6,133,-5,-596,2633,-17427
alpha 0.005,6,134,-5,-601,2634,-17432
alpha 0.005,6,135,-5,-606,2635,-17437
alpha 0.005,6,136,-5,-611,2636,-17442
alpha 0.005,6,137,-5,-616,2637,-17447
alpha 0.005,6,138,-5,-621,2638,-17452
alpha 0.005,6,139,-5,-626,2639,-17457
alpha 0.005,6,140,-5,-631,2640,-17462
alpha 0.005,6,141,-5,-636,2641,-17467
alpha 0.005,6,142,-5,-641,2642,-17472
alpha 0.005,6,143,-5,-646,2643,-17477
alpha 0.005,6,144,-5,-651,2644,-17482
alpha 0.005,6,145,-5,-656,2645,-17487
alpha 0.005,6,146,-5,-661,2646,-17492
alpha 0.005,6,147,-5,-666,2647,-17497
alpha 0.005,6,148,-5,-671,2648,-17502
alpha 0.005,6,149,-5,-676,2649,-17507
alpha 0.005,6,150,-5,-681,2650,-17512
alpha 0.005,6,151,-5,-686,2651,-17517
alpha 0.005,6,152,-5,-691,2652,-17522
alpha 0.005,6,153,-5,-696,2653,-17527
alpha 0.005,6,154,-5,-701,2654,-17532
alpha 0.005,6,155,-5,-706,2655,-17537
alpha 0.005,6,156,-5,-711,2656,-17542
alpha 0.005,6,157,-5,-716,2657,-17547
alpha 0.005,6,158,-5,-721,2658,-17552
alpha 0.005,6,159,-5,-726,2659,-17557
alpha 0.005,6,160,-5,-731,2660,-17562
alpha 0.005,6,161,-5,-736,2661,-17567
alpha 0.005,6,162,-5,-741,2662,-17572
alpha 0.005,6,163,-5,-746,2663,-17577
alpha 0.005,6,164,-5,-751,2664,-17582
alpha 0.005,6,165,-5,-756,2665,-17587
alpha 0.005,6,166,-5,-761,2666,-17592
alpha 0.005,6,167,-5,-766,2667,-17597
alpha 0.005,6,168,-5,-771,2668,-17602
alpha 0.005,6,169,-5,-776,2669,-17607
alpha 0.005,6,170,-5,-781,2670,-17612
alpha 0.005,6,171,-5,-786,2671,-17617
alpha 0.005,6,172,-5,-791,2672,-17622
alpha 0.005,6,173,-5,-796,2673,-17627
alpha 0.005,6,174,-5,-801,2674,-17632
alpha 0.005,6,175,-5,-806,2675,-17637
alpha 0.005,6,176,-5,-811,2676,-17642
alpha 0.005,6,177,-5,-816,2677,-17647
alpha 0.005,6,178,-5,-821,2678,-17652
alpha 0.005,6,179,-5,-826,2679,-17657
alpha 0.005,6,180,-5,-831,2680,-17662
alpha 0.005,6,181,-5,-836,2681,-17667
alpha 0.005,6,182,-5,-841,2682,-17672
alpha 0.005,6,183,-5,-846,2683,-17677
alpha 0.005,6,184,-5,-851,2684,-17682
alpha 0.005,6,185,-5,-856,2685,-17687
alpha 0.005,6,186,-5,-861,2686,-17692
alpha 0.005,6,187,-5,-866,2687,-17697
alpha 0.005,6,188,-5,-871,2688,-17702
alpha 0.005,6,189,-5,-876,2689,-17707
alpha 0.005,6,190,-5,-881,2690,-17712
alpha 0.005,6,191,-5,-886,2691,-17717
alpha 0.005,6,192,-5,-891,2692,-17722
alpha 0.005,6,193,-5,-896,2693,-17727
alpha 0.005,6,194,-5,-901,2694,-17732
alpha 0.005,6,195,-5,-906,2695,-17737
alpha 0.005,6,196,-5,-911,2696,-17742
alpha 0.005,6,197,-5,-916,2697,-17747
alpha 0.005,6,198,-5,-921,2698,-17752
alpha 0.005,6,199,-5,-926,2699,-17757
alpha 0.005,6,200,-5,-931,2700,-17762
alpha 0.005,6,201,-5,-936,2701,-17767
alpha 0.005,6,202,-5,-941,2702,-17772
alpha 0.005,6,203,-5,-946,2703,-17777
alpha 0.005,6,204,-5,-951,2704,-17782
alpha 0.005,6,205,-5,-956,2705,-17787
alpha 0.005,6,206,-5,-961,2706,-17792
alpha 0.005,6,207,-5,-966,2707,-17797
alpha 0.005,6,208,-5,-971,2708,-17802
alpha 0.005,6,209,-5,-976,2709,-17807
alpha 0.005,6,210,-5,-981,2710,-17812
alpha 0.005,6,211,-5,-986,2711,-17817
alpha 0.005,6,212,-5,-991,2712,-17822
alpha 0.005,6,213,-5,-996,2713,-17827
alpha 0.005,6,214,-5,-1001,2714,-17832
alpha 0.005,6,215,-5,-1006,2715,-17837
alpha 0.005,6,216,-5,-1011,2716,-17842
alpha 0.005,6,217,-5,-1016,2717,-17847
alpha 0.005,6,218,-5,-1021,2718,-17852
alpha 0.005,6,219,-5,-1026,2719,-17857
alpha 0.005,6,220,-5,-1031,2720,-17862
alpha 0.005,6,221,-5,-1036,2721,-17867
alpha 0.005,6,222,-5,-1041,2722,-17872
alpha 0.005,6,223,-5,-1046,2723,-17877
alpha 0.005,6,224,-5,-1051,2724,-17882
alpha 0.005,6,225,-5,-1056,2725,-17887
alpha 0.005,6,226,-5,-1061,2726,-17892
alpha 0.005,6,227,-5,-1066,2727,-17897
alpha 0.005,6,228,-5,-1071,2728,-17902
alpha 0.005,6,229,-5,-1076,2729,-17907
alpha 0.005,6,230,-5,-1081,2730,-17912
alpha 0.005,6,231,-5,-1086,2731,-17917
alpha 0.005,6,232,-5,-1091,2732,-17922
alpha 0.005,6,233,-5,-1096,2733,-17927
alpha 0.005,6,234,-5,-1101,2734,-17932
alpha 0.005,6,235,-5,-1106,2735,-17937
alpha 0.005,6,236,-5,-1111,2736,-17942
alpha 0.005,6,237,-5,-1116,2737,-17947
alpha 0.005,6,238,-5,-1121,2738,-17952
alpha 0.005,6,239,-5,-1126,2739,-17957
alpha 0.005,6,240,-5,-1131,2740,-17962
alpha 0.005,6,241,-5,-1136,2741,-17967
alpha 0.005,6,242,-5,-1141,2742,-17972
alpha 0.005,6,243,-5,-1146,2743,-17977
alpha 0.005,6,244,-5,-1151,2744,-17982
alpha 0.005,6,245,-5,-1156,2745,-17987
alpha 0.005,6,246,-5,-1161,2746,-17992
alpha 0.005,6,247,-5,-1166,2747,-17997
alpha 0.005,6,248,-5,-1171,2748,-18002
alpha 0.005,6,249,-5,-1176,2749,-18007
alpha 0.005,6,250,-5,-1181,2750,-18012
alpha 0.005,6,251,-5,-1186,2751,-18017
alpha 0.005,6,252,-5,-1191,2752,-18022
alpha 0.005,6,253,-5,-1196,2753,-18027
alpha 0.005,6,254,-5,-1201,2754,-18032
alpha 0.005,6,255,-5,-1206,2755,-18037
alpha 0.005,6,256,-5,-1211,2756,-18042
alpha 0.005,6,257,-5,-1216,2757,-18047
alpha 0.005,6,258,-5,-1221,2758,-18052
alpha 0.005,6,259,-5,-1226,2759,-18057
alpha 0.005,6,260,-5,-1231,2760,-18062
alpha 0.005,6,261,-5,-1236,2761,-18067
alpha 0.005,6,262,-5,-1241,2762,-18072
alpha 0.005,6,263,-5,-1246,2763,-18077
alpha 0.005,6,264,-5,-1251,2764,-18082
alpha 0.005,6,265,-5,-1256,2765,-18087
alpha 0.005,6,266,-5,-1261,2766,-18092
alpha 0.005,6,267,-5,-1266,2767,-18097
alpha 0.005,6,268,-5,-1271,2768,-18102
alpha 0.005,6,269,-5,-1276,2769,-18107
alpha 0.005,6,270,-5,-1281,2770,-18112
alpha 0.005,6,271,-5,-1286,2771,-18117
alpha 0.005,6,272,-5,-1291,2772,-18122
alpha 0.005,6,273,-5,-1296,2773,-18127
alpha 0.005,6,274,-5,-1301,2774,-18132
alpha 0.005,6,275,-5,-1306,2775,-18137
alpha 0.005,6,276,-5,-1311,2776,-18142
alpha 0.005,6,277,-5,-1316,2777,-18147
alpha 0.005,6,278,-5,-1321,2778,-18152
alpha 0.005,6,279,-5,-1326,2779,-18157
alpha 0.005,6,280,-5,-1331,2780,-18162
alpha 0.005,6,281,-5,-1336,2781,-18167
alpha 0.005,6,282,-5,-1341,2782,-18172
alpha 0.005,6,283,-5,-1346,2783,-18177
alpha 0.005,6,284,-5,-1351,2784,-18182
alpha 0.005,6,285,-5,-1356,2785,-18187
alpha 0.005,6,286,-5,-1361,2786,-18192
alpha 0.005,6,287,-5,-1366,2787,-18197
alpha 0.005,6,288,-5,-1371,2788,-18202
alpha 0.005,6,289,-5,-1376,2789,-18207
alpha 0.005,6,290,-5,-1381,2790,-18212
alpha 0.005,6,291,-5,-1386,2791,-18217
alpha 0.005,6,292,-5,-1391,2792,-18222
alpha 0.005,6,293,-5,-1396,2793,-18227
alpha 0.005,6,294,-5,-1401,2794,-18232
alpha 0.005,6,295,-5,-1406,2795,-18237
alpha 0.005,6,296,-5,-1411,2796,-18242
alpha 0.005,6,297,-5,-1416,2797,-18247
alpha 0.005,6,298,-5,-1421,2798,-18252
alpha 0.005,6,299,-5,-1426,2799,-18257
alpha 0.005,6,300,-5,-1431,2800,-18262
alpha 0.005,6,301,-5,-1436,2801,-18267
alpha 0.005,6,302,-5,-1441,2802,-18272
alpha 0.005,6,303,-5,-1446,2803,-18277
alpha 0.005,6,304,-5,-1451,2804,-18282
alpha 0.005,6,305,-5,-1456,2805,-18287
alpha 0.005,6,306,-5,-1461,2806,-18292
alpha 0.005,6,307,-5,-1466,2807,-18297
alpha 0.005,6,308,-5,-1471,2808,-18302
alpha 0.005,6,309,-5,-1476,2809,-18307
alpha 0.005,6,310,-5,-1481,2810,-18312
alpha 0.005,6,311,-5,-1486,2811,-18317
alpha 0.005,6,312,-5,-1491,2812,-18322
alpha 0.005,6,313,-5,-1496,2813,-18327
alpha 0.005,6,314,-5,-1501,2814,-18332
alpha 0.005,6,315,-5,-1506,2815,-18337
alpha 0.005,6,316,-5,-1511,2816,-18342
alpha 0.005,6,317,-5,-1516,2817,-18347
alpha 0.005,6,318,-5,-1521,2818,-18352
alpha 0.005,6,319,-5,-1526,2819,-18357
alpha 0.005,6,320,-5,-1531,2820,-18362
alpha 0.005,6,321,-5,-1536,2821,-18367
alpha 0.005,6,322,-5,-1541,2822,-18372
alpha 0.005,6,323,-5,-1546,2823,-18377
alpha 0.005,6,324,-5,-1551,2824,-18382
alpha 0.005,6,325,-5,-1556,2825,-18387
alpha 0.005,6,326,-5,-1561,2826,-18392
alpha 0.005,6,327,-5,-1566,2827,-18397
alpha 0.005,6,328,-5,-1571,2828,-18402
alpha 0.005,6,329,-5,-1576,2829,-18407
alpha 0.005,6,330,-5,-1581,2830,-18412
alpha 0.005,6,331,-5,-1586,2831,-18417
alpha 0.005,6,332,-5,-1591,2832,-18422
alpha 0.005,6,333,-5,-1596,2833,-18427
alpha 0.005,6,334,-5,-1601,2834,-18432
alpha 0.005,6,335,-5,-1606,2835,-18437
alpha 0.005,6,336,-5,-1611,2836,-18442
alpha 0.005,6,337,-5,-1616,2837,-18447
alpha 0.005,6,338,-5,-1621,2838,-18452
alpha 0.005,6,339,-5,-1626,2839,-18457
alpha 0.005,6,340,-5,-1631,2840,-18462
alpha 0.005,6,341,-5,-1636,2841,-18467
alpha 0.005,6,342,-5,-1641,2842,-18472
alpha 0.005,6,343,-5,-1646,2843,-18477
alpha 0.005,6,344,-5,-1651,2844,-18482
alpha 0.005,6,345,-5,-1656,2845,-18487
alpha 0.005,6,346,-5,-1661,2846,-18492
alpha 0.005,6,347,-5,-1666,2847,-18497
alpha 0.005,6,348,-5,-1671,2848,-18502
alpha 0.005,6,349,-5,-1676,2849,-18507
alpha 0.005,6,350,-5,-1681,2850,-18512
alpha 0.005,6,351,-5,-1686,2851,-18517
alpha 0.005,6,352,-5,-1691,2852,-18522
alpha 0.005,6,353,-5,-1696,2853,-18527
alpha 0.005,6,354,-5,-1701,2854,-18532
alpha 0.005,6,355,-5,-1706,2855,-18537
alpha 0.005,6,356,-5,-1711,2856,-18542
alpha 0.005,6,357,-5,-1716,2857,-18547
alpha 0.005,6,358,-5,-1721,2858,-18552
alpha 0.005,6,359,-5,-1726,2859,-18557
alpha 0.005,6,360,-5,-1731,2860,-18562
alpha 0.005,6,361,-5,-1736,2861,-18567
alpha 0.005,6,362,-5,-1741,2862,-18572
alpha 0.005,6,363,-5,-1746,2863,-18577
alpha 0.005,6,364,-5,-1751,2864,-18582
alpha 0.005,6,365,-5,-1756,2865,-18587
alpha 0.005,6,366,-5,-1761,2866,-18592
alpha 0.005,6,367,-5,-1766,2867,-18597
alpha 0.005,6,368,-5,-1771,2868,-18602
alpha 0.005,6,369,-5,-1776,2869,-18607
alpha 0.005,6,370,-5,-1781,2870,-18612
alpha 0.005,6,371,-5,-1786,2871,-18617
alpha 0.005,6,372,-5,-1791,2872,-18622
alpha 0.005,6,373,-5,-1796,2873,-18627
alpha 0.005,6,374,-5,-1801,2874,-18632
alpha 0.005,6,375,-5,-1806,2875,-18637
alpha 0.005,6,376,-5,-1811,2876,-18642
alpha 0.005,6,377,-5,-1816,2877,-18647
alpha 0.005,6,378,-5,-1821,2878,-18652
alpha 0.005,6,379,-5,-1826,2879,-18657
alpha 0.005,6,380,-5,-1831,2880,-18662
alpha 0.005,6,381,-5,-1836,2881,-18667
alpha 0.005,6,382,-5,-1841,2882,-18672
alpha 0.005,6,383,-5,-1846,2883,-18677
alpha 0.005,6,384,-5,-1851,2884,-18682
alpha 0.005,6,385,-5,-1856,2885,-18687
alpha 0.005,6,386,-5,-1861,2886,-18692
alpha 0.005,6,387,-5,-1866,2887,-18697
alpha 0.005,6,388,-5,-1871,2888,-18702
alpha 0.005,6,389,-5,-1876,2889,-18707
alpha 0.005,6,390,-5,-1881,2890,-18712
alpha 0.005,6,391,-5,-1886,2891,-18717
alpha 0.005,6,392,-5,-1891,2892,-18722
alpha 0.005,6,393,-5,-1896,2893,-18727
alpha 0.005,6,394,-5,-1901,2894,-18732
alpha 0.005,6,395,-5,-1906,2895,-18737
alpha 0.005,6,396,-5,-1911,2896,-18742
alpha 0.005,6,397,-5,-1916,2897,-18747
alpha 0.005,6,398,-5,-1921,2898,-18752
alpha 0.005,6,399,-5,-1926,2899,-18757
alpha 0.005,6,400,-5,-1931,2900,-18762
alpha 0.005,6,401,-5,-1936,2901,-18767
alpha 0.005,6,402,-5,-1941,2902,-18772
alpha 0.005,6,403,-5,-1946,2903,-18777
alpha 0.005,6,404,-5,-1951,2904,-18782
alpha 0.005,6,405,-5,-1956,2905,-18787
alpha 0.005,6,406,-5,-1961,2906,-18792
alpha 0.005,6,407,-5,-1966,2907,-18797
alpha 0.005,6,408,-5,-1971,2908,-18802
alpha 0.005,6,409,-5,-1976,2909,-18807
alpha 0.005,6,410,-5,-1981,2910,-18812
alpha 0.005,6,411,-5,-1986,2911,-18817
alpha 0.005,6,412,-5,-1991,2912,-18822
alpha 0.005,6,413,-5,-1996,2913,-18827
alpha 0.005,6,414,-5,-2001,2914,-18832
alpha 0.005,6,415,-5,-2006,2915,-18837
alpha 0.005,6,416,-6,-2012,2916,-18843
alpha 0.005,6,417,-6,-2018,2917,-18849
alpha 0.005,6,418,-5,-2023,2918,-18854
alpha 0.005,6,419,-5,-2028,2919,-18859
alpha 0.005,6,420,-5,-2033,2920,-18864
alpha 0.005,6,421,-5,-2038,2921,-18869
alpha 0.005,6,422,-5,-2043,2922,-18874
alpha 0.005,6,423,-5,-2048,2923,-18879
alpha 0.005,6,424,-5,-2053,2924,-18884
alpha 0.005,6,425,-5,-2058,2925,-18889
alpha 0.005,6,426,-5,-2063,2926,-18894
alpha 0.005,6,427,-5,-2068,2927,-18899
alpha 0.005,6,428,-5,-2073,2928,-18904
alpha 0.005,6,429,-5,-2078,2929,-18909
alpha 0.005,6,430,-5,-2083,2930,-18914
alpha 0.005,6,431,-5,-2088,2931,-18919
alpha 0.005,6,432,-5,-2093,2932,-18924
alpha 0.005,6,433,-5,-2098,2933,-18929
alpha 0.005,6,434,-5,-2103,2934,-18934
alpha 0.005,6,435,-5,-2108,2935,-18939
alpha 0.005,6,436,-5,-2113,2936,-18944
alpha 0.005,6,437,-5,-2118,2937,-18949
alpha 0.005,6,438,-5,-2123,2938,-18954
alpha 0.005,6,439,-5,-2128,2939,-18959
alpha 0.005,6,440,-5,-2133,2940,-18964
alpha 0.005,6,441,-5,-2138,2941,-18969
alpha 0.005,6,442,-5,-2143,2942,-18974
alpha 0.005,6,443,-5,-2148,2943,-18979
alpha 0.005,6,444,-5,-2153,2944,-18984
alpha 0.005,6,445,-5,-2158,2945,-18989
alpha 0.005,6,446,-5,-2163,2946,-18994
alpha 0.005,6,447,-5,-2168,2947,-18999
alpha 0.005,6,448,-5,-2173,2948,-19004
alpha 0.005,6,449,-5,-2178,2949,-19009
alpha 0.005,6,450,-5,-2183,2950,-19014
alpha 0.005,6,451,-5,-2188,2951,-19019
alpha 0.005,6,452,-5,-2193,2952,-19024
alpha 0.005,6,453,-5,-2198,2953,-19029
alpha 0.005,6,454,-5,-2203,2954,-19034
alpha 0.005,6,455,-5,-2208,2955,-19039
alpha 0.005,6,456,-5,-2213,2956,-19044
alpha 0.005,6,457,-5,-2218,2957,-19049
alpha 0.005,6,458,-5,-2223,2958,-19054
alpha 0.005,6,459,-5,-2228,2959,-19059
alpha 0.005,6,460,-5,-2233,2960,-19064
alpha 0.005,6,461,-5,-2238,2961,-19069
alpha 0.005,6,462,-5,-2243,2962,-19074
alpha 0.005,6,463,-5,-2248,2963,-19079
alpha 0.005,6,464,-5,-2253,2964,-19084
alpha 0.005,6,465,-5,-2258,2965,-19089
alpha 0.005,6,466,-5,-2263,2966,-19094
alpha 0.005,6,467,-5,-2268,2967,-19099
alpha 0.005,6,468,-5,-2273,2968,-19104
alpha 0.005,6,469,-5,-2278,2969,-19109
alpha 0.005,6,470,-5,-2283,2970,-19114
alpha 0.005,6,471,-5,-2288,2971,-19119
alpha 0.005,6,472,-5,-2293,2972,-19124
alpha 0.005,6,473,-5,-2298,2973,-19129
alpha 0.005,6,474,-5,-2303,2974,-19134
alpha 0.005,6,475,-5,-2308,2975,-19139
alpha 0.005,6,476,-5,-2313,2976,-19144
alpha 0.005,6,477,-5,-2318,2977,-19149
alpha 0.005,6,478,-5,-2323,2978,-19154
alpha 0.005,6,479,-5,-2328,2979,-19159
alpha 0.005,6,480,-5,-2333,2980,-19164
alpha 0.005,6,481,-5,-2338,2981,-19169
alpha 0.005,6,482,-5,-2343,2982,-19174
alpha 0.005,6,483,-5,-2348,2983,-19179
alpha 0.005,6,484,-5,-2353,2984,-19184
alpha 0.005,6,485,-5,-2358,2985,-19189
alpha 0.005,6,486,-5,-2363,2986,-19194
alpha 0.005,6,487,-5,-2368,2987,-19199
alpha 0.005,6,488,-5,-2373,2988,-19204
alpha 0.005,6,489,-5,-2378,2989,-19209
alpha 0.005,6,490,-5,-2383,2990,-19214
alpha 0.005,6,491,-5,-2388,2991,-19219
alpha 0.005,6,492,-5,-2393,2992,-19224
alpha 0.005,6,493,-5,-2398,2993,-19229
alpha 0.005,6,494,-5,-2403,2994,-19234
alpha 0.005,6,495,-5,-2408,2995,-19239
alpha 0.005,6,496,-5,-2413,2996,-19244
alpha 0.005,6,497,-5,-2418,2997,-19249
alpha 0.005,6,498,-5,-2423,2998,-19254
alpha 0.005,6,499,-5,-2428,2999,-19259
alpha 0.005,6,500,-5,-2433,3000,-19264
alpha 0.0005,1,1,4,4,1,4
alpha 0.0005,1,2,2,6,2,6
alpha 0.0005,1,3,1,7,3,7
alpha 0.0005,1,4,-2,5,4,5
alpha 0.0005,1,5,-4,1,5,1
alpha 0.0005,1,6,-6,-5,6,-5
alpha 0.0005,1,7,-7,-12,7,-12
alpha 0.0005,1,8,-7,-19,8,-19
alpha 0.0005,1,9,-6,-25,9,-25
alpha 0.0005,1,10,-6,-31,10,-31
alpha 0.0005,1,11,-6,-37,11,-37
alpha 0.0005,1,12,-6,-43,12,-43
alpha 0.0005,1,13,-6,-49,13,-49
alpha 0.0005,1,14,-6,-55,14,-55
alpha 0.0005,1,15,-6,-61,15,-61
alpha 0.0005,1,16,-6,-67,16,-67
alpha 0.0005,1,17,-6,-73,17,-73
alpha 0.0005,1,18,-6,-79,18,-79
alpha 0.0005,1,19,-5,-84,19,-84
alpha 0.0005,1,20,-5,-89,20,-89
alpha 0.0005,1,21,-5,-94,21,-94
alpha 0.0005,1,22,-5,-99,22,-99
alpha 0.0005,1,23,-5,-104,23,-104
alpha 0.0005,1,24,-5,-109,24,-109
alpha 0.0005,1,25,-5,-114,25,-114
alpha 0.0005,1,26,-5,-119,26,-119
alpha 0.0005,1,27,-5,-124,27,-124
alpha 0.0005,1,28,-5,-129,28,-129
alpha 0.0005,1,29,-5,-134,29,-134
alpha 0.0005,1,30,-5,-139,30,-139
alpha 0.0005,1,31,-5,-144,31,-144
alpha 0.0005,1,32,-5,-149,32,-149
alpha 0.0005,1,33,-5,-154,33,-154
alpha 0.0005,1,34,-5,-159,34,-159
alpha 0.0005,1,35,-5,-164,35,-164
alpha 0.0005,1,36,-6,-170,36,-170
alpha 0.0005,1,37,-6,-176,37,-176
alpha 0.0005,1,38,-6,-182,38,-182
alpha 0.0005,1,39,-5,-187,39,-187
alpha 0.0005,1,40,-6,-193,40,-193
alpha 0.0005,1,41,-6,-199,41,-199
alpha 0.0005,1,42,-6,-205,42,-205
alpha 0.0005,1,43,-6,-211,43,-211
alpha 0.0005,1,44,-7,-218,44,-218
alpha 0.0005,1,45,-7,-225,45,-225
alpha 0.0005,1,46,-7,-232,46,-232
alpha 0.0005,1,47,-7,-239,47,-239
alpha 0.0005,1,48,-7,-246,48,-246
alpha 0.0005,1,49,-7,-253,49,-253
alpha 0.0005,1,50,-7,-260,50,-260
alpha 0.0005,1,51,-7,-267,51,-267
alpha 0.0005,1,52,-7,-274,52,-274
alpha 0.0005,1,53,-7,-281,53,-281
alpha 0.0005,1,54,-7,-288,54,-288
alpha 0.0005,1,55,-7,-295,55,-295
alpha 0.0005,1,56,-7,-302,56,-302
alpha 0.0005,1,57,-7,-309,57,-309
alpha 0.0005,1,58,-7,-316,58,-316
alpha 0.0005,1,59,-7,-323,59,-323
alpha 0.0005,1,60,-7,-330,60,-330
alpha 0.0005,1,61,-8,-338,61,-338
alpha 0.0005,1,62,-8,-346,62,-346
alpha 0.0005,1,63,-8,-354,63,-354
alpha 0.0005,1,64,-8,-362,64,-362
alpha 0.0005,1,65,-8,-370,65,-370
alpha 0.0005,1,66,-8,-378,66,-378
alpha 0.0005,1,67,-8,-386,67,-386
alpha 0.0005,1,68,-8,-394,68,-394
alpha 0.0005,1,69,-8,-402,69,-402
alpha 0.0005,1,70,-8,-410,70,-410
alpha 0.0005,1,71,-8,-418,71,-418
alpha 0.0005,1,72,-8,-426,72,-426
alpha 0.0005,1,73,-8,-434,73,-434
alpha 0.0005,1,74,-8,-442,74,-442
alpha 0.0005,1,75,-8,-450,75,-450
alpha 0.0005,1,76,-8,-458,76,-458
alpha 0.0005,1,77,-8,-466,77,-466
alpha 0.0005,1,78,-8,-474,78,-474
alpha 0.0005,1,79,-8,-482,79,-482
alpha 0.0005,1,80,-8,-490,80,-490
alpha 0.0005,1,81,-8,-498,81,-498
alpha 0.0005,1,82,-8,-506,82,-506
alpha 0.0005,1,83,-8,-514,83,-514
alpha 0.0005,1,84,-8,-522,84,-522
alpha 0.0005,1,85,-8,-530,85,-530
alpha 0.0005,1,86,-8,-538,86,-538
alpha 0.0005,1,87,-8,-546,87,-546
alpha 0.0005,1,88,-8,-554,88,-554
alpha 0.0005,1,89,-10,-564,89,-564
alpha 0.0005,1,90,-10,-574,90,-574
alpha 0.0005,1,91,-8,-582,91,-582
alpha 0.0005,1,92,-8,-590,92,-590
alpha 0.0005,1,93,-8,-598,93,-598
alpha 0.0005,1,94,-8,-606,94,-606
alpha 0.0005,1,95,-8,-614,95,-614
alpha 0.0005,1,96,-8,-622,96,-622
alpha 0.0005,1,97,-8,-630,97,-630
alpha 0.0005,1,98,-8,-638,98,-638
alpha 0.0005,1,99,-7,-645,99,-645
alpha 0.0005,1,100,-7,-652,100,-652
alpha 0.0005,1,101,-7,-659,101,-659
alpha 0.0005,1,102,-7,-666,102,-666
alpha 0.0005,1,103,-7,-673,103,-673
alpha 0.0005,1,104,-8,-681,104,-681
alpha 0.0005,1,105,-7,-688,105,-688
alpha 0.0005,1,106,-7,-695,106,-695
alpha 0.0005,1,107,-7,-702,107,-702
alpha 0.0005,1,108,-7,-709,108,-709
alpha 0.0005,1,109,-7,-716,109,-716
alpha 0.0005,1,110,-7,-723,110,-723
alpha 0.0005,1,111,-7,-730,111,-730
alpha 0.0005,1,112,-7,-737,112,-737
alpha 0.0005,1,113,-7,-744,113,-744
alpha 0.0005,1,114,-7,-751,114,-751
alpha 0.0005,1,115,-7,-758,115,-758
alpha 0.0005,1,116,-7,-765,116,-765
alpha 0.0005,1,117,-7,-772,117,-772
alpha 0.0005,1,118,-7,-779,118,-779
alpha 0.0005,1,119,-7,-786,119,-786
alpha 0.0005,1,120,-7,-793,120,-793
alpha 0.0005,1,121,-7,-800,121,-800
alpha 0.0005,1,122,-7,-807,122,-807
alpha 0.0005,1,123,-7,-814,123,-814
alpha 0.0005,1,124,-7,-821,124,-821
alpha 0.0005,1,125,-7,-828,125,-828
alpha 0.0005,1,126,-7,-835,126,-835
alpha 0.0005,1,127,-7,-842,127,-842
alpha 0.0005,1,128,-7,-849,128,-849
alpha 0.0005,1,129,-7,-856,129,-856
alpha 0.0005,1,130,-7,-863,130,-863
alpha 0.0005,1,131,-7,-870,131,-870
alpha 0.0005,1,132,-5,-875,132,-875
alpha 0.0005,1,133,-5,-880,133,-880
alpha 0.0005,1,134,-4,-884,134,-884
alpha 0.0005,1,135,-4,-888,135,-888
alpha 0.0005,1,136,-4,-892,136,-892
alpha 0.0005,1,137,-6,-898,137,-898
alpha 0.0005,1,138,-6,-904,138,-904
alpha 0.0005,1,139,-6,-910,139,-910
alpha 0.0005,1,140,-3,-913,140,-913
alpha 0.0005,1,141,-3,-916,141,-916
alpha 0.0005,1,142,-3,-919,142,-919
alpha 0.0005,1,143,-3,-922,143,-922
alpha 0.0005,1,144,-3,-925,144,-925
alpha 0.0005,1,145,-5,-930,145,-930
alpha 0.0005,1,146,-5,-935,146,-935
alpha 0.0005,1,147,-5,-940,147,-940
alpha 0.0005,1,148,-3,-943,148,-943
alpha 0.0005,1,149,-3,-946,149,-946
alpha 0.0005,1,150,-3,-949,150,-949
alpha 0.0005,1,151,-5,-954,151,-954
alpha 0.0005,1,152,-5,-959,152,-959
alpha 0.0005,1,153,-5,-964,153,-964
alpha 0.0005,1,154,-5,-969,154,-969
alpha 0.0005,1,155,-3,-972,155,-972
alpha 0.0005,1,156,-3,-975,156,-975
alpha 0.0005,1,157,-3,-978,157,-978
alpha 0.0005,1,158,-5,-983,158,-983
alpha 0.0005,1,159,-5,-988,159,-988
alpha 0.0005,1,160,-5,-993,160,-993
alpha 0.0005,1,161,-5,-998,161,-998
alpha 0.0005,1,162,-5,-1003,162,-1003
alpha 0.0005,1,163,-5,-1008,163,-1008
alpha 0.0005,1,164,-5,-1013,164,-1013
alpha 0.0005,1,165,-5,-1018,165,-1018
alpha 0.0005,1,166,-5,-1023,166,-1023
alpha 0.0005,1,167,-5,-1028,167,-1028
alpha 0.0005,1,168,-5,-1033,168,-1033
alpha 0.0005,1,169,-6,-1039,169,-1039
alpha 0.0005,1,170,-4,-1043,170,-1043
alpha 0.0005,1,171,-4,-1047,171,-1047
alpha 0.0005,1,172,-4,-1051,172,-1051
alpha 0.0005,1,173,-4,-1055,173,-1055
alpha 0.0005,1,174,-4,-1059,174,-1059
alpha 0.0005,1,175,-5,-1064,175,-1064
alpha 0.0005,1,176,-5,-1069,176,-1069
alpha 0.0005,1,177,-5,-1074,177,-1074
alpha 0.0005,1,178,-5,-1079,178,-1079
alpha 0.0005,1,179,-5,-1084,179,-1084
alpha 0.0005,1,180,-7,-1091,180,-1091
alpha 0.0005,1,181,-7,-1098,181,-1098
alpha 0.0005,1,182,-7,-1105,182,-1105
alpha 0.0005,1,183,-7,-1112,183,-1112
alpha 0.0005,1,184,-7,-1119,184,-1119
alpha 0.0005,1,185,-7,-1126,185,-1126
alpha 0.0005,1,186,-7,-1133,186,-1133
alpha 0.0005,1,187,-7,-1140,187,-1140
alpha 0.0005,1,188,-7,-1147,188,-1147
alpha 0.0005,1,189,-7,-1154,189,-1154
alpha 0.0005,1,190,-7,-1161,190,-1161
alpha 0.0005,1,191,-7,-1168,191,-1168
alpha 0.0005,1,192,-7,-1175,192,-1175
alpha 0.0005,1,193,-7,-1182,193,-1182
alpha 0.0005,1,194,-7,-1189,194,-1189
alpha 0.0005,1,195,-7,-1196,195,-1196
alpha 0.0005,1,196,-7,-1203,196,-1203
alpha 0.0005,1,197,-7,-1210,197,-1210
alpha 0.0005,1,198,-7,-1217,198,-1217
alpha 0.0005,1,199,-7,-1224,199,-1224
alpha 0.0005,1,200,-7,-1231,200,-1231
alpha 0.0005,1,201,-7,-1238,201,-1238
alpha 0.0005,1,202,-7,-1245,202,-1245
alpha 0.0005,1,203,-7,-1252,203,-1252
alpha 0.0005,1,204,-7,-1259,204,-1259
alpha 0.0005,1,205,-7,-1266,205,-1266
alpha 0.0005,1,206,-7,-1273,206,-1273
alpha 0.0005,1,207,-7,-1280,207,-1280
alpha 0.0005,1,208,-7,-1287,208,-1287
alpha 0.0005,1,209,-7,-1294,209,-1294
alpha 0.0005,1,210,-7,-1301,210,-1301
alpha 0.0005,1,211,-7,-1308,211,-1308
alpha 0.0005,1,212,-7,-1315,212,-1315
alpha 0.0005,1,213,-7,-1322,213,-1322
alpha 0.0005,1,214,-7,-1329,214,-1329
alpha 0.0005,1,215,-7,-1336,215,-1336
alpha 0.0005,1,216,-7,-1343,216,-1343
alpha 0.0005,1,217,-7,-1350,217,-1350
alpha 0.0005,1,218,-7,-1357,218,-1357
alpha 0.0005,1,219,-7,-1364,219,-1364
alpha 0.0005,1,220,-7,-1371,220,-1371
alpha 0.0005,1,221,-7,-1378,221,-1378
alpha 0.0005,1,222,-7,-1385,222,-1385
alpha 0.0005,1,223,-7,-1392,223,-1392
alpha 0.0005,1,224,-7,-1399,224,-1399
alpha 0.0005,1,225,-8,-1407,225,-1407
alpha 0.0005,1,226,-8,-1415,226,-1415
alpha 0.0005,1,227,-8,-1423,227,-1423
alpha 0.0005,1,228,-8,-1431,228,-1431
alpha 0.0005,1,229,-7,-1438,229,-1438
alpha 0.0005,1,230,-5,-1443,230,-1443
alpha 0.0005,1,231,-5,-1448,231,-1448
alpha 0.0005,1,232,-7,-1455,232,-1455
alpha 0.0005,1,233,-7,-1462,233,-1462
alpha 0.0005,1,234,-7,-1469,234,-1469
alpha 0.0005,1,235,-7,-1476,235,-1476
alpha 0.0005,1,236,-8,-1484,236,-1484
alpha 0.0005,1,237,-8,-1492,237,-1492
alpha 0.0005,1,238,-8,-1500,238,-1500
alpha 0.0005,1,239,-10,-1510,239,-1510
alpha 0.0005,1,240,-10,-1520,240,-1520
alpha 0.0005,1,241,-10,-1530,241,-1530
alpha 0.0005,1,242,-10,-1540,242,-1540
alpha 0.0005,1,243,-10,-1550,243,-1550
alpha 0.0005,1,244,-10,-1560,244,-1560
alpha 0.0005,1,245,-10,-1570,245,-1570
alpha 0.0005,1,246,-10,-1580,246,-1580
alpha 0.0005,1,247,-10,-1590,247,-1590
alpha 0.0005,1,248,-10,-1600,248,-1600
alpha 0.0005,1,249,-10,-1610,249,-1610
alpha 0.0005,1,250,-10,-1620,250,-1620
alpha 0.0005,1,251,-10,-1630,251,-1630
alpha 0.0005,1,252,-10,-1640,252,-1640
alpha 0.0005,1,253,-10,-1650,253,-1650
alpha 0.0005,1,254,-10,-1660,254,-1660
alpha 0.0005,1,255,-10,-1670,255,-1670
alpha 0.0005,1,256,-10,-1680,256,-1680
alpha 0.0005,1,257,-10,-1690,257,-1690
alpha 0.0005,1,258,-10,-1700,258,-1700
alpha 0.0005,1,259,-10,-1710,259,-1710
alpha 0.0005,1,260,-10,-1720,260,-1720
alpha 0.0005,1,261,-10,-1730,261,-1730
alpha 0.0005,1,262,-10,-1740,262,-1740
alpha 0.0005,1,263,-10,-1750,263,-1750
alpha 0.0005,1,264,-10,-1760,264,-1760
alpha 0.0005,1,265,-10,-1770,265,-1770
alpha 0.0005,1,266,-10,-1780,266,-1780
alpha 0.0005,1,267,-10,-1790,267,-1790
alpha 0.0005,1,268,-10,-1800,268,-1800
alpha 0.0005,1,269,-10,-1810,269,-1810
alpha 0.0005,1,270,-10,-1820,270,-1820
alpha 0.0005,1,271,-10,-1830,271,-1830
alpha 0.0005,1,272,-10,-1840,272,-1840
alpha 0.0005,1,273,-10,-1850,273,-1850
alpha 0.0005,1,274,-10,-1860,274,-1860
alpha 0.0005,1,275,-10,-1870,275,-1870
alpha 0.0005,1,276,-10,-1880,276,-1880
alpha 0.0005,1,277,-10,-1890,277,-1890
alpha 0.0005,1,278,-10,-1900,278,-1900
alpha 0.0005,1,279,-8,-1908,279,-1908
alpha 0.0005,1,280,-10,-1918,280,-1918
alpha 0.0005,1,281,-10,-1928,281,-1928
alpha 0.0005,1,282,-8,-1936,282,-1936
alpha 0.0005,1,283,-7,-1943,283,-1943
alpha 0.0005,1,284,-7,-1950,284,-1950
alpha 0.0005,1,285,-7,-1957,285,-1957
alpha 0.0005,1,286,-7,-1964,286,-1964
alpha 0.0005,1,287,-7,-1971,287,-1971
alpha 0.0005,1,288,-7,-1978,288,-1978
alpha 0.0005,1,289,-7,-1985,289,-1985
alpha 0.0005,1,290,-7,-1992,290,-1992
alpha 0.0005,1,291,-7,-1999,291,-1999
alpha 0.0005,1,292,-7,-2006,292,-2006
alpha 0.0005,1,293,-7,-2013,293,-2013
alpha 0.0005,1,294,-5,-2018,294,-2018
alpha 0.0005,1,295,-5,-2023,295,-2023
alpha 0.0005,1,296,-5,-2028,296,-2028
alpha 0.0005,1,297,-5,-2033,297,-2033
alpha 0.0005,1,298,-5,-2038,298,-2038
alpha 0.0005,1,299,-5,-2043,299,-2043
alpha 0.0005,1,300,-5,-2048,300,-2048
alpha 0.0005,1,301,-4,-2052,301,-2052
alpha 0.0005,1,302,-3,-2055,302,-2055
alpha 0.0005,1,303,-3,-2058,303,-2058
alpha 0.0005,1,304,-3,-2061,304,-2061
alpha 0.0005,1,305,-3,-2064,305,-2064
alpha 0.0005,1,306,-3,-2067,306,-2067
alpha 0.0005,1,307,-3,-2070,307,-2070
alpha 0.0005,1,308,-3,-2073,308,-2073
alpha 0.0005,1,309,-3,-2076,309,-2076
alpha 0.0005,1,310,-2,-2078,310,-2078
alpha 0.0005,1,311,1,-2077,311,-2077
alpha 0.0005,1,312,1,-2076,312,-2076
alpha 0.0005,1,313,-2,-2078,313,-2078
alpha 0.0005,1,314,-2,-2080,314,-2080
alpha 0.0005,1,315,-2,-2082,315,-2082
alpha 0.0005,1,316,-2,-2084,316,-2084
alpha 0.0005,1,317,-2,-2086,317,-2086
alpha 0.0005,1,318,1,-2085,318,-2085
alpha 0.0005,1,319,1,-2084,319,-2084
alpha 0.0005,1,320,1,-2083,320,-2083
alpha 0.0005,1,321,-4,-2087,321,-2087
alpha 0.0005,1,322,-3,-2090,322,-2090
alpha 0.0005,1,323,-3,-2093,323,-2093
alpha 0.0005,1,324,-3,-2096,324,-2096
alpha 0.0005,1,325,-1,-2097,325,-2097
alpha 0.0005,1,326,-2,-2099,326,-2099
alpha 0.0005,1,327,-2,-2101,327,-2101
alpha 0.0005,1,328,-3,-2104,328,-2104
alpha 0.0005,1,329,-4,-2108,329,-2108
alpha 0.0005,1,330,-4,-2112,330,-2112
alpha 0.0005,1,331,-4,-2116,331,-2116
alpha 0.0005,1,332,-4,-2120,332,-2120
alpha 0.0005,1,333,-4,-2124,333,-2124
alpha 0.0005,1,334,-4,-2128,334,-2128
alpha 0.0005,1,335,-5,-2133,335,-2133
alpha 0.0005,1,336,-5,-2138,336,-2138
alpha 0.0005,1,337,-5,-2143,337,-2143
alpha 0.0005,1,338,-5,-2148,338,-2148
alpha 0.0005,1,339,-5,-2153,339,-2153
alpha 0.0005,1,340,-5,-2158,340,-2158
alpha 0.0005,1,341,-5,-2163,341,-2163
alpha 0.0005,1,342,-5,-2168,342,-2168
alpha 0.0005,1,343,-8,-2176,343,-2176
alpha 0.0005,1,344,-10,-2186,344,-2186
alpha 0.0005,1,345,-10,-2196,345,-2196
alpha 0.0005,1,346,-10,-2206,346,-2206
alpha 0.0005,1,347,-10,-2216,347,-2216
alpha 0.0005,1,348,-10,-2226,348,-2226
alpha 0.0005,1,349,-10,-2236,349,-2236
alpha 0.0005,1,350,-10,-2246,350,-2246
alpha 0.0005,1,351,-10,-2256,351,-2256
alpha 0.0005,1,352,-10,-2266,352,-2266
alpha 0.0005,1,353,-10,-2276,353,-2276
alpha 0.0005,1,354,-10,-2286,354,-2286
alpha 0.0005,1,355,-10,-2296,355,-2296
alpha 0.0005,1,356,-10,-2306,356,-2306
alpha 0.0005,1,357,-10,-2316,357,-2316
alpha 0.0005,1,358,-10,-2326,358,-2326
alpha 0.0005,1,359,-10,-2336,359,-2336
alpha 0.0005,1,360,-10,-2346,360,-2346
alpha 0.0005,1,361,-10,-2356,361,-2356
alpha 0.0005,1,362,-10,-2366,362,-2366
alpha 0.0005,1,363,-10,-2376,363,-2376
alpha 0.0005,1,364,-10,-2386,364,-2386
alpha 0.0005,1,365,-10,-2396,365,-2396
alpha 0.0005,1,366,-10,-2406,366,-2406
alpha 0.0005,1,367,-10,-2416,367,-2416
alpha 0.0005,1,368,-8,-2424,368,-2424
alpha 0.0005,1,369,-8,-2432,369,-2432
alpha 0.0005,1,370,-8,-2440,370,-2440
alpha 0.0005,1,371,-8,-2448,371,-2448
alpha 0.0005,1,372,-8,-2456,372,-2456
alpha 0.0005,1,373,-8,-2464,373,-2464
alpha 0.0005,1,374,-8,-2472,374,-2472
alpha 0.0005,1,375,-8,-2480,375,-2480
alpha 0.0005,1,376,-8,-2488,376,-2488
alpha 0.0005,1,377,-7,-2495,377,-2495
alpha 0.0005,1,378,-7,-2502,378,-2502
alpha 0.0005,1,379,-7,-2509,379,-2509
alpha 0.0005,1,380,-7,-2516,380,-2516
alpha 0.0005,1,381,-7,-2523,381,-2523
alpha 0.0005,1,382,-7,-2530,382,-2530
alpha 0.0005,1,383,-7,-2537,383,-2537
alpha 0.0005,1,384,-7,-2544,384,-2544
alpha 0.0005,1,385,-7,-2551,385,-2551
alpha 0.0005,1,386,-7,-2558,386,-2558
alpha 0.0005,1,387,-7,-2565,387,-2565
alpha 0.0005,1,388,-6,-2571,388,-2571
alpha 0.0005,1,389,-6,-2577,389,-2577
alpha 0.0005,1,390,-6,-2583,390,-2583
alpha 0.0005,1,391,-5,-2588,391,-2588
alpha 0.0005,1,392,-5,-2593,392,-2593
alpha 0.0005,1,393,-5,-2598,393,-2598
alpha 0.0005,1,394,-5,-2603,394,-2603
alpha 0.0005,1,395,-5,-2608,395,-2608
alpha 0.0005,1,396,-5,-2613,396,-2613
alpha 0.0005,1,397,-5,-2618,397,-2618
alpha 0.0005,1,398,-5,-2623,398,-2623
alpha 0.0005,1,399,-5,-2628,399,-2628
alpha 0.0005,1,400,-5,-2633,400,-2633
alpha 0.0005,1,401,-5,-2638,401,-2638
alpha 0.0005,1,402,-5,-2643,402,-2643
alpha 0.0005,1,403,-5,-2648,403,-2648
alpha 0.0005,1,404,-5,-2653,404,-2653
alpha 0.0005,1,405,-5,-2658,405,-2658
alpha 0.0005,1,406,-6,-2664,406,-2664
alpha 0.0005,1,407,-6,-2670,407,-2670
alpha 0.0005,1,408,-6,-2676,408,-2676
alpha 0.0005,1,409,-6,-2682,409,-2682
alpha 0.0005,1,410,-6,-2688,410,-2688
alpha 0.0005,1,411,-7,-2695,411,-2695
alpha 0.0005,1,412,-7,-2702,412,-2702
alpha 0.0005,1,413,-7,-2709,413,-2709
alpha 0.0005,1,414,-7,-2716,414,-2716
alpha 0.0005,1,415,-7,-2723,415,-2723
alpha 0.0005,1,416,-7,-2730,416,-2730
alpha 0.0005,1,417,-7,-2737,417,-2737
alpha 0.0005,1,418,-7,-2744,418,-2744
alpha 0.0005,1,419,-7,-2751,419,-2751
alpha 0.0005,1,420,-7,-2758,420,-2758
alpha 0.0005,1,421,-7,-2765,421,-2765
alpha 0.0005,1,422,-7,-2772,422,-2772
alpha 0.0005,1,423,-7,-2779,423,-2779
alpha 0.0005,1,424,-7,-2786,424,-2786
alpha 0.0005,1,425,-8,-2794,425,-2794
alpha 0.0005,1,426,-8,-2802,426,-2802
alpha 0.0005,1,427,-8,-2810,427,-2810
alpha 0.0005,1,428,-8,-2818,428,-2818
alpha 0.0005,1,429,-8,-2826,429,-2826
alpha 0.0005,1,430,-8,-2834,430,-2834
alpha 0.0005,1,431,-8,-2842,431,-2842
alpha 0.0005,1,432,-10,-2852,432,-2852
alpha 0.0005,1,433,-10,-2862,433,-2862
alpha 0.0005,1,434,-10,-2872,434,-2872
alpha 0.0005,1,435,-10,-2882,435,-2882
alpha 0.0005,1,436,-10,-2892,436,-2892
alpha 0.0005,1,437,-10,-2902,437,-2902
alpha 0.0005,1,438,-10,-2912,438,-2912
alpha 0.0005,1,439,-10,-2922,439,-2922
alpha 0.0005,1,440,-10,-2932,440,-2932
alpha 0.0005,1,441,-10,-2942,441,-2942
alpha 0.0005,1,442,-10,-2952,442,-2952
alpha 0.0005,1,443,-10,-2962,443,-2962
alpha 0.0005,1,444,-10,-2972,444,-2972
alpha 0.0005,1,445,-10,-2982,445,-2982
alpha 0.0005,1,446,-10,-2992,446,-2992
alpha 0.0005,1,447,-10,-3002,447,-3002
alpha 0.0005,1,448,-10,-3012,448,-3012
alpha 0.0005,1,449,-10,-3022,449,-3022
alpha 0.0005,1,450,-10,-3032,450,-3032
alpha 0.0005,1,451,-10,-3042,451,-3042
alpha 0.0005,1,452,-10,-3052,452,-3052
alpha 0.0005,1,453,-10,-3062,453,-3062
alpha 0.0005,1,454,-10,-3072,454,-3072
alpha 0.0005,1,455,-10,-3082,455,-3082
alpha 0.0005,1,456,-10,-3092,456,-3092
alpha 0.0005,1,457,-10,-3102,457,-3102
alpha 0.0005,1,458,-10,-3112,458,-3112
alpha 0.0005,1,459,-6,-3118,459,-3118
alpha 0.0005,1,460,-5,-3123,460,-3123
alpha 0.0005,1,461,-5,-3128,461,-3128
alpha 0.0005,1,462,-5,-3133,462,-3133
alpha 0.0005,1,463,-5,-3138,463,-3138
alpha 0.0005,1,464,-5,-3143,464,-3143
alpha 0.0005,1,465,-5,-3148,465,-3148
alpha 0.0005,1,466,-5,-3153,466,-3153
alpha 0.0005,1,467,-5,-3158,467,-3158
alpha 0.0005,1,468,-5,-3163,468,-3163
alpha 0.0005,1,469,-5,-3168,469,-3168
alpha 0.0005,1,470,-3,-3171,470,-3171
alpha 0.0005,1,471,-3,-3174,471,-3174
alpha 0.0005,1,472,-5,-3179,472,-3179
alpha 0.0005,1,473,-5,-3184,473,-3184
alpha 0.0005,1,474,-5,-3189,474,-3189
alpha 0.0005,1,475,-5,-3194,475,-3194
alpha 0.0005,1,476,-5,-3199,476,-3199
alpha 0.0005,1,477,-5,-3204,477,-3204
alpha 0.0005,1,478,-5,-3209,478,-3209
alpha 0.0005,1,479,-5,-3214,479,-3214
alpha 0.0005,1,480,-5,-3219,480,-3219
alpha 0.0005,1,481,-5,-3224,481,-3224
alpha 0.0005,1,482,-5,-3229,482,-3229
alpha 0.0005,1,483,-5,-3234,483,-3234
alpha 0.0005,1,484,-5,-3239,484,-3239
alpha 0.0005,1,485,-5,-3244,485,-3244
alpha 0.0005,1,486,-5,-3249,486,-3249
alpha 0.0005,1,487,-5,-3254,487,-3254
alpha 0.0005,1,488,-5,-3259,488,-3259
alpha 0.0005,1,489,-5,-3264,489,-3264
alpha 0.0005,1,490,-5,-3269,490,-3269
alpha 0.0005,1,491,-5,-3274,491,-3274
alpha 0.0005,1,492,-5,-3279,492,-3279
alpha 0.0005,1,493,-5,-3284,493,-3284
alpha 0.0005,1,494,-5,-3289,494,-3289
alpha 0.0005,1,495,-5,-3294,495,-3294
alpha 0.0005,1,496,-6,-3300,496,-3300
alpha 0.0005,1,497,-6,-3306,497,-3306
alpha 0.0005,1,498,-6,-3312,498,-3312
alpha 0.0005,1,499,-6,-3318,499,-3318
alpha 0.0005,1,500,-6,-3324,500,-3324
alpha 0.0005,1,1,4,4,1,4
alpha 0.0005,1,2,2,6,2,6
alpha 0.0005,1,3,1,7,3,7
alpha 0.0005,1,4,-2,5,4,5
alpha 0.0005,1,5,-4,1,5,1
alpha 0.0005,1,6,-6,-5,6,-5
alpha 0.0005,1,7,-7,-12,7,-12
alpha 0.0005,1,8,-7,-19,8,-19
alpha 0.0005,1,9,-6,-25,9,-25
alpha 0.0005,1,10,-6,-31,10,-31
alpha 0.0005,1,11,-6,-37,11,-37
alpha 0.0005,1,12,-6,-43,12,-43
alpha 0.0005,1,13,-6,-49,13,-49
alpha 0.0005,1,14,-6,-55,14,-55
alpha 0.0005,1,15,-6,-61,15,-61
alpha 0.0005,1,16,-6,-67,16,-67
alpha 0.0005,1,17,-6,-73,17,-73
alpha 0.0005,1,18,-6,-79,18,-79
alpha 0.0005,1,19,-5,-84,19,-84
alpha 0.0005,1,20,-5,-89,20,-89
alpha 0.0005,1,21,-5,-94,21,-94
alpha 0.0005,1,22,-5,-99,22,-99
alpha 0.0005,1,23,-5,-104,23,-104
alpha 0.0005,1,24,-5,-109,24,-109
alpha 0.0005,1,25,-5,-114,25,-114
alpha 0.0005,1,26,-5,-119,26,-119
alpha 0.0005,1,27,-5,-124,27,-124
alpha 0.0005,1,28,-5,-129,28,-129
alpha 0.0005,1,29,-5,-134,29,-134
alpha 0.0005,1,30,-5,-139,30,-139
alpha 0.0005,1,31,-5,-144,31,-144
alpha 0.0005,1,32,-5,-149,32,-149
alpha 0.0005,1,33,-5,-154,33,-154
alpha 0.0005,1,34,-5,-159,34,-159
alpha 0.0005,1,35,-5,-164,35,-164
alpha 0.0005,1,36,-6,-170,36,-170
alpha 0.0005,1,37,-6,-176,37,-176
alpha 0.0005,1,38,-6,-182,38,-182
alpha 0.0005,1,39,-5,-187,39,-187
alpha 0.0005,1,40,-6,-193,40,-193
alpha 0.0005,1,41,-6,-199,41,-199
alpha 0.0005,1,42,-6,-205,42,-205
alpha 0.0005,1,43,-6,-211,43,-211
alpha 0.0005,1,44,-7,-218,44,-218
alpha 0.0005,1,45,-7,-225,45,-225
alpha 0.0005,1,46,-7,-232,46,-232
alpha 0.0005,1,47,-7,-239,47,-239
alpha 0.0005,1,48,-7,-246,48,-246
alpha 0.0005,1,49,-7,-253,49,-253
alpha 0.0005,1,50,-7,-260,50,-260
alpha 0.0005,1,51,-7,-267,51,-267
alpha 0.0005,1,52,-7,-274,52,-274
alpha 0.0005,1,53,-7,-281,53,-281
alpha 0.0005,1,54,-7,-288,54,-288
alpha 0.0005,1,55,-7,-295,55,-295
alpha 0.0005,1,56,-7,-302,56,-302
alpha 0.0005,1,57,-7,-309,57,-309
alpha 0.0005,1,58,-7,-316,58,-316
alpha 0.0005,1,59,-7,-323,59,-323
alpha 0.0005,1,60,-7,-330,60,-330
alpha 0.0005,1,61,-8,-338,61,-338
alpha 0.0005,1,62,-8,-346,62,-346
alpha 0.0005,1,63,-8,-354,63,-354
alpha 0.0005,1,64,-8,-362,64,-362
alpha 0.0005,1,65,-8,-370,65,-370
alpha 0.0005,1,66,-8,-378,66,-378
alpha 0.0005,1,67,-8,-386,67,-386
alpha 0.0005,1,68,-8,-394,68,-394
alpha 0.0005,1,69,-8,-402,69,-402
alpha 0.0005,1,70,-8,-410,70,-410
alpha 0.0005,1,71,-8,-418,71,-418
alpha 0.0005,1,72,-8,-426,72,-426
alpha 0.0005,1,73,-8,-434,73,-434
alpha 0.0005,1,74,-8,-442,74,-442
alpha 0.0005,1,75,-8,-450,75,-450
alpha 0.0005,1,76,-8,-458,76,-458
alpha 0.0005,1,77,-8,-466,77,-466
alpha 0.0005,1,78,-8,-474,78,-474
alpha 0.0005,1,79,-8,-482,79,-482
alpha 0.0005,1,80,-8,-490,80,-490
alpha 0.0005,1,81,-8,-498,81,-498
alpha 0.0005,1,82,-8,-506,82,-506
alpha 0.0005,1,83,-8,-514,83,-514
alpha 0.0005,1,84,-8,-522,84,-522
alpha 0.0005,1,85,-8,-530,85,-530
alpha 0.0005,1,86,-8,-538,86,-538
alpha 0.0005,1,87,-8,-546,87,-546
alpha 0.0005,1,88,-8,-554,88,-554
alpha 0.0005,1,89,-10,-564,89,-564
alpha 0.0005,1,90,-10,-574,90,-574
alpha 0.0005,1,91,-8,-582,91,-582
alpha 0.0005,1,92,-8,-590,92,-590
alpha 0.0005,1,93,-8,-598,93,-598
alpha 0.0005,1,94,-8,-606,94,-606
alpha 0.0005,1,95,-8,-614,95,-614
alpha 0.0005,1,96,-8,-622,96,-622
alpha 0.0005,1,97,-8,-630,97,-630
alpha 0.0005,1,98,-8,-638,98,-638
alpha 0.0005,1,99,-7,-645,99,-645
alpha 0.0005,1,100,-7,-652,100,-652
alpha 0.0005,1,101,-7,-659,101,-659
alpha 0.0005,1,102,-7,-666,102,-666
alpha 0.0005,1,103,-7,-673,103,-673
alpha 0.0005,1,104,-8,-681,104,-681
alpha 0.0005,1,105,-7,-688,105,-688
alpha 0.0005,1,106,-7,-695,106,-695
alpha 0.0005,1,107,-7,-702,107,-702
alpha 0.0005,1,108,-7,-709,108,-709
alpha 0.0005,1,109,-7,-716,109,-716
alpha 0.0005,1,110,-7,-723,110,-723
alpha 0.0005,1,111,-7,-730,111,-730
alpha 0.0005,1,112,-7,-737,112,-737
alpha 0.0005,1,113,-7,-744,113,-744
alpha 0.0005,1,114,-7,-751,114,-751
alpha 0.0005,1,115,-7,-758,115,-758
alpha 0.0005,1,116,-7,-765,116,-765
alpha 0.0005,1,117,-7,-772,117,-772
alpha 0.0005,1,118,-7,-779,118,-779
alpha 0.0005,1,119,-7,-786,119,-786
alpha 0.0005,1,120,-7,-793,120,-793
alpha 0.0005,1,121,-7,-800,121,-800
alpha 0.0005,1,122,-7,-807,122,-807
alpha 0.0005,1,123,-7,-814,123,-814
alpha 0.0005,1,124,-7,-821,124,-821
alpha 0.0005,1,125,-7,-828,125,-828
alpha 0.0005,1,126,-7,-835,126,-835
alpha 0.0005,1,127,-7,-842,127,-842
alpha 0.0005,1,128,-7,-849,128,-849
alpha 0.0005,1,129,-7,-856,129,-856
alpha 0.0005,1,130,-7,-863,130,-863
alpha 0.0005,1,131,-7,-870,131,-870
alpha 0.0005,1,132,-5,-875,132,-875
alpha 0.0005,1,133,-5,-880,133,-880
alpha 0.0005,1,134,-4,-884,134,-884
alpha 0.0005,1,135,-4,-888,135,-888
alpha 0.0005,1,136,-4,-892,136,-892
alpha 0.0005,1,137,-6,-898,137,-898
alpha 0.0005,1,138,-6,-904,138,-904
alpha 0.0005,1,139,-6,-910,139,-910
alpha 0.0005,1,140,-3,-913,140,-913
alpha 0.0005,1,141,-3,-916,141,-916
alpha 0.0005,1,142,-3,-919,142,-919
alpha 0.0005,1,143,-3,-922,143,-922
alpha 0.0005,1,144,-3,-925,144,-925
alpha 0.0005,1,145,-5,-930,145,-930
alpha 0.0005,1,146,-5,-935,146,-935
alpha 0.0005,1,147,-5,-940,147,-940
alpha 0.0005,1,148,-3,-943,148,-943
alpha 0.0005,1,149,-3,-946,149,-946
alpha 0.0005,1,150,-3,-949,150,-949
alpha 0.0005,1,151,-5,-954,151,-954
alpha 0.0005,1,152,-5,-959,152,-959
alpha 0.0005,1,153,-5,-964,153,-964
alpha 0.0005,1,154,-5,-969,154,-969
alpha 0.0005,1,155,-3,-972,155,-972
alpha 0.0005,1,156,-3,-975,156,-975
alpha 0.0005,1,157,-3,-978,157,-978
alpha 0.0005,1,158,-5,-983,158,-983
alpha 0.0005,1,159,-5,-988,159,-988
alpha 0.0005,1,160,-5,-993,160,-993
alpha 0.0005,1,161,-5,-998,161,-998
alpha 0.0005,1,162,-5,-1003,162,-1003
alpha 0.0005,1,163,-5,-1008,163,-1008
alpha 0.0005,1,164,-5,-1013,164,-1013
alpha 0.0005,1,165,-5,-1018,165,-1018
alpha 0.0005,1,166,-5,-1023,166,-1023
alpha 0.0005,1,167,-5,-1028,167,-1028
alpha 0.0005,1,168,-5,-1033,168,-1033
alpha 0.0005,1,169,-6,-1039,169,-1039
alpha 0.0005,1,170,-4,-1043,170,-1043
alpha 0.0005,1,171,-4,-1047,171,-1047
alpha 0.0005,1,172,-4,-1051,172,-1051
alpha 0.0005,1,173,-4,-1055,173,-1055
alpha 0.0005,1,174,-4,-1059,174,-1059
alpha 0.0005,1,175,-5,-1064,175,-1064
alpha 0.0005,1,176,-5,-1069,176,-1069
alpha 0.0005,1,177,-5,-1074,177,-1074
alpha 0.0005,1,178,-5,-1079,178,-1079
alpha 0.0005,1,179,-5,-1084,179,-1084
alpha 0.0005,1,180,-7,-1091,180,-1091
alpha 0.0005,1,181,-7,-1098,181,-1098
alpha 0.0005,1,182,-7,-1105,182,-1105
alpha 0.0005,1,183,-7,-1112,183,-1112
alpha 0.0005,1,184,-7,-1119,184,-1119
alpha 0.0005,1,185,-7,-1126,185,-1126
alpha 0.0005,1,186,-7,-1133,186,-1133
alpha 0.0005,1,187,-7,-1140,187,-1140
alpha 0.0005,1,188,-7,-1147,188,-1147
alpha 0.0005,1,189,-7,-1154,189,-1154
alpha 0.0005,1,190,-7,-1161,190,-1161
alpha 0.0005,1,191,-7,-1168,191,-1168
alpha 0.0005,1,192,-7,-1175,192,-1175
alpha 0.0005,1,193,-7,-1182,193,-1182
alpha 0.0005,1,194,-7,-1189,194,-1189
alpha 0.0005,1,195,-7,-1196,195,-1196
alpha 0.0005,1,196,-7,-1203,196,-1203
alpha 0.0005,1,197,-7,-1210,197,-1210
alpha 0.0005,1,198,-7,-1217,198,-1217
alpha 0.0005,1,199,-7,-1224,199,-1224
alpha 0.0005,1,200,-7,-1231,200,-1231
alpha 0.0005,1,201,-7,-1238,201,-1238
alpha 0.0005,1,202,-7,-1245,202,-1245
alpha 0.0005,1,203,-7,-1252,203,-1252
alpha 0.0005,1,204,-7,-1259,204,-1259
alpha 0.0005,1,205,-7,-1266,205,-1266
alpha 0.0005,1,206,-7,-1273,206,-1273
alpha 0.0005,1,207,-7,-1280,207,-1280
alpha 0.0005,1,208,-7,-1287,208,-1287
alpha 0.0005,1,209,-7,-1294,209,-1294
alpha 0.0005,1,210,-7,-1301,210,-1301
alpha 0.0005,1,211,-7,-1308,211,-1308
alpha 0.0005,1,212,-7,-1315,212,-1315
alpha 0.0005,1,213,-7,-1322,213,-1322
alpha 0.0005,1,214,-7,-1329,214,-1329
alpha 0.0005,1,215,-7,-1336,215,-1336
alpha 0.0005,1,216,-7,-1343,216,-1343
alpha 0.0005,1,217,-7,-1350,217,-1350
alpha 0.0005,1,218,-7,-1357,218,-1357
alpha 0.0005,1,219,-7,-1364,219,-1364
alpha 0.0005,1,220,-7,-1371,220,-1371
alpha 0.0005,1,221,-7,-1378,221,-1378
alpha 0.0005,1,222,-7,-1385,222,-1385
alpha 0.0005,1,223,-7,-1392,223,-1392
alpha 0.0005,1,224,-7,-1399,224,-1399
alpha 0.0005,1,225,-8,-1407,225,-1407
alpha 0.0005,1,226,-8,-1415,226,-1415
alpha 0.0005,1,227,-8,-1423,227,-1423
alpha 0.0005,1,228,-8,-1431,228,-1431
alpha 0.0005,1,229,-7,-1438,229,-1438
alpha 0.0005,1,230,-5,-1443,230,-1443
alpha 0.0005,1,231,-5,-1448,231,-1448
alpha 0.0005,1,232,-7,-1455,232,-1455
alpha 0.0005,1,233,-7,-1462,233,-1462
alpha 0.0005,1,234,-7,-1469,234,-1469
alpha 0.0005,1,235,-7,-1476,235,-1476
alpha 0.0005,1,236,-8,-1484,236,-1484
alpha 0.0005,1,237,-8,-1492,237,-1492
alpha 0.0005,1,238,-8,-1500,238,-1500
alpha 0.0005,1,239,-10,-1510,239,-1510
alpha 0.0005,1,240,-10,-1520,240,-1520
alpha 0.0005,1,241,-10,-1530,241,-1530
alpha 0.0005,1,242,-10,-1540,242,-1540
alpha 0.0005,1,243,-10,-1550,243,-1550
alpha 0.0005,1,244,-10,-1560,244,-1560
alpha 0.0005,1,245,-10,-1570,245,-1570
alpha 0.0005,1,246,-10,-1580,246,-1580
alpha 0.0005,1,247,-10,-1590,247,-1590
alpha 0.0005,1,248,-10,-1600,248,-1600
alpha 0.0005,1,249,-10,-1610,249,-1610
alpha 0.0005,1,250,-10,-1620,250,-1620
alpha 0.0005,1,251,-10,-1630,251,-1630
alpha 0.0005,1,252,-10,-1640,252,-1640
alpha 0.0005,1,253,-10,-1650,253,-1650
alpha 0.0005,1,254,-10,-1660,254,-1660
alpha 0.0005,1,255,-10,-1670,255,-1670
alpha 0.0005,1,256,-10,-1680,256,-1680
alpha 0.0005,1,257,-10,-1690,257,-1690
alpha 0.0005,1,258,-10,-1700,258,-1700
alpha 0.0005,1,259,-10,-1710,259,-1710
alpha 0.0005,1,260,-10,-1720,260,-1720
alpha 0.0005,1,261,-10,-1730,261,-1730
alpha 0.0005,1,262,-10,-1740,262,-1740
alpha 0.0005,1,263,-10,-1750,263,-1750
alpha 0.0005,1,264,-10,-1760,264,-1760
alpha 0.0005,1,265,-10,-1770,265,-1770
alpha 0.0005,1,266,-10,-1780,266,-1780
alpha 0.0005,1,267,-10,-1790,267,-1790
alpha 0.0005,1,268,-10,-1800,268,-1800
alpha 0.0005,1,269,-10,-1810,269,-1810
alpha 0.0005,1,270,-10,-1820,270,-1820
alpha 0.0005,1,271,-10,-1830,271,-1830
alpha 0.0005,1,272,-10,-1840,272,-1840
alpha 0.0005,1,273,-10,-1850,273,-1850
alpha 0.0005,1,274,-10,-1860,274,-1860
alpha 0.0005,1,275,-10,-1870,275,-1870
alpha 0.0005,1,276,-10,-1880,276,-1880
alpha 0.0005,1,277,-10,-1890,277,-1890
alpha 0.0005,1,278,-10,-1900,278,-1900
alpha 0.0005,1,279,-8,-1908,279,-1908
alpha 0.0005,1,280,-10,-1918,280,-1918
alpha 0.0005,1,281,-10,-1928,281,-1928
alpha 0.0005,1,282,-8,-1936,282,-1936
alpha 0.0005,1,283,-7,-1943,283,-1943
alpha 0.0005,1,284,-7,-1950,284,-1950
alpha 0.0005,1,285,-7,-1957,285,-1957
alpha 0.0005,1,286,-7,-1964,286,-1964
alpha 0.0005,1,287,-7,-1971,287,-1971
alpha 0.0005,1,288,-7,-1978,288,-1978
alpha 0.0005,1,289,-7,-1985,289,-1985
alpha 0.0005,1,290,-7,-1992,290,-1992
alpha 0.0005,1,291,-7,-1999,291,-1999
alpha 0.0005,1,292,-7,-2006,292,-2006
alpha 0.0005,1,293,-7,-2013,293,-2013
alpha 0.0005,1,294,-5,-2018,294,-2018
alpha 0.0005,1,295,-5,-2023,295,-2023
alpha 0.0005,1,296,-5,-2028,296,-2028
alpha 0.0005,1,297,-5,-2033,297,-2033
alpha 0.0005,1,298,-5,-2038,298,-2038
alpha 0.0005,1,299,-5,-2043,299,-2043
alpha 0.0005,1,300,-5,-2048,300,-2048
alpha 0.0005,1,301,-4,-2052,301,-2052
alpha 0.0005,1,302,-3,-2055,302,-2055
alpha 0.0005,1,303,-3,-2058,303,-2058
alpha 0.0005,1,304,-3,-2061,304,-2061
alpha 0.0005,1,305,-3,-2064,305,-2064
alpha 0.0005,1,306,-3,-2067,306,-2067
alpha 0.0005,1,307,-3,-2070,307,-2070
alpha 0.0005,1,308,-3,-2073,308,-2073
alpha 0.0005,1,309,-3,-2076,309,-2076
alpha 0.0005,1,310,-2,-2078,310,-2078
alpha 0.0005,1,311,1,-2077,311,-2077
alpha 0.0005,1,312,1,-2076,312,-2076
alpha 0.0005,1,313,-2,-2078,313,-2078
alpha 0.0005,1,314,-2,-2080,314,-2080
alpha 0.0005,1,315,-2,-2082,315,-2082
alpha 0.0005,1,316,-2,-2084,316,-2084
alpha 0.0005,1,317,-2,-2086,317,-2086
alpha 0.0005,1,318,1,-2085,318,-2085
alpha 0.0005,1,319,1,-2084,319,-2084
alpha 0.0005,1,320,1,-2083,320,-2083
alpha 0.0005,1,321,-4,-2087,321,-2087
alpha 0.0005,1,322,-3,-2090,322,-2090
alpha 0.0005,1,323,-3,-2093,323,-2093
alpha 0.0005,1,324,-3,-2096,324,-2096
alpha 0.0005,1,325,-1,-2097,325,-2097
alpha 0.0005,1,326,-2,-2099,326,-2099
alpha 0.0005,1,327,-2,-2101,327,-2101
alpha 0.0005,1,328,-3,-2104,328,-2104
alpha 0.0005,1,329,-4,-2108,329,-2108
alpha 0.0005,1,330,-4,-2112,330,-2112
alpha 0.0005,1,331,-4,-2116,331,-2116
alpha 0.0005,1,332,-4,-2120,332,-2120
alpha 0.0005,1,333,-4,-2124,333,-2124
alpha 0.0005,1,334,-4,-2128,334,-2128
alpha 0.0005,1,335,-5,-2133,335,-2133
alpha 0.0005,1,336,-5,-2138,336,-2138
alpha 0.0005,1,337,-5,-2143,337,-2143
alpha 0.0005,1,338,-5,-2148,338,-2148
alpha 0.0005,1,339,-5,-2153,339,-2153
alpha 0.0005,1,340,-5,-2158,340,-2158
alpha 0.0005,1,341,-5,-2163,341,-2163
alpha 0.0005,1,342,-5,-2168,342,-2168
alpha 0.0005,1,343,-8,-2176,343,-2176
alpha 0.0005,1,344,-10,-2186,344,-2186
alpha 0.0005,1,345,-10,-2196,345,-2196
alpha 0.0005,1,346,-10,-2206,346,-2206
alpha 0.0005,1,347,-10,-2216,347,-2216
alpha 0.0005,1,348,-10,-2226,348,-2226
alpha 0.0005,1,349,-10,-2236,349,-2236
alpha 0.0005,1,350,-10,-2246,350,-2246
alpha 0.0005,1,351,-10,-2256,351,-2256
alpha 0.0005,1,352,-10,-2266,352,-2266
alpha 0.0005,1,353,-10,-2276,353,-2276
alpha 0.0005,1,354,-10,-2286,354,-2286
alpha 0.0005,1,355,-10,-2296,355,-2296
alpha 0.0005,1,356,-10,-2306,356,-2306
alpha 0.0005,1,357,-10,-2316,357,-2316
alpha 0.0005,1,358,-10,-2326,358,-2326
alpha 0.0005,1,359,-10,-2336,359,-2336
alpha 0.0005,1,360,-10,-2346,360,-2346
alpha 0.0005,1,361,-10,-2356,361,-2356
alpha 0.0005,1,362,-10,-2366,362,-2366
alpha 0.0005,1,363,-10,-2376,363,-2376
alpha 0.0005,1,364,-10,-2386,364,-2386
alpha 0.0005,1,365,-10,-2396,365,-2396
alpha 0.0005,1,366,-10,-2406,366,-2406
alpha 0.0005,1,367,-10,-2416,367,-2416
alpha 0.0005,1,368,-8,-2424,368,-2424
alpha 0.0005,1,369,-8,-2432,369,-2432
alpha 0.0005,1,370,-8,-2440,370,-2440
alpha 0.0005,1,371,-8,-2448,371,-2448
alpha 0.0005,1,372,-8,-2456,372,-2456
alpha 0.0005,1,373,-8,-2464,373,-2464
alpha 0.0005,1,374,-8,-2472,374,-2472
alpha 0.0005,1,375,-8,-2480,375,-2480
alpha 0.0005,1,376,-8,-2488,376,-2488
alpha 0.0005,1,377,-7,-2495,377,-2495
alpha 0.0005,1,378,-7,-2502,378,-2502
alpha 0.0005,1,379,-7,-2509,379,-2509
alpha 0.0005,1,380,-7,-2516,380,-2516
alpha 0.0005,1,381,-7,-2523,381,-2523
alpha 0.0005,1,382,-7,-2530,382,-2530
alpha 0.0005,1,383,-7,-2537,383,-2537
alpha 0.0005,1,384,-7,-2544,384,-2544
alpha 0.0005,1,385,-7,-2551,385,-2551
alpha 0.0005,1,386,-7,-2558,386,-2558
alpha 0.0005,1,387,-7,-2565,387,-2565
alpha 0.0005,1,388,-6,-2571,388,-2571
alpha 0.0005,1,389,-6,-2577,389,-2577
alpha 0.0005,1,390,-6,-2583,390,-2583
alpha 0.0005,1,391,-5,-2588,391,-2588
alpha 0.0005,1,392,-5,-2593,392,-2593
alpha 0.0005,1,393,-5,-2598,393,-2598
alpha 0.0005,1,394,-5,-2603,394,-2603
alpha 0.0005,1,395,-5,-2608,395,-2608
alpha 0.0005,1,396,-5,-2613,396,-2613
alpha 0.0005,1,397,-5,-2618,397,-2618
alpha 0.0005,1,398,-5,-2623,398,-2623
alpha 0.0005,1,399,-5,-2628,399,-2628
alpha 0.0005,1,400,-5,-2633,400,-2633
alpha 0.0005,1,401,-5,-2638,401,-2638
alpha 0.0005,1,402,-5,-2643,402,-2643
alpha 0.0005,1,403,-5,-2648,403,-2648
alpha 0.0005,1,404,-5,-2653,404,-2653
alpha 0.0005,1,405,-5,-2658,405,-2658
alpha 0.0005,1,406,-6,-2664,406,-2664
alpha 0.0005,1,407,-6,-2670,407,-2670
alpha 0.0005,1,408,-6,-2676,408,-2676
alpha 0.0005,1,409,-6,-2682,409,-2682
alpha 0.0005,1,410,-6,-2688,410,-2688
alpha 0.0005,1,411,-7,-2695,411,-2695
alpha 0.0005,1,412,-7,-2702,412,-2702
alpha 0.0005,1,413,-7,-2709,413,-2709
alpha 0.0005,1,414,-7,-2716,414,-2716
alpha 0.0005,1,415,-7,-2723,415,-2723
alpha 0.0005,1,416,-7,-2730,416,-2730
alpha 0.0005,1,417,-7,-2737,417,-2737
alpha 0.0005,1,418,-7,-2744,418,-2744
alpha 0.0005,1,419,-7,-2751,419,-2751
alpha 0.0005,1,420,-7,-2758,420,-2758
alpha 0.0005,1,421,-7,-2765,421,-2765
alpha 0.0005,1,422,-7,-2772,422,-2772
alpha 0.0005,1,423,-7,-2779,423,-2779
alpha 0.0005,1,424,-7,-2786,424,-2786
alpha 0.0005,1,425,-8,-2794,425,-2794
alpha 0.0005,1,426,-8,-2802,426,-2802
alpha 0.0005,1,427,-8,-2810,427,-2810
alpha 0.0005,1,428,-8,-2818,428,-2818
alpha 0.0005,1,429,-8,-2826,429,-2826
alpha 0.0005,1,430,-8,-2834,430,-2834
alpha 0.0005,1,431,-8,-2842,431,-2842
alpha 0.0005,1,432,-10,-2852,432,-2852
alpha 0.0005,1,433,-10,-2862,433,-2862
alpha 0.0005,1,434,-10,-2872,434,-2872
alpha 0.0005,1,435,-10,-2882,435,-2882
alpha 0.0005,1,436,-10,-2892,436,-2892
alpha 0.0005,1,437,-10,-2902,437,-2902
alpha 0.0005,1,438,-10,-2912,438,-2912
alpha 0.0005,1,439,-10,-2922,439,-2922
alpha 0.0005,1,440,-10,-2932,440,-2932
alpha 0.0005,1,441,-10,-2942,441,-2942
alpha 0.0005,1,442,-10,-2952,442,-2952
alpha 0.0005,1,443,-10,-2962,443,-2962
alpha 0.0005,1,444,-10,-2972,444,-2972
alpha 0.0005,1,445,-10,-2982,445,-2982
alpha 0.0005,1,446,-10,-2992,446,-2992
alpha 0.0005,1,447,-10,-3002,447,-3002
alpha 0.0005,1,448,-10,-3012,448,-3012
alpha 0.0005,1,449,-10,-3022,449,-3022
alpha 0.0005,1,450,-10,-3032,450,-3032
alpha 0.0005,1,451,-10,-3042,451,-3042
alpha 0.0005,1,452,-10,-3052,452,-3052
alpha 0.0005,1,453,-10,-3062,453,-3062
alpha 0.0005,1,454,-10,-3072,454,-3072
alpha 0.0005,1,455,-10,-3082,455,-3082
alpha 0.0005,1,456,-10,-3092,456,-3092
alpha 0.0005,1,457,-10,-3102,457,-3102
alpha 0.0005,1,458,-10,-3112,458,-3112
alpha 0.0005,1,459,-6,-3118,459,-3118
alpha 0.0005,1,460,-5,-3123,460,-3123
alpha 0.0005,1,461,-5,-3128,461,-3128
alpha 0.0005,1,462,-5,-3133,462,-3133
alpha 0.0005,1,463,-5,-3138,463,-3138
alpha 0.0005,1,464,-5,-3143,464,-3143
alpha 0.0005,1,465,-5,-3148,465,-3148
alpha 0.0005,1,466,-5,-3153,466,-3153
alpha 0.0005,1,467,-5,-3158,467,-3158
alpha 0.0005,1,468,-5,-3163,468,-3163
alpha 0.0005,1,469,-5,-3168,469,-3168
alpha 0.0005,1,470,-3,-3171,470,-3171
alpha 0.0005,1,471,-3,-3174,471,-3174
alpha 0.0005,1,472,-5,-3179,472,-3179
alpha 0.0005,1,473,-5,-3184,473,-3184
alpha 0.0005,1,474,-5,-3189,474,-3189
alpha 0.0005,1,475,-5,-3194,475,-3194
alpha 0.0005,1,476,-5,-3199,476,-3199
alpha 0.0005,1,477,-5,-3204,477,-3204
alpha 0.0005,1,478,-5,-3209,478,-3209
alpha 0.0005,1,479,-5,-3214,479,-3214
alpha 0.0005,1,480,-5,-3219,480,-3219
alpha 0.0005,1,481,-5,-3224,481,-3224
alpha 0.0005,1,482,-5,-3229,482,-3229
alpha 0.0005,1,483,-5,-3234,483,-3234
alpha 0.0005,1,484,-5,-3239,484,-3239
alpha 0.0005,1,485,-5,-3244,485,-3244
alpha 0.0005,1,486,-5,-3249,486,-3249
alpha 0.0005,1,487,-5,-3254,487,-3254
alpha 0.0005,1,488,-5,-3259,488,-3259
alpha 0.0005,1,489,-5,-3264,489,-3264
alpha 0.0005,1,490,-5,-3269,490,-3269
alpha 0.0005,1,491,-5,-3274,491,-3274
alpha 0.0005,1,492,-5,-3279,492,-3279
alpha 0.0005,1,493,-5,-3284,493,-3284
alpha 0.0005,1,494,-5,-3289,494,-3289
alpha 0.0005,1,495,-5,-3294,495,-3294
alpha 0.0005,1,496,-6,-3300,496,-3300
alpha 0.0005,1,497,-6,-3306,497,-3306
alpha 0.0005,1,498,-6,-3312,498,-3312
alpha 0.0005,1,499,-6,-3318,499,-3318
alpha 0.0005,1,500,-6,-3324,500,-3324
alpha 0.0005,2,1,4,4,501,-3320
alpha 0.0005,2,2,2,6,502,-3318
alpha 0.0005,2,3,-2,4,503,-3320
alpha 0.0005,2,4,-2,2,504,-3322
alpha 0.0005,2,5,-6,-4,505,-3328
alpha 0.0005,2,6,-7,-11,506,-3335
alpha 0.0005,2,7,-5,-16,507,-3340
alpha 0.0005,2,8,-7,-23,508,-3347
alpha 0.0005,2,9,-8,-31,509,-3355
alpha 0.0005,2,10,-8,-39,510,-3363
alpha 0.0005,2,11,-8,-47,511,-3371
alpha 0.0005,2,12,-3,-50,512,-3374
alpha 0.0005,2,13,-3,-53,513,-3377
alpha 0.0005,2,14,-4,-57,514,-3381
alpha 0.0005,2,15,-3,-60,515,-3384
alpha 0.0005,2,16,-2,-62,516,-3386
alpha 0.0005,2,17,-3,-65,517,-3389
alpha 0.0005,2,18,-3,-68,518,-3392
alpha 0.0005,2,19,-5,-73,519,-3397
alpha 0.0005,2,20,-5,-78,520,-3402
alpha 0.0005,2,21,-3,-81,521,-3405
alpha 0.0005,2,22,-3,-84,522,-3408
alpha 0.0005,2,23,-4,-88,523,-3412
alpha 0.0005,2,24,-4,-92,524,-3416
alpha 0.0005,2,25,-3,-95,525,-3419
alpha 0.0005,2,26,-5,-100,526,-3424
alpha 0.0005,2,27,-5,-105,527,-3429
alpha 0.0005,2,28,-5,-110,528,-3434
alpha 0.0005,2,29,-5,-115,529,-3439
alpha 0.0005,2,30,-5,-120,530,-3444
alpha 0.0005,2,31,-5,-125,531,-3449
alpha 0.0005,2,32,-5,-130,532,-3454
alpha 0.0005,2,33,-6,-136,533,-3460
alpha 0.0005,2,34,-6,-142,534,-3466
alpha 0.0005,2,35,-6,-148,535,-3472
alpha 0.0005,2,36,-6,-154,536,-3478
alpha 0.0005,2,37,-6,-160,537,-3484
alpha 0.0005,2,38,-5,-165,538,-3489
alpha 0.0005,2,39,-5,-170,539,-3494
alpha 0.0005,2,40,-5,-175,540,-3499
alpha 0.0005,2,41,-5,-180,541,-3504
alpha 0.0005,2,42,-5,-185,542,-3509
alpha 0.0005,2,43,-5,-190,543,-3514
alpha 0.0005,2,44,-5,-195,544,-3519
alpha 0.0005,2,45,-5,-200,545,-3524
alpha 0.0005,2,46,-5,-205,546,-3529
alpha 0.0005,2,47,-5,-210,547,-3534
alpha 0.0005,2,48,-5,-215,548,-3539
alpha 0.0005,2,49,-5,-220,549,-3544
alpha 0.0005,2,50,-5,-225,550,-3549
alpha 0.0005,2,51,-5,-230,551,-3554
alpha 0.0005,2,52,-5,-235,552,-3559
alpha 0.0005,2,53,-5,-240,553,-3564
alpha 0.0005,2,54,-5,-245,554,-3569
alpha 0.0005,2,55,-5,-250,555,-3574
alpha 0.0005,2,56,-5,-255,556,-3579
alpha 0.0005,2,57,-5,-260,557,-3584
alpha 0.0005,2,58,-5,-265,558,-3589
alpha 0.0005,2,59,-5,-270,559,-3594
alpha 0.0005,2,60,-5,-275,560,-3599
alpha 0.0005,2,61,-5,-280,561,-3604
alpha 0.0005,2,62,-5,-285,562,-3609
alpha 0.0005,2,63,-5,-290,563,-3614
alpha 0.0005,2,64,-5,-295,564,-3619
alpha 0.0005,2,65,-5,-300,565,-3624
alpha 0.0005,2,66,-5,-305,566,-3629
alpha 0.0005,2,67,-5,-310,567,-3634
alpha 0.0005,2,68,-5,-315,568,-3639
alpha 0.0005,2,69,-5,-320,569,-3644
alpha 0.0005,2,70,-5,-325,570,-3649
alpha 0.0005,2,71,-5,-330,571,-3654
alpha 0.0005,2,72,-5,-335,572,-3659
alpha 0.0005,2,73,-5,-340,573,-3664
alpha 0.0005,2,74,-5,-345,574,-3669
alpha 0.0005,2,75,-5,-350,575,-3674
alpha 0.0005,2,76,-5,-355,576,-3679
alpha 0.0005,2,77,-5,-360,577,-3684
alpha 0.0005,2,78,-5,-365,578,-3689
alpha 0.0005,2,79,-5,-370,579,-3694
alpha 0.0005,2,80,-5,-375,580,-3699
alpha 0.0005,2,81,-5,-380,581,-3704
alpha 0.0005,2,82,-5,-385,582,-3709
alpha 0.0005,2,83,-5,-390,583,-3714
alpha 0.0005,2,84,-5,-395,584,-3719
alpha 0.0005,2,85,-5,-400,585,-3724
alpha 0.0005,2,86,-5,-405,586,-3729
alpha 0.0005,2,87,-5,-410,587,-3734
alpha 0.0005,2,88,-5,-415,588,-3739
alpha 0.0005,2,89,-5,-420,589,-3744
alpha 0.0005,2,90,-5,-425,590,-3749
alpha 0.0005,2,91,-5,-430,591,-3754
alpha 0.0005,2,92,-5,-435,592,-3759
alpha 0.0005,2,93,-5,-440,593,-3764
alpha 0.0005,2,94,-5,-445,594,-3769
alpha 0.0005,2,95,-5,-450,595,-3774
alpha 0.0005,2,96,-5,-455,596,-3779
alpha 0.0005,2,97,-5,-460,597,-3784
alpha 0.0005,2,98,-5,-465,598,-3789
alpha 0.0005,2,99,-5,-470,599,-3794
alpha 0.0005,2,100,-5,-475,600,-3799
alpha 0.0005,2,101,-5,-480,601,-3804
alpha 0.0005,2,102,-5,-485,602,-3809
alpha 0.0005,2,103,-5,-490,603,-3814
alpha 0.0005,2,104,-5,-495,604,-3819
alpha 0.0005,2,105,-5,-500,605,-3824
alpha 0.0005,2,106,-5,-505,606,-3829
alpha 0.0005,2,107,-5,-510,607,-3834
alpha 0.0005,2,108,-5,-515,608,-3839
alpha 0.0005,2,109,-5,-520,609,-3844
alpha 0.0005,2,110,-3,-523,610,-3847
alpha 0.0005,2,111,-3,-526,611,-3850
alpha 0.0005,2,112,-2,-528,612,-3852
alpha 0.0005,2,113,-2,-530,613,-3854
alpha 0.0005,2,114,-2,-532,614,-3856
alpha 0.0005,2,115,-1,-533,615,-3857
alpha 0.0005,2,116,1,-532,616,-3856
alpha 0.0005,2,117,2,-530,617,-3854
alpha 0.0005,2,118,2,-528,618,-3852
alpha 0.0005,2,119,1,-527,619,-3851
alpha 0.0005,2,120,-2,-529,620,-3853
alpha 0.0005,2,121,-2,-531,621,-3855
alpha 0.0005,2,122,-3,-534,622,-3858
alpha 0.0005,2,123,-3,-537,623,-3861
alpha 0.0005,2,124,-5,-542,624,-3866
alpha 0.0005,2,125,-5,-547,625,-3871
alpha 0.0005,2,126,-5,-552,626,-3876
alpha 0.0005,2,127,-5,-557,627,-3881
alpha 0.0005,2,128,-5,-562,628,-3886
alpha 0.0005,2,129,-5,-567,629,-3891
alpha 0.0005,2,130,-5,-572,630,-3896
alpha 0.0005,2,131,-5,-577,631,-3901
alpha 0.0005,2,132,-5,-582,632,-3906
alpha 0.0005,2,133,-5,-587,633,-3911
alpha 0.0005,2,134,-5,-592,634,-3916
alpha 0.0005,2,135,-5,-597,635,-3921
alpha 0.0005,2,136,-5,-602,636,-3926
alpha 0.0005,2,137,-5,-607,637,-3931
alpha 0.0005,2,138,-5,-612,638,-3936
alpha 0.0005,2,139,-5,-617,639,-3941
alpha 0.0005,2,140,-5,-622,640,-3946
alpha 0.0005,2,141,-5,-627,641,-3951
alpha 0.0005,2,142,-5,-632,642,-3956
alpha 0.0005,2,143,-5,-637,643,-3961
alpha 0.0005,2,144,-5,-642,644,-3966
alpha 0.0005,2,145,-5,-647,645,-3971
alpha 0.0005,2,146,-5,-652,646,-3976
alpha 0.0005,2,147,-5,-657,647,-3981
alpha 0.0005,2,148,-5,-662,648,-3986
alpha 0.0005,2,149,-5,-667,649,-3991
alpha 0.0005,2,150,-5,-672,650,-3996
alpha 0.0005,2,151,-5,-677,651,-4001
alpha 0.0005,2,152,-5,-682,652,-4006
alpha 0.0005,2,153,-5,-687,653,-4011
alpha 0.0005,2,154,-5,-692,654,-4016
alpha 0.0005,2,155,-5,-697,655,-4021
alpha 0.0005,2,156,-5,-702,656,-4026
alpha 0.0005,2,157,-5,-707,657,-4031
alpha 0.0005,2,158,-5,-712,658,-4036
alpha 0.0005,2,159,-5,-717,659,-4041
alpha 0.0005,2,160,-5,-722,660,-4046
alpha 0.0005,2,161,-5,-727,661,-4051
alpha 0.0005,2,162,-5,-732,662,-4056
alpha 0.0005,2,163,-5,-737,663,-4061
alpha 0.0005,2,164,-5,-742,664,-4066
alpha 0.0005,2,165,-5,-747,665,-4071
alpha 0.0005,2,166,-5,-752,666,-4076
alpha 0.0005,2,167,-5,-757,667,-4081
alpha 0.0005,2,168,-5,-762,668,-4086
alpha 0.0005,2,169,-5,-767,669,-4091
alpha 0.0005,2,170,-5,-772,670,-4096
alpha 0.0005,2,171,-5,-777,671,-4101
alpha 0.0005,2,172,-5,-782,672,-4106
alpha 0.0005,2,173,-5,-787,673,-4111
alpha 0.0005,2,174,-5,-792,674,-4116
alpha 0.0005,2,175,-5,-797,675,-4121
alpha 0.0005,2,176,-5,-802,676,-4126
alpha 0.0005,2,177,-5,-807,677,-4131
alpha 0.0005,2,178,-5,-812,678,-4136
alpha 0.0005,2,179,-5,-817,679,-4141
alpha 0.0005,2,180,-5,-822,680,-4146
alpha 0.0005,2,181,-5,-827,681,-4151
alpha 0.0005,2,182,-5,-832,682,-4156
alpha 0.0005,2,183,-5,-837,683,-4161
alpha 0.0005,2,184,-5,-842,684,-4166
alpha 0.0005,2,185,-5,-847,685,-4171
alpha 0.0005,2,186,-5,-852,686,-4176
alpha 0.0005,2,187,-4,-856,687,-4180
alpha 0.0005,2,188,-4,-860,688,-4184
alpha 0.0005,2,189,-3,-863,689,-4187
alpha 0.0005,2,190,-3,-866,690,-4190
alpha 0.0005,2,191,-3,-869,691,-4193
alpha 0.0005,2,192,-5,-874,692,-4198
alpha 0.0005,2,193,-3,-877,693,-4201
alpha 0.0005,2,194,-2,-879,694,-4203
alpha 0.0005,2,195,-2,-881,695,-4205
alpha 0.0005,2,196,-2,-883,696,-4207
alpha 0.0005,2,197,-3,-886,697,-4210
alpha 0.0005,2,198,-3,-889,698,-4213
alpha 0.0005,2,199,-3,-892,699,-4216
alpha 0.0005,2,200,-3,-895,700,-4219
alpha 0.0005,2,201,-3,-898,701,-4222
alpha 0.0005,2,202,-4,-902,702,-4226
alpha 0.0005,2,203,-4,-906,703,-4230
alpha 0.0005,2,204,-4,-910,704,-4234
alpha 0.0005,2,205,-4,-914,705,-4238
alpha 0.0005,2,206,-4,-918,706,-4242
alpha 0.0005,2,207,-4,-922,707,-4246
alpha 0.0005,2,208,-3,-925,708,-4249
alpha 0.0005,2,209,1,-924,709,-4248
alpha 0.0005,2,210,1,-923,710,-4247
alpha 0.0005,2,211,-1,-924,711,-4248
alpha 0.0005,2,212,-2,-926,712,-4250
alpha 0.0005,2,213,-2,-928,713,-4252
alpha 0.0005,2,214,-2,-930,714,-4254
alpha 0.0005,2,215,-2,-932,715,-4256
alpha 0.0005,2,216,-3,-935,716,-4259
alpha 0.0005,2,217,-3,-938,717,-4262
alpha 0.0005,2,218,-3,-941,718,-4265
alpha 0.0005,2,219,-3,-944,719,-4268
alpha 0.0005,2,220,-5,-949,720,-4273
alpha 0.0005,2,221,-5,-954,721,-4278
alpha 0.0005,2,222,-5,-959,722,-4283
alpha 0.0005,2,223,-5,-964,723,-4288
alpha 0.0005,2,224,-5,-969,724,-4293
alpha 0.0005,2,225,-5,-974,725,-4298
alpha 0.0005,2,226,-5,-979,726,-4303
alpha 0.0005,2,227,-5,-984,727,-4308
alpha 0.0005,2,228,-5,-989,728,-4313
alpha 0.0005,2,229,-5,-994,729,-4318
alpha 0.0005,2,230,-5,-999,730,-4323
alpha 0.0005,2,231,-3,-1002,731,-4326
alpha 0.0005,2,232,-3,-1005,732,-4329
alpha 0.0005,2,233,-3,-1008,733,-4332
alpha 0.0005,2,234,-5,-1013,734,-4337
alpha 0.0005,2,235,-5,-1018,735,-4342
alpha 0.0005,2,236,-5,-1023,736,-4347
alpha 0.0005,2,237,-5,-1028,737,-4352
alpha 0.0005,2,238,-5,-1033,738,-4357
alpha 0.0005,2,239,-3,-1036,739,-4360
alpha 0.0005,2,240,-5,-1041,740,-4365
alpha 0.0005,2,241,-5,-1046,741,-4370
alpha 0.0005,2,242,-5,-1051,742,-4375
alpha 0.0005,2,243,-5,-1056,743,-4380
alpha 0.0005,2,244,-5,-1061,744,-4385
alpha 0.0005,2,245,-5,-1066,745,-4390
alpha 0.0005,2,246,-5,-1071,746,-4395
alpha 0.0005,2,247,-3,-1074,747,-4398
alpha 0.0005,2,248,-3,-1077,748,-4401
alpha 0.0005,2,249,-5,-1082,749,-4406
alpha 0.0005,2,250,-5,-1087,750,-4411
alpha 0.0005,2,251,-5,-1092,751,-4416
alpha 0.0005,2,252,-5,-1097,752,-4421
alpha 0.0005,2,253,-5,-1102,753,-4426
alpha 0.0005,2,254,-3,-1105,754,-4429
alpha 0.0005,2,255,-3,-1108,755,-4432
alpha 0.0005,2,256,-3,-1111,756,-4435
alpha 0.0005,2,257,-3,-1114,757,-4438
alpha 0.0005,2,258,-3,-1117,758,-4441
alpha 0.0005,2,259,-3,-1120,759,-4444
alpha 0.0005,2,260,-5,-1125,760,-4449
alpha 0.0005,2,261,-5,-1130,761,-4454
alpha 0.0005,2,262,-5,-1135,762,-4459
alpha 0.0005,2,263,-5,-1140,763,-4464
alpha 0.0005,2,264,-5,-1145,764,-4469
alpha 0.0005,2,265,-6,-1151,765,-4475
alpha 0.0005,2,266,-6,-1157,766,-4481
alpha 0.0005,2,267,-6,-1163,767,-4487
alpha 0.0005,2,268,-6,-1169,768,-4493
alpha 0.0005,2,269,-6,-1175,769,-4499
alpha 0.0005,2,270,-6,-1181,770,-4505
alpha 0.0005,2,271,-6,-1187,771,-4511
alpha 0.0005,2,272,-6,-1193,772,-4517
alpha 0.0005,2,273,-7,-1200,773,-4524
alpha 0.0005,2,274,-7,-1207,774,-4531
alpha 0.0005,2,275,-7,-1214,775,-4538
alpha 0.0005,2,276,-7,-1221,776,-4545
alpha 0.0005,2,277,-7,-1228,777,-4552
alpha 0.0005,2,278,-7,-1235,778,-4559
alpha 0.0005,2,279,-7,-1242,779,-4566
alpha 0.0005,2,280,-7,-1249,780,-4573
alpha 0.0005,2,281,-7,-1256,781,-4580
alpha 0.0005,2,282,-7,-1263,782,-4587
alpha 0.0005,2,283,-7,-1270,783,-4594
alpha 0.0005,2,284,-7,-1277,784,-4601
alpha 0.0005,2,285,-7,-1284,785,-4608
alpha 0.0005,2,286,-7,-1291,786,-4615
alpha 0.0005,2,287,-7,-1298,787,-4622
alpha 0.0005,2,288,-6,-1304,788,-4628
alpha 0.0005,2,289,-6,-1310,789,-4634
alpha 0.0005,2,290,-4,-1314,790,-4638
alpha 0.0005,2,291,-4,-1318,791,-4642
alpha 0.0005,2,292,-4,-1322,792,-4646
alpha 0.0005,2,293,-5,-1327,793,-4651
alpha 0.0005,2,294,-5,-1332,794,-4656
alpha 0.0005,2,295,-5,-1337,795,-4661
alpha 0.0005,2,296,-5,-1342,796,-4666
alpha 0.0005,2,297,-5,-1347,797,-4671
alpha 0.0005,2,298,-6,-1353,798,-4677
alpha 0.0005,2,299,-6,-1359,799,-4683
alpha 0.0005,2,300,-6,-1365,800,-4689
alpha 0.0005,2,301,-6,-1371,801,-4695
alpha 0.0005,2,302,-6,-1377,802,-4701
alpha 0.0005,2,303,-6,-1383,803,-4707
alpha 0.0005,2,304,-6,-1389,804,-4713
alpha 0.0005,2,305,-6,-1395,805,-4719
alpha 0.0005,2,306,-6,-1401,806,-4725
alpha 0.0005,2,307,-6,-1407,807,-4731
alpha 0.0005,2,308,-6,-1413,808,-4737
alpha 0.0005,2,309,-6,-1419,809,-4743
alpha 0.0005,2,310,-6,-1425,810,-4749
alpha 0.0005,2,311,-6,-1431,811,-4755
alpha 0.0005,2,312,-6,-1437,812,-4761
alpha 0.0005,2,313,-6,-1443,813,-4767
alpha 0.0005,2,314,-6,-1449,814,-4773
alpha 0.0005,2,315,-6,-1455,815,-4779
alpha 0.0005,2,316,-6,-1461,816,-4785
alpha 0.0005,2,317,-6,-1467,817,-4791
alpha 0.0005,2,318,-6,-1473,818,-4797
alpha 0.0005,2,319,-6,-1479,819,-4803
alpha 0.0005,2,320,-6,-1485,820,-4809
alpha 0.0005,2,321,-6,-1491,821,-4815
alpha 0.0005,2,322,-6,-1497,822,-4821
alpha 0.0005,2,323,-6,-1503,823,-4827
alpha 0.0005,2,324,-6,-1509,824,-4833
alpha 0.0005,2,325,-6,-1515,825,-4839
alpha 0.0005,2,326,-8,-1523,826,-4847
alpha 0.0005,2,327,-8,-1531,827,-4855
alpha 0.0005,2,328,-8,-1539,828,-4863
alpha 0.0005,2,329,-8,-1547,829,-4871
alpha 0.0005,2,330,-8,-1555,830,-4879
alpha 0.0005,2,331,-8,-1563,831,-4887
alpha 0.0005,2,332,-8,-1571,832,-4895
alpha 0.0005,2,333,-8,-1579,833,-4903
alpha 0.0005,2,334,-8,-1587,834,-4911
alpha 0.0005,2,335,-8,-1595,835,-4919
alpha 0.0005,2,336,-8,-1603,836,-4927
alpha 0.0005,2,337,-8,-1611,837,-4935
alpha 0.0005,2,338,-8,-1619,838,-4943
alpha 0.0005,2,339,-8,-1627,839,-4951
alpha 0.0005,2,340,-8,-1635,840,-4959
alpha 0.0005,2,341,-8,-1643,841,-4967
alpha 0.0005,2,342,-8,-1651,842,-4975
alpha 0.0005,2,343,-8,-1659,843,-4983
alpha 0.0005,2,344,-8,-1667,844,-4991
alpha 0.0005,2,345,-8,-1675,845,-4999
alpha 0.0005,2,346,-8,-1683,846,-5007
alpha 0.0005,2,347,-8,-1691,847,-5015
alpha 0.0005,2,348,-8,-1699,848,-5023
alpha 0.0005,2,349,-8,-1707,849,-5031
alpha 0.0005,2,350,-8,-1715,850,-5039
alpha 0.0005,2,351,-8,-1723,851,-5047
alpha 0.0005,2,352,-8,-1731,852,-5055
alpha 0.0005,2,353,-8,-1739,853,-5063
alpha 0.0005,2,354,-8,-1747,854,-5071
alpha 0.0005,2,355,-7,-1754,855,-5078
alpha 0.0005,2,356,-7,-1761,856,-5085
alpha 0.0005,2,357,-7,-1768,857,-5092
alpha 0.0005,2,358,-7,-1775,858,-5099
alpha 0.0005,2,359,-7,-1782,859,-5106
alpha 0.0005,2,360,-7,-1789,860,-5113
alpha 0.0005,2,361,-7,-1796,861,-5120
alpha 0.0005,2,362,-7,-1803,862,-5127
alpha 0.0005,2,363,-7,-1810,863,-5134
alpha 0.0005,2,364,-7,-1817,864,-5141
alpha 0.0005,2,365,-7,-1824,865,-5148
alpha 0.0005,2,366,-7,-1831,866,-5155
alpha 0.0005,2,367,-7,-1838,867,-5162
alpha 0.0005,2,368,-7,-1845,868,-5169
alpha 0.0005,2,369,-6,-1851,869,-5175
alpha 0.0005,2,370,-6,-1857,870,-5181
alpha 0.0005,2,371,-6,-1863,871,-5187
alpha 0.0005,2,372,-6,-1869,872,-5193
alpha 0.0005,2,373,-5,-1874,873,-5198
alpha 0.0005,2,374,-5,-1879,874,-5203
alpha 0.0005,2,375,-5,-1884,875,-5208
alpha 0.0005,2,376,-5,-1889,876,-5213
alpha 0.0005,2,377,-5,-1894,877,-5218
alpha 0.0005,2,378,-5,-1899,878,-5223
alpha 0.0005,2,379,-5,-1904,879,-5228
alpha 0.0005,2,380,-5,-1909,880,-5233
alpha 0.0005,2,381,-5,-1914,881,-5238
alpha 0.0005,2,382,-5,-1919,882,-5243
alpha 0.0005,2,383,-5,-1924,883,-5248
alpha 0.0005,2,384,-5,-1929,884,-5253
alpha 0.0005,2,385,-5,-1934,885,-5258
alpha 0.0005,2,386,-5,-1939,886,-5263
alpha 0.0005,2,387,-5,-1944,887,-5268
alpha 0.0005,2,388,-5,-1949,888,-5273
alpha 0.0005,2,389,-5,-1954,889,-5278
alpha 0.0005,2,390,-5,-1959,890,-5283
alpha 0.0005,2,391,-5,-1964,891,-5288
alpha 0.0005,2,392,-6,-1970,892,-5294
alpha 0.0005,2,393,-6,-1976,893,-5300
alpha 0.0005,2,394,-6,-1982,894,-5306
alpha 0.0005,2,395,-6,-1988,895,-5312
alpha 0.0005,2,396,-7,-1995,896,-5319
alpha 0.0005,2,397,-7,-2002,897,-5326
alpha 0.0005,2,398,-7,-2009,898,-5333
alpha 0.0005,2,399,-7,-2016,899,-5340
alpha 0.0005,2,400,-7,-2023,900,-5347
alpha 0.0005,2,401,-7,-2030,901,-5354
alpha 0.0005,2,402,-7,-2037,902,-5361
alpha 0.0005,2,403,-7,-2044,903,-5368
alpha 0.0005,2,404,-7,-2051,904,-5375
alpha 0.0005,2,405,-7,-2058,905,-5382
alpha 0.0005,2,406,-7,-2065,906,-5389
alpha 0.0005,2,407,-7,-2072,907,-5396
alpha 0.0005,2,408,-7,-2079,908,-5403
alpha 0.0005,2,409,-7,-2086,909,-5410
alpha 0.0005,2,410,-7,-2093,910,-5417
alpha 0.0005,2,411,-7,-2100,911,-5424
alpha 0.0005,2,412,-7,-2107,912,-5431
alpha 0.0005,2,413,-8,-2115,913,-5439
alpha 0.0005,2,414,-8,-2123,914,-5447
alpha 0.0005,2,415,-7,-2130,915,-5454
alpha 0.0005,2,416,-7,-2137,916,-5461
alpha 0.0005,2,417,-7,-2144,917,-5468
alpha 0.0005,2,418,-7,-2151,918,-5475
alpha 0.0005,2,419,-8,-2159,919,-5483
alpha 0.0005,2,420,-8,-2167,920,-5491
alpha 0.0005,2,421,-8,-2175,921,-5499
alpha 0.0005,2,422,-8,-2183,922,-5507
alpha 0.0005,2,423,-8,-2191,923,-5515
alpha 0.0005,2,424,-8,-2199,924,-5523
alpha 0.0005,2,425,-8,-2207,925,-5531
alpha 0.0005,2,426,-8,-2215,926,-5539
alpha 0.0005,2,427,-8,-2223,927,-5547
alpha 0.0005,2,428,-8,-2231,928,-5555
alpha 0.0005,2,429,-8,-2239,929,-5563
alpha 0.0005,2,430,-8,-2247,930,-5571
alpha 0.0005,2,431,-8,-2255,931,-5579
alpha 0.0005,2,432,-8,-2263,932,-5587
alpha 0.0005,2,433,-5,-2268,933,-5592
alpha 0.0005,2,434,-5,-2273,934,-5597
alpha 0.0005,2,435,-5,-2278,935,-5602
alpha 0.0005,2,436,-6,-2284,936,-5608
alpha 0.0005,2,437,-6,-2290,937,-5614
alpha 0.0005,2,438,-6,-2296,938,-5620
alpha 0.0005,2,439,-5,-2301,939,-5625
alpha 0.0005,2,440,-5,-2306,940,-5630
alpha 0.0005,2,441,-5,-2311,941,-5635
alpha 0.0005,2,442,-6,-2317,942,-5641
alpha 0.0005,2,443,-8,-2325,943,-5649
alpha 0.0005,2,444,-6,-2331,944,-5655
alpha 0.0005,2,445,-5,-2336,945,-5660
alpha 0.0005,2,446,-5,-2341,946,-5665
alpha 0.0005,2,447,-5,-2346,947,-5670
alpha 0.0005,2,448,-5,-2351,948,-5675
alpha 0.0005,2,449,-5,-2356,949,-5680
alpha 0.0005,2,450,-5,-2361,950,-5685
alpha 0.0005,2,451,-5,-2366,951,-5690
alpha 0.0005,2,452,-5,-2371,952,-5695
alpha 0.0005,2,453,-5,-2376,953,-5700
alpha 0.0005,2,454,-5,-2381,954,-5705
alpha 0.0005,2,455,-5,-2386,955,-5710
alpha 0.0005,2,456,-5,-2391,956,-5715
alpha 0.0005,2,457,-5,-2396,957,-5720
alpha 0.0005,2,458,-5,-2401,958,-5725
alpha 0.0005,2,459,-5,-2406,959,-5730
alpha 0.0005,2,460,-4,-2410,960,-5734
alpha 0.0005,2,461,-4,-2414,961,-5738
alpha 0.0005,2,462,-4,-2418,962,-5742
alpha 0.0005,2,463,-4,-2422,963,-5746
alpha 0.0005,2,464,-4,-2426,964,-5750
alpha 0.0005,2,465,-4,-2430,965,-5754
alpha 0.0005,2,466,-4,-2434,966,-5758
alpha 0.0005,2,467,-4,-2438,967,-5762
alpha 0.0005,2,468,-4,-2442,968,-5766
alpha 0.0005,2,469,-4,-2446,969,-5770
alpha 0.0005,2,470,-4,-2450,970,-5774
alpha 0.0005,2,471,-4,-2454,971,-5778
alpha 0.0005,2,472,-4,-2458,972,-5782
alpha 0.0005,2,473,-4,-2462,973,-5786
alpha 0.0005,2,474,-4,-2466,974,-5790
alpha 0.0005,2,475,-3,-2469,975,-5793
alpha 0.0005,2,476,-3,-2472,976,-5796
alpha 0.0005,2,477,-3,-2475,977,-5799
alpha 0.0005,2,478,-3,-2478,978,-5802
alpha 0.0005,2,479,-3,-2481,979,-5805
alpha 0.0005,2,480,-3,-2484,980,-5808
alpha 0.0005,2,481,-3,-2487,981,-5811
alpha 0.0005,2,482,-3,-2490,982,-5814
alpha 0.0005,2,483,-3,-2493,983,-5817
alpha 0.0005,2,484,-3,-2496,984,-5820
alpha 0.0005,2,485,-3,-2499,985,-5823
alpha 0.0005,2,486,-3,-2502,986,-5826
alpha 0.0005,2,487,-3,-2505,987,-5829
alpha 0.0005,2,488,-3,-2508,988,-5832
alpha 0.0005,2,489,-3,-2511,989,-5835
alpha 0.0005,2,490,-3,-2514,990,-5838
alpha 0.0005,2,491,-3,-2517,991,-5841
alpha 0.0005,2,492,-3,-2520,992,-5844
alpha 0.0005,2,493,-3,-2523,993,-5847
alpha 0.0005,2,494,-3,-2526,994,-5850
alpha 0.0005,2,495,-3,-2529,995,-5853
alpha 0.0005,2,496,-3,-2532,996,-5856
alpha 0.0005,2,497,-3,-2535,997,-5859
alpha 0.0005,2,498,-3,-2538,998,-5862
alpha 0.0005,2,499,-5,-2543,999,-5867
alpha 0.0005,2,500,-5,-2548,1000,-5872
alpha 0.0005,1,1,4,4,1,4
alpha 0.0005,1,2,2,6,2,6
alpha 0.0005,1,3,1,7,3,7
alpha 0.0005,1,4,-2,5,4,5
alpha 0.0005,1,5,-4,1,5,1
alpha 0.0005,1,6,-6,-5,6,-5
alpha 0.0005,1,7,-7,-12,7,-12
alpha 0.0005,1,8,-7,-19,8,-19
alpha 0.0005,1,9,-6,-25,9,-25
alpha 0.0005,1,10,-6,-31,10,-31
alpha 0.0005,1,11,-6,-37,11,-37
alpha 0.0005,1,12,-6,-43,12,-43
alpha 0.0005,1,13,-6,-49,13,-49
alpha 0.0005,1,14,-6,-55,14,-55
alpha 0.0005,1,15,-6,-61,15,-61
alpha 0.0005,1,16,-6,-67,16,-67
alpha 0.0005,1,17,-6,-73,17,-73
alpha 0.0005,1,18,-6,-79,18,-79
alpha 0.0005,1,19,-5,-84,19,-84
alpha 0.0005,1,20,-5,-89,20,-89
alpha 0.0005,1,21,-5,-94,21,-94
alpha 0.0005,1,22,-5,-99,22,-99
alpha 0.0005,1,23,-5,-104,23,-104
alpha 0.0005,1,24,-5,-109,24,-109
alpha 0.0005,1,25,-5,-114,25,-114
alpha 0.0005,1,26,-5,-119,26,-119
alpha 0.0005,1,27,-5,-124,27,-124
alpha 0.0005,1,28,-5,-129,28,-129
alpha 0.0005,1,29,-5,-134,29,-134
alpha 0.0005,1,30,-5,-139,30,-139
alpha 0.0005,1,31,-5,-144,31,-144
alpha 0.0005,1,32,-5,-149,32,-149
alpha 0.0005,1,33,-5,-154,33,-154
alpha 0.0005,1,34,-5,-159,34,-159
alpha 0.0005,1,35,-5,-164,35,-164
alpha 0.0005,1,36,-6,-170,36,-170
alpha 0.0005,1,37,-6,-176,37,-176
alpha 0.0005,1,38,-6,-182,38,-182
alpha 0.0005,1,39,-5,-187,39,-187
alpha 0.0005,1,40,-6,-193,40,-193
alpha 0.0005,1,41,-6,-199,41,-199
alpha 0.0005,1,42,-6,-205,42,-205
alpha 0.0005,1,43,-6,-211,43,-211
alpha 0.0005,1,44,-7,-218,44,-218
alpha 0.0005,1,45,-7,-225,45,-225
alpha 0.0005,1,46,-7,-232,46,-232
alpha 0.0005,1,47,-7,-239,47,-239
alpha 0.0005,1,48,-7,-246,48,-246
alpha 0.0005,1,49,-7,-253,49,-253
alpha 0.0005,1,50,-7,-260,50,-260
alpha 0.0005,1,51,-7,-267,51,-267
alpha 0.0005,1,52,-7,-274,52,-274
alpha 0.0005,1,53,-7,-281,53,-281
alpha 0.0005,1,54,-7,-288,54,-288
alpha 0.0005,1,55,-7,-295,55,-295
alpha 0.0005,1,56,-7,-302,56,-302
alpha 0.0005,1,57,-7,-309,57,-309
alpha 0.0005,1,58,-7,-316,58,-316
alpha 0.0005,1,59,-7,-323,59,-323
alpha 0.0005,1,60,-7,-330,60,-330
alpha 0.0005,1,61,-8,-338,61,-338
alpha 0.0005,1,62,-8,-346,62,-346
alpha 0.0005,1,63,-8,-354,63,-354
alpha 0.0005,1,64,-8,-362,64,-362
alpha 0.0005,1,65,-8,-370,65,-370
alpha 0.0005,1,66,-8,-378,66,-378
alpha 0.0005,1,67,-8,-386,67,-386
alpha 0.0005,1,68,-8,-394,68,-394
alpha 0.0005,1,69,-8,-402,69,-402
alpha 0.0005,1,70,-8,-410,70,-410
alpha 0.0005,1,71,-8,-418,71,-418
alpha 0.0005,1,72,-8,-426,72,-426
alpha 0.0005,1,73,-8,-434,73,-434
alpha 0.0005,1,74,-8,-442,74,-442
alpha 0.0005,1,75,-8,-450,75,-450
alpha 0.0005,1,76,-8,-458,76,-458
alpha 0.0005,1,77,-8,-466,77,-466
alpha 0.0005,1,78,-8,-474,78,-474
alpha 0.0005,1,79,-8,-482,79,-482
alpha 0.0005,1,80,-8,-490,80,-490
alpha 0.0005,1,81,-8,-498,81,-498
alpha 0.0005,1,82,-8,-506,82,-506
alpha 0.0005,1,83,-8,-514,83,-514
alpha 0.0005,1,84,-8,-522,84,-522
alpha 0.0005,1,85,-8,-530,85,-530
alpha 0.0005,1,86,-8,-538,86,-538
alpha 0.0005,1,87,-8,-546,87,-546
alpha 0.0005,1,88,-8,-554,88,-554
alpha 0.0005,1,89,-10,-564,89,-564
alpha 0.0005,1,90,-10,-574,90,-574
alpha 0.0005,1,91,-8,-582,91,-582
alpha 0.0005,1,92,-8,-590,92,-590
alpha 0.0005,1,93,-8,-598,93,-598
alpha 0.0005,1,94,-8,-606,94,-606
alpha 0.0005,1,95,-8,-614,95,-614
alpha 0.0005,1,96,-8,-622,96,-622
alpha 0.0005,1,97,-8,-630,97,-630
alpha 0.0005,1,98,-8,-638,98,-638
alpha 0.0005,1,99,-7,-645,99,-645
alpha 0.0005,1,100,-7,-652,100,-652
alpha 0.0005,1,101,-7,-659,101,-659
alpha 0.0005,1,102,-7,-666,102,-666
alpha 0.0005,1,103,-7,-673,103,-673
alpha 0.0005,1,104,-8,-681,104,-681
alpha 0.0005,1,105,-7,-688,105,-688
alpha 0.0005,1,106,-7,-695,106,-695
alpha 0.0005,1,107,-7,-702,107,-702
alpha 0.0005,1,108,-7,-709,108,-709
alpha 0.0005,1,109,-7,-716,109,-716
alpha 0.0005,1,110,-7,-723,110,-723
alpha 0.0005,1,111,-7,-730,111,-730
alpha 0.0005,1,112,-7,-737,112,-737
alpha 0.0005,1,113,-7,-744,113,-744
alpha 0.0005,1,114,-7,-751,114,-751
alpha 0.0005,1,115,-7,-758,115,-758
alpha 0.0005,1,116,-7,-765,116,-765
alpha 0.0005,1,117,-7,-772,117,-772
alpha 0.0005,1,118,-7,-779,118,-779
alpha 0.0005,1,119,-7,-786,119,-786
alpha 0.0005,1,120,-7,-793,120,-793
alpha 0.0005,1,121,-7,-800,121,-800
alpha 0.0005,1,122,-7,-807,122,-807
alpha 0.0005,1,123,-7,-814,123,-814
alpha 0.0005,1,124,-7,-821,124,-821
alpha 0.0005,1,125,-7,-828,125,-828
alpha 0.0005,1,126,-7,-835,126,-835
alpha 0.0005,1,127,-7,-842,127,-842
alpha 0.0005,1,128,-7,-849,128,-849
alpha 0.0005,1,129,-7,-856,129,-856
alpha 0.0005,1,130,-7,-863,130,-863
alpha 0.0005,1,131,-7,-870,131,-870
alpha 0.0005,1,132,-5,-875,132,-875
alpha 0.0005,1,133,-5,-880,133,-880
alpha 0.0005,1,134,-4,-884,134,-884
alpha 0.0005,1,135,-4,-888,135,-888
alpha 0.0005,1,136,-4,-892,136,-892
alpha 0.0005,1,137,-6,-898,137,-898
alpha 0.0005,1,138,-6,-904,138,-904
alpha 0.0005,1,139,-6,-910,139,-910
alpha 0.0005,1,140,-3,-913,140,-913
alpha 0.0005,1,141,-3,-916,141,-916
alpha 0.0005,1,142,-3,-919,142,-919
alpha 0.0005,1,143,-3,-922,143,-922
alpha 0.0005,1,144,-3,-925,144,-925
alpha 0.0005,1,145,-5,-930,145,-930
alpha 0.0005,1,146,-5,-935,146,-935
alpha 0.0005,1,147,-5,-940,147,-940
alpha 0.0005,1,148,-3,-943,148,-943
alpha 0.0005,1,149,-3,-946,149,-946
alpha 0.0005,1,150,-3,-949,150,-949
alpha 0.0005,1,151,-5,-954,151,-954
alpha 0.0005,1,152,-5,-959,152,-959
alpha 0.0005,1,153,-5,-964,153,-964
alpha 0.0005,1,154,-5,-969,154,-969
alpha 0.0005,1,155,-3,-972,155,-972
alpha 0.0005,1,156,-3,-975,156,-975
alpha 0.0005,1,157,-3,-978,157,-978
alpha 0.0005,1,158,-5,-983,158,-983
alpha 0.0005,1,159,-5,-988,159,-988
alpha 0.0005,1,160,-5,-993,160,-993
alpha 0.0005,1,161,-5,-998,161,-998
alpha 0.0005,1,162,-5,-1003,162,-1003
alpha 0.0005,1,163,-5,-1008,163,-1008
alpha 0.0005,1,164,-5,-1013,164,-1013
alpha 0.0005,1,165,-5,-1018,165,-1018
alpha 0.0005,1,166,-5,-1023,166,-1023
alpha 0.0005,1,167,-5,-1028,167,-1028
alpha 0.0005,1,168,-5,-1033,168,-1033
alpha 0.0005,1,169,-6,-1039,169,-1039
alpha 0.0005,1,170,-4,-1043,170,-1043
alpha 0.0005,1,171,-4,-1047,171,-1047
alpha 0.0005,1,172,-4,-1051,172,-1051
alpha 0.0005,1,173,-4,-1055,173,-1055
alpha 0.0005,1,174,-4,-1059,174,-1059
alpha 0.0005,1,175,-5,-1064,175,-1064
alpha 0.0005,1,176,-5,-1069,176,-1069
alpha 0.0005,1,177,-5,-1074,177,-1074
alpha 0.0005,1,178,-5,-1079,178,-1079
alpha 0.0005,1,179,-5,-1084,179,-1084
alpha 0.0005,1,180,-7,-1091,180,-1091
alpha 0.0005,1,181,-7,-1098,181,-1098
alpha 0.0005,1,182,-7,-1105,182,-1105
alpha 0.0005,1,183,-7,-1112,183,-1112
alpha 0.0005,1,184,-7,-1119,184,-1119
alpha 0.0005,1,185,-7,-1126,185,-1126
alpha 0.0005,1,186,-7,-1133,186,-1133
alpha 0.0005,1,187,-7,-1140,187,-1140
alpha 0.0005,1,188,-7,-1147,188,-1147
alpha 0.0005,1,189,-7,-1154,189,-1154
alpha 0.0005,1,190,-7,-1161,190,-1161
alpha 0.0005,1,191,-7,-1168,191,-1168
alpha 0.0005,1,192,-7,-1175,192,-1175
alpha 0.0005,1,193,-7,-1182,193,-1182
alpha 0.0005,1,194,-7,-1189,194,-1189
alpha 0.0005,1,195,-7,-1196,195,-1196
alpha 0.0005,1,196,-7,-1203,196,-1203
alpha 0.0005,1,197,-7,-1210,197,-1210
alpha 0.0005,1,198,-7,-1217,198,-1217
alpha 0.0005,1,199,-7,-1224,199,-1224
alpha 0.0005,1,200,-7,-1231,200,-1231
alpha 0.0005,1,201,-7,-1238,201,-1238
alpha 0.0005,1,202,-7,-1245,202,-1245
alpha 0.0005,1,203,-7,-1252,203,-1252
alpha 0.0005,1,204,-7,-1259,204,-1259
alpha 0.0005,1,205,-7,-1266,205,-1266
alpha 0.0005,1,206,-7,-1273,206,-1273
alpha 0.0005,1,207,-7,-1280,207,-1280
alpha 0.0005,1,208,-7,-1287,208,-1287
alpha 0.0005,1,209,-7,-1294,209,-1294
alpha 0.0005,1,210,-7,-1301,210,-1301
alpha 0.0005,1,211,-7,-1308,211,-1308
alpha 0.0005,1,212,-7,-1315,212,-1315
alpha 0.0005,1,213,-7,-1322,213,-1322
alpha 0.0005,1,214,-7,-1329,214,-1329
alpha 0.0005,1,215,-7,-1336,215,-1336
alpha 0.0005,1,216,-7,-1343,216,-1343
alpha 0.0005,1,217,-7,-1350,217,-1350
alpha 0.0005,1,218,-7,-1357,218,-1357
alpha 0.0005,1,219,-7,-1364,219,-1364
alpha 0.0005,1,220,-7,-1371,220,-1371
alpha 0.0005,1,221,-7,-1378,221,-1378
alpha 0.0005,1,222,-7,-1385,222,-1385
alpha 0.0005,1,223,-7,-1392,223,-1392
alpha 0.0005,1,224,-7,-1399,224,-1399
alpha 0.0005,1,225,-8,-1407,225,-1407
alpha 0.0005,1,226,-8,-1415,226,-1415
alpha 0.0005,1,227,-8,-1423,227,-1423
alpha 0.0005,1,228,-8,-1431,228,-1431
alpha 0.0005,1,229,-7,-1438,229,-1438
alpha 0.0005,1,230,-5,-1443,230,-1443
alpha 0.0005,1,231,-5,-1448,231,-1448
alpha 0.0005,1,232,-7,-1455,232,-1455
alpha 0.0005,1,233,-7,-1462,233,-1462
alpha 0.0005,1,234,-7,-1469,234,-1469
alpha 0.0005,1,235,-7,-1476,235,-1476
alpha 0.0005,1,236,-8,-1484,236,-1484
alpha 0.0005,1,237,-8,-1492,237,-1492
alpha 0.0005,1,238,-8,-1500,238,-1500
alpha 0.0005,1,239,-10,-1510,239,-1510
alpha 0.0005,1,240,-10,-1520,240,-1520
alpha 0.0005,1,241,-10,-1530,241,-1530
alpha 0.0005,1,242,-10,-1540,242,-1540
alpha 0.0005,1,243,-10,-1550,243,-1550
alpha 0.0005,1,244,-10,-1560,244,-1560
alpha 0.0005,1,245,-10,-1570,245,-1570
alpha 0.0005,1,246,-10,-1580,246,-1580
alpha 0.0005,1,247,-10,-1590,247,-1590
alpha 0.0005,1,248,-10,-1600,248,-1600
alpha 0.0005,1,249,-10,-1610,249,-1610
alpha 0.0005,1,250,-10,-1620,250,-1620
alpha 0.0005,1,251,-10,-1630,251,-1630
alpha 0.0005,1,252,-10,-1640,252,-1640
alpha 0.0005,1,253,-10,-1650,253,-1650
alpha 0.0005,1,254,-10,-1660,254,-1660
alpha 0.0005,1,255,-10,-1670,255,-1670
alpha 0.0005,1,256,-10,-1680,256,-1680
alpha 0.0005,1,257,-10,-1690,257,-1690
alpha 0.0005,1,258,-10,-1700,258,-1700
alpha 0.0005,1,259,-10,-1710,259,-1710
alpha 0.0005,1,260,-10,-1720,260,-1720
alpha 0.0005,1,261,-10,-1730,261,-1730
alpha 0.0005,1,262,-10,-1740,262,-1740
alpha 0.0005,1,263,-10,-1750,263,-1750
alpha 0.0005,1,264,-10,-1760,264,-1760
alpha 0.0005,1,265,-10,-1770,265,-1770
alpha 0.0005,1,266,-10,-1780,266,-1780
alpha 0.0005,1,267,-10,-1790,267,-1790
alpha 0.0005,1,268,-10,-1800,268,-1800
alpha 0.0005,1,269,-10,-1810,269,-1810
alpha 0.0005,1,270,-10,-1820,270,-1820
alpha 0.0005,1,271,-10,-1830,271,-1830
alpha 0.0005,1,272,-10,-1840,272,-1840
alpha 0.0005,1,273,-10,-1850,273,-1850
alpha 0.0005,1,274,-10,-1860,274,-1860
alpha 0.0005,1,275,-10,-1870,275,-1870
alpha 0.0005,1,276,-10,-1880,276,-1880
alpha 0.0005,1,277,-10,-1890,277,-1890
alpha 0.0005,1,278,-10,-1900,278,-1900
alpha 0.0005,1,279,-8,-1908,279,-1908
alpha 0.0005,1,280,-10,-1918,280,-1918
alpha 0.0005,1,281,-10,-1928,281,-1928
alpha 0.0005,1,282,-8,-1936,282,-1936
alpha 0.0005,1,283,-7,-1943,283,-1943
alpha 0.0005,1,284,-7,-1950,284,-1950
alpha 0.0005,1,285,-7,-1957,285,-1957
alpha 0.0005,1,286,-7,-1964,286,-1964
alpha 0.0005,1,287,-7,-1971,287,-1971
alpha 0.0005,1,288,-7,-1978,288,-1978
alpha 0.0005,1,289,-7,-1985,289,-1985
alpha 0.0005,1,290,-7,-1992,290,-1992
alpha 0.0005,1,291,-7,-1999,291,-1999
alpha 0.0005,1,292,-7,-2006,292,-2006
alpha 0.0005,1,293,-7,-2013,293,-2013
alpha 0.0005,1,294,-5,-2018,294,-2018
alpha 0.0005,1,295,-5,-2023,295,-2023
alpha 0.0005,1,296,-5,-2028,296,-2028
alpha 0.0005,1,297,-5,-2033,297,-2033
alpha 0.0005,1,298,-5,-2038,298,-2038
alpha 0.0005,1,299,-5,-2043,299,-2043
alpha 0.0005,1,300,-5,-2048,300,-2048
alpha 0.0005,1,301,-4,-2052,301,-2052
alpha 0.0005,1,302,-3,-2055,302,-2055
alpha 0.0005,1,303,-3,-2058,303,-2058
alpha 0.0005,1,304,-3,-2061,304,-2061
alpha 0.0005,1,305,-3,-2064,305,-2064
alpha 0.0005,1,306,-3,-2067,306,-2067
alpha 0.0005,1,307,-3,-2070,307,-2070
alpha 0.0005,1,308,-3,-2073,308,-2073
alpha 0.0005,1,309,-3,-2076,309,-2076
alpha 0.0005,1,310,-2,-2078,310,-2078
alpha 0.0005,1,311,1,-2077,311,-2077
alpha 0.0005,1,312,1,-2076,312,-2076
alpha 0.0005,1,313,-2,-2078,313,-2078
alpha 0.0005,1,314,-2,-2080,314,-2080
alpha 0.0005,1,315,-2,-2082,315,-2082
alpha 0.0005,1,316,-2,-2084,316,-2084
alpha 0.0005,1,317,-2,-2086,317,-2086
alpha 0.0005,1,318,1,-2085,318,-2085
alpha 0.0005,1,319,1,-2084,319,-2084
alpha 0.0005,1,320,1,-2083,320,-2083
alpha 0.0005,1,321,-4,-2087,321,-2087
alpha 0.0005,1,322,-3,-2090,322,-2090
alpha 0.0005,1,323,-3,-2093,323,-2093
alpha 0.0005,1,324,-3,-2096,324,-2096
alpha 0.0005,1,325,-1,-2097,325,-2097
alpha 0.0005,1,326,-2,-2099,326,-2099
alpha 0.0005,1,327,-2,-2101,327,-2101
alpha 0.0005,1,328,-3,-2104,328,-2104
alpha 0.0005,1,329,-4,-2108,329,-2108
alpha 0.0005,1,330,-4,-2112,330,-2112
alpha 0.0005,1,331,-4,-2116,331,-2116
alpha 0.0005,1,332,-4,-2120,332,-2120
alpha 0.0005,1,333,-4,-2124,333,-2124
alpha 0.0005,1,334,-4,-2128,334,-2128
alpha 0.0005,1,335,-5,-2133,335,-2133
alpha 0.0005,1,336,-5,-2138,336,-2138
alpha 0.0005,1,337,-5,-2143,337,-2143
alpha 0.0005,1,338,-5,-2148,338,-2148
alpha 0.0005,1,339,-5,-2153,339,-2153
alpha 0.0005,1,340,-5,-2158,340,-2158
alpha 0.0005,1,341,-5,-2163,341,-2163
alpha 0.0005,1,342,-5,-2168,342,-2168
alpha 0.0005,1,343,-8,-2176,343,-2176
alpha 0.0005,1,344,-10,-2186,344,-2186
alpha 0.0005,1,345,-10,-2196,345,-2196
alpha 0.0005,1,346,-10,-2206,346,-2206
alpha 0.0005,1,347,-10,-2216,347,-2216
alpha 0.0005,1,348,-10,-2226,348,-2226
alpha 0.0005,1,349,-10,-2236,349,-2236
alpha 0.0005,1,350,-10,-2246,350,-2246
alpha 0.0005,1,351,-10,-2256,351,-2256
alpha 0.0005,1,352,-10,-2266,352,-2266
alpha 0.0005,1,353,-10,-2276,353,-2276
alpha 0.0005,1,354,-10,-2286,354,-2286
alpha 0.0005,1,355,-10,-2296,355,-2296
alpha 0.0005,1,356,-10,-2306,356,-2306
alpha 0.0005,1,357,-10,-2316,357,-2316
alpha 0.0005,1,358,-10,-2326,358,-2326
alpha 0.0005,1,359,-10,-2336,359,-2336
alpha 0.0005,1,360,-10,-2346,360,-2346
alpha 0.0005,1,361,-10,-2356,361,-2356
alpha 0.0005,1,362,-10,-2366,362,-2366
alpha 0.0005,1,363,-10,-2376,363,-2376
alpha 0.0005,1,364,-10,-2386,364,-2386
alpha 0.0005,1,365,-10,-2396,365,-2396
alpha 0.0005,1,366,-10,-2406,366,-2406
alpha 0.0005,1,367,-10,-2416,367,-2416
alpha 0.0005,1,368,-8,-2424,368,-2424
alpha 0.0005,1,369,-8,-2432,369,-2432
alpha 0.0005,1,370,-8,-2440,370,-2440
alpha 0.0005,1,371,-8,-2448,371,-2448
alpha 0.0005,1,372,-8,-2456,372,-2456
alpha 0.0005,1,373,-8,-2464,373,-2464
alpha 0.0005,1,374,-8,-2472,374,-2472
alpha 0.0005,1,375,-8,-2480,375,-2480
alpha 0.0005,1,376,-8,-2488,376,-2488
alpha 0.0005,1,377,-7,-2495,377,-2495
alpha 0.0005,1,378,-7,-2502,378,-2502
alpha 0.0005,1,379,-7,-2509,379,-2509
alpha 0.0005,1,380,-7,-2516,380,-2516
alpha 0.0005,1,381,-7,-2523,381,-2523
alpha 0.0005,1,382,-7,-2530,382,-2530
alpha 0.0005,1,383,-7,-2537,383,-2537
alpha 0.0005,1,384,-7,-2544,384,-2544
alpha 0.0005,1,385,-7,-2551,385,-2551
alpha 0.0005,1,386,-7,-2558,386,-2558
alpha 0.0005,1,387,-7,-2565,387,-2565
alpha 0.0005,1,388,-6,-2571,388,-2571
alpha 0.0005,1,389,-6,-2577,389,-2577
alpha 0.0005,1,390,-6,-2583,390,-2583
alpha 0.0005,1,391,-5,-2588,391,-2588
alpha 0.0005,1,392,-5,-2593,392,-2593
alpha 0.0005,1,393,-5,-2598,393,-2598
alpha 0.0005,1,394,-5,-2603,394,-2603
alpha 0.0005,1,395,-5,-2608,395,-2608
alpha 0.0005,1,396,-5,-2613,396,-2613
alpha 0.0005,1,397,-5,-2618,397,-2618
alpha 0.0005,1,398,-5,-2623,398,-2623
alpha 0.0005,1,399,-5,-2628,399,-2628
alpha 0.0005,1,400,-5,-2633,400,-2633
alpha 0.0005,1,401,-5,-2638,401,-2638
alpha 0.0005,1,402,-5,-2643,402,-2643
alpha 0.0005,1,403,-5,-2648,403,-2648
alpha 0.0005,1,404,-5,-2653,404,-2653
alpha 0.0005,1,405,-5,-2658,405,-2658
alpha 0.0005,1,406,-6,-2664,406,-2664
alpha 0.0005,1,407,-6,-2670,407,-2670
alpha 0.0005,1,408,-6,-2676,408,-2676
alpha 0.0005,1,409,-6,-2682,409,-2682
alpha 0.0005,1,410,-6,-2688,410,-2688
alpha 0.0005,1,411,-7,-2695,411,-2695
alpha 0.0005,1,412,-7,-2702,412,-2702
alpha 0.0005,1,413,-7,-2709,413,-2709
alpha 0.0005,1,414,-7,-2716,414,-2716
alpha 0.0005,1,415,-7,-2723,415,-2723
alpha 0.0005,1,416,-7,-2730,416,-2730
alpha 0.0005,1,417,-7,-2737,417,-2737
alpha 0.0005,1,418,-7,-2744,418,-2744
alpha 0.0005,1,419,-7,-2751,419,-2751
alpha 0.0005,1,420,-7,-2758,420,-2758
alpha 0.0005,1,421,-7,-2765,421,-2765
alpha 0.0005,1,422,-7,-2772,422,-2772
alpha 0.0005,1,423,-7,-2779,423,-2779
alpha 0.0005,1,424,-7,-2786,424,-2786
alpha 0.0005,1,425,-8,-2794,425,-2794
alpha 0.0005,1,426,-8,-2802,426,-2802
alpha 0.0005,1,427,-8,-2810,427,-2810
alpha 0.0005,1,428,-8,-2818,428,-2818
alpha 0.0005,1,429,-8,-2826,429,-2826
alpha 0.0005,1,430,-8,-2834,430,-2834
alpha 0.0005,1,431,-8,-2842,431,-2842
alpha 0.0005,1,432,-10,-2852,432,-2852
alpha 0.0005,1,433,-10,-2862,433,-2862
alpha 0.0005,1,434,-10,-2872,434,-2872
alpha 0.0005,1,435,-10,-2882,435,-2882
alpha 0.0005,1,436,-10,-2892,436,-2892
alpha 0.0005,1,437,-10,-2902,437,-2902
alpha 0.0005,1,438,-10,-2912,438,-2912
alpha 0.0005,1,439,-10,-2922,439,-2922
alpha 0.0005,1,440,-10,-2932,440,-2932
alpha 0.0005,1,441,-10,-2942,441,-2942
alpha 0.0005,1,442,-10,-2952,442,-2952
alpha 0.0005,1,443,-10,-2962,443,-2962
alpha 0.0005,1,444,-10,-2972,444,-2972
alpha 0.0005,1,445,-10,-2982,445,-2982
alpha 0.0005,1,446,-10,-2992,446,-2992
alpha 0.0005,1,447,-10,-3002,447,-3002
alpha 0.0005,1,448,-10,-3012,448,-3012
alpha 0.0005,1,449,-10,-3022,449,-3022
alpha 0.0005,1,450,-10,-3032,450,-3032
alpha 0.0005,1,451,-10,-3042,451,-3042
alpha 0.0005,1,452,-10,-3052,452,-3052
alpha 0.0005,1,453,-10,-3062,453,-3062
alpha 0.0005,1,454,-10,-3072,454,-3072
alpha 0.0005,1,455,-10,-3082,455,-3082
alpha 0.0005,1,456,-10,-3092,456,-3092
alpha 0.0005,1,457,-10,-3102,457,-3102
alpha 0.0005,1,458,-10,-3112,458,-3112
alpha 0.0005,1,459,-6,-3118,459,-3118
alpha 0.0005,1,460,-5,-3123,460,-3123
alpha 0.0005,1,461,-5,-3128,461,-3128
alpha 0.0005,1,462,-5,-3133,462,-3133
alpha 0.0005,1,463,-5,-3138,463,-3138
alpha 0.0005,1,464,-5,-3143,464,-3143
alpha 0.0005,1,465,-5,-3148,465,-3148
alpha 0.0005,1,466,-5,-3153,466,-3153
alpha 0.0005,1,467,-5,-3158,467,-3158
alpha 0.0005,1,468,-5,-3163,468,-3163
alpha 0.0005,1,469,-5,-3168,469,-3168
alpha 0.0005,1,470,-3,-3171,470,-3171
alpha 0.0005,1,471,-3,-3174,471,-3174
alpha 0.0005,1,472,-5,-3179,472,-3179
alpha 0.0005,1,473,-5,-3184,473,-3184
alpha 0.0005,1,474,-5,-3189,474,-3189
alpha 0.0005,1,475,-5,-3194,475,-3194
alpha 0.0005,1,476,-5,-3199,476,-3199
alpha 0.0005,1,477,-5,-3204,477,-3204
alpha 0.0005,1,478,-5,-3209,478,-3209
alpha 0.0005,1,479,-5,-3214,479,-3214
alpha 0.0005,1,480,-5,-3219,480,-3219
alpha 0.0005,1,481,-5,-3224,481,-3224
alpha 0.0005,1,482,-5,-3229,482,-3229
alpha 0.0005,1,483,-5,-3234,483,-3234
alpha 0.0005,1,484,-5,-3239,484,-3239
alpha 0.0005,1,485,-5,-3244,485,-3244
alpha 0.0005,1,486,-5,-3249,486,-3249
alpha 0.0005,1,487,-5,-3254,487,-3254
alpha 0.0005,1,488,-5,-3259,488,-3259
alpha 0.0005,1,489,-5,-3264,489,-3264
alpha 0.0005,1,490,-5,-3269,490,-3269
alpha 0.0005,1,491,-5,-3274,491,-3274
alpha 0.0005,1,492,-5,-3279,492,-3279
alpha 0.0005,1,493,-5,-3284,493,-3284
alpha 0.0005,1,494,-5,-3289,494,-3289
alpha 0.0005,1,495,-5,-3294,495,-3294
alpha 0.0005,1,496,-6,-3300,496,-3300
alpha 0.0005,1,497,-6,-3306,497,-3306
alpha 0.0005,1,498,-6,-3312,498,-3312
alpha 0.0005,1,499,-6,-3318,499,-3318
alpha 0.0005,1,500,-6,-3324,500,-3324
alpha 0.0005,2,1,4,4,501,-3320
alpha 0.0005,2,2,2,6,502,-3318
alpha 0.0005,2,3,-2,4,503,-3320
alpha 0.0005,2,4,-2,2,504,-3322
alpha 0.0005,2,5,-6,-4,505,-3328
alpha 0.0005,2,6,-7,-11,506,-3335
alpha 0.0005,2,7,-5,-16,507,-3340
alpha 0.0005,2,8,-7,-23,508,-3347
alpha 0.0005,2,9,-8,-31,509,-3355
alpha 0.0005,2,10,-8,-39,510,-3363
alpha 0.0005,2,11,-8,-47,511,-3371
alpha 0.0005,2,12,-3,-50,512,-3374
alpha 0.0005,2,13,-3,-53,513,-3377
alpha 0.0005,2,14,-4,-57,514,-3381
alpha 0.0005,2,15,-3,-60,515,-3384
alpha 0.0005,2,16,-2,-62,516,-3386
alpha 0.0005,2,17,-3,-65,517,-3389
alpha 0.0005,2,18,-3,-68,518,-3392
alpha 0.0005,2,19,-5,-73,519,-3397
alpha 0.0005,2,20,-5,-78,520,-3402
alpha 0.0005,2,21,-3,-81,521,-3405
alpha 0.0005,2,22,-3,-84,522,-3408
alpha 0.0005,2,23,-4,-88,523,-3412
alpha 0.0005,2,24,-4,-92,524,-3416
alpha 0.0005,2,25,-3,-95,525,-3419
alpha 0.0005,2,26,-5,-100,526,-3424
alpha 0.0005,2,27,-5,-105,527,-3429
alpha 0.0005,2,28,-5,-110,528,-3434
alpha 0.0005,2,29,-5,-115,529,-3439
alpha 0.0005,2,30,-5,-120,530,-3444
alpha 0.0005,2,31,-5,-125,531,-3449
alpha 0.0005,2,32,-5,-130,532,-3454
alpha 0.0005,2,33,-6,-136,533,-3460
alpha 0.0005,2,34,-6,-142,534,-3466
alpha 0.0005,2,35,-6,-148,535,-3472
alpha 0.0005,2,36,-6,-154,536,-3478
alpha 0.0005,2,37,-6,-160,537,-3484
alpha 0.0005,2,38,-5,-165,538,-3489
alpha 0.0005,2,39,-5,-170,539,-3494
alpha 0.0005,2,40,-5,-175,540,-3499
alpha 0.0005,2,41,-5,-180,541,-3504
alpha 0.0005,2,42,-5,-185,542,-3509
alpha 0.0005,2,43,-5,-190,543,-3514
alpha 0.0005,2,44,-5,-195,544,-3519
alpha 0.0005,2,45,-5,-200,545,-3524
alpha 0.0005,2,46,-5,-205,546,-3529
alpha 0.0005,2,47,-5,-210,547,-3534
alpha 0.0005,2,48,-5,-215,548,-3539
alpha 0.0005,2,49,-5,-220,549,-3544
alpha 0.0005,2,50,-5,-225,550,-3549
alpha 0.0005,2,51,-5,-230,551,-3554
alpha 0.0005,2,52,-5,-235,552,-3559
alpha 0.0005,2,53,-5,-240,553,-3564
alpha 0.0005,2,54,-5,-245,554,-3569
alpha 0.0005,2,55,-5,-250,555,-3574
alpha 0.0005,2,56,-5,-255,556,-3579
alpha 0.0005,2,57,-5,-260,557,-3584
alpha 0.0005,2,58,-5,-265,558,-3589
alpha 0.0005,2,59,-5,-270,559,-3594
alpha 0.0005,2,60,-5,-275,560,-3599
alpha 0.0005,2,61,-5,-280,561,-3604
alpha 0.0005,2,62,-5,-285,562,-3609
alpha 0.0005,2,63,-5,-290,563,-3614
alpha 0.0005,2,64,-5,-295,564,-3619
alpha 0.0005,2,65,-5,-300,565,-3624
alpha 0.0005,2,66,-5,-305,566,-3629
alpha 0.0005,2,67,-5,-310,567,-3634
alpha 0.0005,2,68,-5,-315,568,-3639
alpha 0.0005,2,69,-5,-320,569,-3644
alpha 0.0005,2,70,-5,-325,570,-3649
alpha 0.0005,2,71,-5,-330,571,-3654
alpha 0.0005,2,72,-5,-335,572,-3659
alpha 0.0005,2,73,-5,-340,573,-3664
alpha 0.0005,2,74,-5,-345,574,-3669
alpha 0.0005,2,75,-5,-350,575,-3674
alpha 0.0005,2,76,-5,-355,576,-3679
alpha 0.0005,2,77,-5,-360,577,-3684
alpha 0.0005,2,78,-5,-365,578,-3689
alpha 0.0005,2,79,-5,-370,579,-3694
alpha 0.0005,2,80,-5,-375,580,-3699
alpha 0.0005,2,81,-5,-380,581,-3704
alpha 0.0005,2,82,-5,-385,582,-3709
alpha 0.0005,2,83,-5,-390,583,-3714
alpha 0.0005,2,84,-5,-395,584,-3719
alpha 0.0005,2,85,-5,-400,585,-3724
alpha 0.0005,2,86,-5,-405,586,-3729
alpha 0.0005,2,87,-5,-410,587,-3734
alpha 0.0005,2,88,-5,-415,588,-3739
alpha 0.0005,2,89,-5,-420,589,-3744
alpha 0.0005,2,90,-5,-425,590,-3749
alpha 0.0005,2,91,-5,-430,591,-3754
alpha 0.0005,2,92,-5,-435,592,-3759
alpha 0.0005,2,93,-5,-440,593,-3764
alpha 0.0005,2,94,-5,-445,594,-3769
alpha 0.0005,2,95,-5,-450,595,-3774
alpha 0.0005,2,96,-5,-455,596,-3779
alpha 0.0005,2,97,-5,-460,597,-3784
alpha 0.0005,2,98,-5,-465,598,-3789
alpha 0.0005,2,99,-5,-470,599,-3794
alpha 0.0005,2,100,-5,-475,600,-3799
alpha 0.0005,2,101,-5,-480,601,-3804
alpha 0.0005,2,102,-5,-485,602,-3809
alpha 0.0005,2,103,-5,-490,603,-3814
alpha 0.0005,2,104,-5,-495,604,-3819
alpha 0.0005,2,105,-5,-500,605,-3824
alpha 0.0005,2,106,-5,-505,606,-3829
alpha 0.0005,2,107,-5,-510,607,-3834
alpha 0.0005,2,108,-5,-515,608,-3839
alpha 0.0005,2,109,-5,-520,609,-3844
alpha 0.0005,2,110,-3,-523,610,-3847
alpha 0.0005,2,111,-3,-526,611,-3850
alpha 0.0005,2,112,-2,-528,612,-3852
alpha 0.0005,2,113,-2,-530,613,-3854
alpha 0.0005,2,114,-2,-532,614,-3856
alpha 0.0005,2,115,-1,-533,615,-3857
alpha 0.0005,2,116,1,-532,616,-3856
alpha 0.0005,2,117,2,-530,617,-3854
alpha 0.0005,2,118,2,-528,618,-3852
alpha 0.0005,2,119,1,-527,619,-3851
alpha 0.0005,2,120,-2,-529,620,-3853
alpha 0.0005,2,121,-2,-531,621,-3855
alpha 0.0005,2,122,-3,-534,622,-3858
alpha 0.0005,2,123,-3,-537,623,-3861
alpha 0.0005,2,124,-5,-542,624,-3866
alpha 0.0005,2,125,-5,-547,625,-3871
alpha 0.0005,2,126,-5,-552,626,-3876
alpha 0.0005,2,127,-5,-557,627,-3881
alpha 0.0005,2,128,-5,-562,628,-3886
alpha 0.0005,2,129,-5,-567,629,-3891
alpha 0.0005,2,130,-5,-572,630,-3896
alpha 0.0005,2,131,-5,-577,631,-3901
alpha 0.0005,2,132,-5,-582,632,-3906
alpha 0.0005,2,133,-5,-587,633,-3911
alpha 0.0005,2,134,-5,-592,634,-3916
alpha 0.0005,2,135,-5,-597,635,-3921
alpha 0.0005,2,136,-5,-602,636,-3926
alpha 0.0005,2,137,-5,-607,637,-3931
alpha 0.0005,2,138,-5,-612,638,-3936
alpha 0.0005,2,139,-5,-617,639,-3941
alpha 0.0005,2,140,-5,-622,640,-3946
alpha 0.0005,2,141,-5,-627,641,-3951
alpha 0.0005,2,142,-5,-632,642,-3956
alpha 0.0005,2,143,-5,-637,643,-3961
alpha 0.0005,2,144,-5,-642,644,-3966
alpha 0.0005,2,145,-5,-647,645,-3971
alpha 0.0005,2,146,-5,-652,646,-3976
alpha 0.0005,2,147,-5,-657,647,-3981
alpha 0.0005,2,148,-5,-662,648,-3986
alpha 0.0005,2,149,-5,-667,649,-3991
alpha 0.0005,2,150,-5,-672,650,-3996
alpha 0.0005,2,151,-5,-677,651,-4001
alpha 0.0005,2,152,-5,-682,652,-4006
alpha 0.0005,2,153,-5,-687,653,-4011
alpha 0.0005,2,154,-5,-692,654,-4016
alpha 0.0005,2,155,-5,-697,655,-4021
alpha 0.0005,2,156,-5,-702,656,-4026
alpha 0.0005,2,157,-5,-707,657,-4031
alpha 0.0005,2,158,-5,-712,658,-4036
alpha 0.0005,2,159,-5,-717,659,-4041
alpha 0.0005,2,160,-5,-722,660,-4046
alpha 0.0005,2,161,-5,-727,661,-4051
alpha 0.0005,2,162,-5,-732,662,-4056
alpha 0.0005,2,163,-5,-737,663,-4061
alpha 0.0005,2,164,-5,-742,664,-4066
alpha 0.0005,2,165,-5,-747,665,-4071
alpha 0.0005,2,166,-5,-752,666,-4076
alpha 0.0005,2,167,-5,-757,667,-4081
alpha 0.0005,2,168,-5,-762,668,-4086
alpha 0.0005,2,169,-5,-767,669,-4091
alpha 0.0005,2,170,-5,-772,670,-4096
alpha 0.0005,2,171,-5,-777,671,-4101
alpha 0.0005,2,172,-5,-782,672,-4106
alpha 0.0005,2,173,-5,-787,673,-4111
alpha 0.0005,2,174,-5,-792,674,-4116
alpha 0.0005,2,175,-5,-797,675,-4121
alpha 0.0005,2,176,-5,-802,676,-4126
alpha 0.0005,2,177,-5,-807,677,-4131
alpha 0.0005,2,178,-5,-812,678,-4136
alpha 0.0005,2,179,-5,-817,679,-4141
alpha 0.0005,2,180,-5,-822,680,-4146
alpha 0.0005,2,181,-5,-827,681,-4151
alpha 0.0005,2,182,-5,-832,682,-4156
alpha 0.0005,2,183,-5,-837,683,-4161
alpha 0.0005,2,184,-5,-842,684,-4166
alpha 0.0005,2,185,-5,-847,685,-4171
alpha 0.0005,2,186,-5,-852,686,-4176
alpha 0.0005,2,187,-4,-856,687,-4180
alpha 0.0005,2,188,-4,-860,688,-4184
alpha 0.0005,2,189,-3,-863,689,-4187
alpha 0.0005,2,190,-3,-866,690,-4190
alpha 0.0005,2,191,-3,-869,691,-4193
alpha 0.0005,2,192,-5,-874,692,-4198
alpha 0.0005,2,193,-3,-877,693,-4201
alpha 0.0005,2,194,-2,-879,694,-4203
alpha 0.0005,2,195,-2,-881,695,-4205
alpha 0.0005,2,196,-2,-883,696,-4207
alpha 0.0005,2,197,-3,-886,697,-4210
alpha 0.0005,2,198,-3,-889,698,-4213
alpha 0.0005,2,199,-3,-892,699,-4216
alpha 0.0005,2,200,-3,-895,700,-4219
alpha 0.0005,2,201,-3,-898,701,-4222
alpha 0.0005,2,202,-4,-902,702,-4226
alpha 0.0005,2,203,-4,-906,703,-4230
alpha 0.0005,2,204,-4,-910,704,-4234
alpha 0.0005,2,205,-4,-914,705,-4238
alpha 0.0005,2,206,-4,-918,706,-4242
alpha 0.0005,2,207,-4,-922,707,-4246
alpha 0.0005,2,208,-3,-925,708,-4249
alpha 0.0005,2,209,1,-924,709,-4248
alpha 0.0005,2,210,1,-923,710,-4247
alpha 0.0005,2,211,-1,-924,711,-4248
alpha 0.0005,2,212,-2,-926,712,-4250
alpha 0.0005,2,213,-2,-928,713,-4252
alpha 0.0005,2,214,-2,-930,714,-4254
alpha 0.0005,2,215,-2,-932,715,-4256
alpha 0.0005,2,216,-3,-935,716,-4259
alpha 0.0005,2,217,-3,-938,717,-4262
alpha 0.0005,2,218,-3,-941,718,-4265
alpha 0.0005,2,219,-3,-944,719,-4268
alpha 0.0005,2,220,-5,-949,720,-4273
alpha 0.0005,2,221,-5,-954,721,-4278
alpha 0.0005,2,222,-5,-959,722,-4283
alpha 0.0005,2,223,-5,-964,723,-4288
alpha 0.0005,2,224,-5,-969,724,-4293
alpha 0.0005,2,225,-5,-974,725,-4298
alpha 0.0005,2,226,-5,-979,726,-4303
alpha 0.0005,2,227,-5,-984,727,-4308
alpha 0.0005,2,228,-5,-989,728,-4313
alpha 0.0005,2,229,-5,-994,729,-4318
alpha 0.0005,2,230,-5,-999,730,-4323
alpha 0.0005,2,231,-3,-1002,731,-4326
alpha 0.0005,2,232,-3,-1005,732,-4329
alpha 0.0005,2,233,-3,-1008,733,-4332
alpha 0.0005,2,234,-5,-1013,734,-4337
alpha 0.0005,2,235,-5,-1018,735,-4342
alpha 0.0005,2,236,-5,-1023,736,-4347
alpha 0.0005,2,237,-5,-1028,737,-4352
alpha 0.0005,2,238,-5,-1033,738,-4357
alpha 0.0005,2,239,-3,-1036,739,-4360
alpha 0.0005,2,240,-5,-1041,740,-4365
alpha 0.0005,2,241,-5,-1046,741,-4370
alpha 0.0005,2,242,-5,-1051,742,-4375
alpha 0.0005,2,243,-5,-1056,743,-4380
alpha 0.0005,2,244,-5,-1061,744,-4385
alpha 0.0005,2,245,-5,-1066,745,-4390
alpha 0.0005,2,246,-5,-1071,746,-4395
alpha 0.0005,2,247,-3,-1074,747,-4398
alpha 0.0005,2,248,-3,-1077,748,-4401
alpha 0.0005,2,249,-5,-1082,749,-4406
alpha 0.0005,2,250,-5,-1087,750,-4411
alpha 0.0005,2,251,-5,-1092,751,-4416
alpha 0.0005,2,252,-5,-1097,752,-4421
alpha 0.0005,2,253,-5,-1102,753,-4426
alpha 0.0005,2,254,-3,-1105,754,-4429
alpha 0.0005,2,255,-3,-1108,755,-4432
alpha 0.0005,2,256,-3,-1111,756,-4435
alpha 0.0005,2,257,-3,-1114,757,-4438
alpha 0.0005,2,258,-3,-1117,758,-4441
alpha 0.0005,2,259,-3,-1120,759,-4444
alpha 0.0005,2,260,-5,-1125,760,-4449
alpha 0.0005,2,261,-5,-1130,761,-4454
alpha 0.0005,2,262,-5,-1135,762,-4459
alpha 0.0005,2,263,-5,-1140,763,-4464
alpha 0.0005,2,264,-5,-1145,764,-4469
alpha 0.0005,2,265,-6,-1151,765,-4475
alpha 0.0005,2,266,-6,-1157,766,-4481
alpha 0.0005,2,267,-6,-1163,767,-4487
alpha 0.0005,2,268,-6,-1169,768,-4493
alpha 0.0005,2,269,-6,-1175,769,-4499
alpha 0.0005,2,270,-6,-1181,770,-4505
alpha 0.0005,2,271,-6,-1187,771,-4511
alpha 0.0005,2,272,-6,-1193,772,-4517
alpha 0.0005,2,273,-7,-1200,773,-4524
alpha 0.0005,2,274,-7,-1207,774,-4531
alpha 0.0005,2,275,-7,-1214,775,-4538
alpha 0.0005,2,276,-7,-1221,776,-4545
alpha 0.0005,2,277,-7,-1228,777,-4552
alpha 0.0005,2,278,-7,-1235,778,-4559
alpha 0.0005,2,279,-7,-1242,779,-4566
alpha 0.0005,2,280,-7,-1249,780,-4573
alpha 0.0005,2,281,-7,-1256,781,-4580
alpha 0.0005,2,282,-7,-1263,782,-4587
alpha 0.0005,2,283,-7,-1270,783,-4594
alpha 0.0005,2,284,-7,-1277,784,-4601
alpha 0.0005,2,285,-7,-1284,785,-4608
alpha 0.0005,2,286,-7,-1291,786,-4615
alpha 0.0005,2,287,-7,-1298,787,-4622
alpha 0.0005,2,288,-6,-1304,788,-4628
alpha 0.0005,2,289,-6,-1310,789,-4634
alpha 0.0005,2,290,-4,-1314,790,-4638
alpha 0.0005,2,291,-4,-1318,791,-4642
alpha 0.0005,2,292,-4,-1322,792,-4646
alpha 0.0005,2,293,-5,-1327,793,-4651
alpha 0.0005,2,294,-5,-1332,794,-4656
alpha 0.0005,2,295,-5,-1337,795,-4661
alpha 0.0005,2,296,-5,-1342,796,-4666
alpha 0.0005,2,297,-5,-1347,797,-4671
alpha 0.0005,2,298,-6,-1353,798,-4677
alpha 0.0005,2,299,-6,-1359,799,-4683
alpha 0.0005,2,300,-6,-1365,800,-4689
alpha 0.0005,2,301,-6,-1371,801,-4695
alpha 0.0005,2,302,-6,-1377,802,-4701
alpha 0.0005,2,303,-6,-1383,803,-4707
alpha 0.0005,2,304,-6,-1389,804,-4713
alpha 0.0005,2,305,-6,-1395,805,-4719
alpha 0.0005,2,306,-6,-1401,806,-4725
alpha 0.0005,2,307,-6,-1407,807,-4731
alpha 0.0005,2,308,-6,-1413,808,-4737
alpha 0.0005,2,309,-6,-1419,809,-4743
alpha 0.0005,2,310,-6,-1425,810,-4749
alpha 0.0005,2,311,-6,-1431,811,-4755
alpha 0.0005,2,312,-6,-1437,812,-4761
alpha 0.0005,2,313,-6,-1443,813,-4767
alpha 0.0005,2,314,-6,-1449,814,-4773
alpha 0.0005,2,315,-6,-1455,815,-4779
alpha 0.0005,2,316,-6,-1461,816,-4785
alpha 0.0005,2,317,-6,-1467,817,-4791
alpha 0.0005,2,318,-6,-1473,818,-4797
alpha 0.0005,2,319,-6,-1479,819,-4803
alpha 0.0005,2,320,-6,-1485,820,-4809
alpha 0.0005,2,321,-6,-1491,821,-4815
alpha 0.0005,2,322,-6,-1497,822,-4821
alpha 0.0005,2,323,-6,-1503,823,-4827
alpha 0.0005,2,324,-6,-1509,824,-4833
alpha 0.0005,2,325,-6,-1515,825,-4839
alpha 0.0005,2,326,-8,-1523,826,-4847
alpha 0.0005,2,327,-8,-1531,827,-4855
alpha 0.0005,2,328,-8,-1539,828,-4863
alpha 0.0005,2,329,-8,-1547,829,-4871
alpha 0.0005,2,330,-8,-1555,830,-4879
alpha 0.0005,2,331,-8,-1563,831,-4887
alpha 0.0005,2,332,-8,-1571,832,-4895
alpha 0.0005,2,333,-8,-1579,833,-4903
alpha 0.0005,2,334,-8,-1587,834,-4911
alpha 0.0005,2,335,-8,-1595,835,-4919
alpha 0.0005,2,336,-8,-1603,836,-4927
alpha 0.0005,2,337,-8,-1611,837,-4935
alpha 0.0005,2,338,-8,-1619,838,-4943
alpha 0.0005,2,339,-8,-1627,839,-4951
alpha 0.0005,2,340,-8,-1635,840,-4959
alpha 0.0005,2,341,-8,-1643,841,-4967
alpha 0.0005,2,342,-8,-1651,842,-4975
alpha 0.0005,2,343,-8,-1659,843,-4983
alpha 0.0005,2,344,-8,-1667,844,-4991
alpha 0.0005,2,345,-8,-1675,845,-4999
alpha 0.0005,2,346,-8,-1683,846,-5007
alpha 0.0005,2,347,-8,-1691,847,-5015
alpha 0.0005,2,348,-8,-1699,848,-5023
alpha 0.0005,2,349,-8,-1707,849,-5031
alpha 0.0005,2,350,-8,-1715,850,-5039
alpha 0.0005,2,351,-8,-1723,851,-5047
alpha 0.0005,2,352,-8,-1731,852,-5055
alpha 0.0005,2,353,-8,-1739,853,-5063
alpha 0.0005,2,354,-8,-1747,854,-5071
alpha 0.0005,2,355,-7,-1754,855,-5078
alpha 0.0005,2,356,-7,-1761,856,-5085
alpha 0.0005,2,357,-7,-1768,857,-5092
alpha 0.0005,2,358,-7,-1775,858,-5099
alpha 0.0005,2,359,-7,-1782,859,-5106
alpha 0.0005,2,360,-7,-1789,860,-5113
alpha 0.0005,2,361,-7,-1796,861,-5120
alpha 0.0005,2,362,-7,-1803,862,-5127
alpha 0.0005,2,363,-7,-1810,863,-5134
alpha 0.0005,2,364,-7,-1817,864,-5141
alpha 0.0005,2,365,-7,-1824,865,-5148
alpha 0.0005,2,366,-7,-1831,866,-5155
alpha 0.0005,2,367,-7,-1838,867,-5162
alpha 0.0005,2,368,-7,-1845,868,-5169
alpha 0.0005,2,369,-6,-1851,869,-5175
alpha 0.0005,2,370,-6,-1857,870,-5181
alpha 0.0005,2,371,-6,-1863,871,-5187
alpha 0.0005,2,372,-6,-1869,872,-5193
alpha 0.0005,2,373,-5,-1874,873,-5198
alpha 0.0005,2,374,-5,-1879,874,-5203
alpha 0.0005,2,375,-5,-1884,875,-5208
alpha 0.0005,2,376,-5,-1889,876,-5213
alpha 0.0005,2,377,-5,-1894,877,-5218
alpha 0.0005,2,378,-5,-1899,878,-5223
alpha 0.0005,2,379,-5,-1904,879,-5228
alpha 0.0005,2,380,-5,-1909,880,-5233
alpha 0.0005,2,381,-5,-1914,881,-5238
alpha 0.0005,2,382,-5,-1919,882,-5243
alpha 0.0005,2,383,-5,-1924,883,-5248
alpha 0.0005,2,384,-5,-1929,884,-5253
alpha 0.0005,2,385,-5,-1934,885,-5258
alpha 0.0005,2,386,-5,-1939,886,-5263
alpha 0.0005,2,387,-5,-1944,887,-5268
alpha 0.0005,2,388,-5,-1949,888,-5273
alpha 0.0005,2,389,-5,-1954,889,-5278
alpha 0.0005,2,390,-5,-1959,890,-5283
alpha 0.0005,2,391,-5,-1964,891,-5288
alpha 0.0005,2,392,-6,-1970,892,-5294
alpha 0.0005,2,393,-6,-1976,893,-5300
alpha 0.0005,2,394,-6,-1982,894,-5306
alpha 0.0005,2,395,-6,-1988,895,-5312
alpha 0.0005,2,396,-7,-1995,896,-5319
alpha 0.0005,2,397,-7,-2002,897,-5326
alpha 0.0005,2,398,-7,-2009,898,-5333
alpha 0.0005,2,399,-7,-2016,899,-5340
alpha 0.0005,2,400,-7,-2023,900,-5347
alpha 0.0005,2,401,-7,-2030,901,-5354
alpha 0.0005,2,402,-7,-2037,902,-5361
alpha 0.0005,2,403,-7,-2044,903,-5368
alpha 0.0005,2,404,-7,-2051,904,-5375
alpha 0.0005,2,405,-7,-2058,905,-5382
alpha 0.0005,2,406,-7,-2065,906,-5389
alpha 0.0005,2,407,-7,-2072,907,-5396
alpha 0.0005,2,408,-7,-2079,908,-5403
alpha 0.0005,2,409,-7,-2086,909,-5410
alpha 0.0005,2,410,-7,-2093,910,-5417
alpha 0.0005,2,411,-7,-2100,911,-5424
alpha 0.0005,2,412,-7,-2107,912,-5431
alpha 0.0005,2,413,-8,-2115,913,-5439
alpha 0.0005,2,414,-8,-2123,914,-5447
alpha 0.0005,2,415,-7,-2130,915,-5454
alpha 0.0005,2,416,-7,-2137,916,-5461
alpha 0.0005,2,417,-7,-2144,917,-5468
alpha 0.0005,2,418,-7,-2151,918,-5475
alpha 0.0005,2,419,-8,-2159,919,-5483
alpha 0.0005,2,420,-8,-2167,920,-5491
alpha 0.0005,2,421,-8,-2175,921,-5499
alpha 0.0005,2,422,-8,-2183,922,-5507
alpha 0.0005,2,423,-8,-2191,923,-5515
alpha 0.0005,2,424,-8,-2199,924,-5523
alpha 0.0005,2,425,-8,-2207,925,-5531
alpha 0.0005,2,426,-8,-2215,926,-5539
alpha 0.0005,2,427,-8,-2223,927,-5547
alpha 0.0005,2,428,-8,-2231,928,-5555
alpha 0.0005,2,429,-8,-2239,929,-5563
alpha 0.0005,2,430,-8,-2247,930,-5571
alpha 0.0005,2,431,-8,-2255,931,-5579
alpha 0.0005,2,432,-8,-2263,932,-5587
alpha 0.0005,2,433,-5,-2268,933,-5592
alpha 0.0005,2,434,-5,-2273,934,-5597
alpha 0.0005,2,435,-5,-2278,935,-5602
alpha 0.0005,2,436,-6,-2284,936,-5608
alpha 0.0005,2,437,-6,-2290,937,-5614
alpha 0.0005,2,438,-6,-2296,938,-5620
alpha 0.0005,2,439,-5,-2301,939,-5625
alpha 0.0005,2,440,-5,-2306,940,-5630
alpha 0.0005,2,441,-5,-2311,941,-5635
alpha 0.0005,2,442,-6,-2317,942,-5641
alpha 0.0005,2,443,-8,-2325,943,-5649
alpha 0.0005,2,444,-6,-2331,944,-5655
alpha 0.0005,2,445,-5,-2336,945,-5660
alpha 0.0005,2,446,-5,-2341,946,-5665
alpha 0.0005,2,447,-5,-2346,947,-5670
alpha 0.0005,2,448,-5,-2351,948,-5675
alpha 0.0005,2,449,-5,-2356,949,-5680
alpha 0.0005,2,450,-5,-2361,950,-5685
alpha 0.0005,2,451,-5,-2366,951,-5690
alpha 0.0005,2,452,-5,-2371,952,-5695
alpha 0.0005,2,453,-5,-2376,953,-5700
alpha 0.0005,2,454,-5,-2381,954,-5705
alpha 0.0005,2,455,-5,-2386,955,-5710
alpha 0.0005,2,456,-5,-2391,956,-5715
alpha 0.0005,2,457,-5,-2396,957,-5720
alpha 0.0005,2,458,-5,-2401,958,-5725
alpha 0.0005,2,459,-5,-2406,959,-5730
alpha 0.0005,2,460,-4,-2410,960,-5734
alpha 0.0005,2,461,-4,-2414,961,-5738
alpha 0.0005,2,462,-4,-2418,962,-5742
alpha 0.0005,2,463,-4,-2422,963,-5746
alpha 0.0005,2,464,-4,-2426,964,-5750
alpha 0.0005,2,465,-4,-2430,965,-5754
alpha 0.0005,2,466,-4,-2434,966,-5758
alpha 0.0005,2,467,-4,-2438,967,-5762
alpha 0.0005,2,468,-4,-2442,968,-5766
alpha 0.0005,2,469,-4,-2446,969,-5770
alpha 0.0005,2,470,-4,-2450,970,-5774
alpha 0.0005,2,471,-4,-2454,971,-5778
alpha 0.0005,2,472,-4,-2458,972,-5782
alpha 0.0005,2,473,-4,-2462,973,-5786
alpha 0.0005,2,474,-4,-2466,974,-5790
alpha 0.0005,2,475,-3,-2469,975,-5793
alpha 0.0005,2,476,-3,-2472,976,-5796
alpha 0.0005,2,477,-3,-2475,977,-5799
alpha 0.0005,2,478,-3,-2478,978,-5802
alpha 0.0005,2,479,-3,-2481,979,-5805
alpha 0.0005,2,480,-3,-2484,980,-5808
alpha 0.0005,2,481,-3,-2487,981,-5811
alpha 0.0005,2,482,-3,-2490,982,-5814
alpha 0.0005,2,483,-3,-2493,983,-5817
alpha 0.0005,2,484,-3,-2496,984,-5820
alpha 0.0005,2,485,-3,-2499,985,-5823
alpha 0.0005,2,486,-3,-2502,986,-5826
alpha 0.0005,2,487,-3,-2505,987,-5829
alpha 0.0005,2,488,-3,-2508,988,-5832
alpha 0.0005,2,489,-3,-2511,989,-5835
alpha 0.0005,2,490,-3,-2514,990,-5838
alpha 0.0005,2,491,-3,-2517,991,-5841
alpha 0.0005,2,492,-3,-2520,992,-5844
alpha 0.0005,2,493,-3,-2523,993,-5847
alpha 0.0005,2,494,-3,-2526,994,-5850
alpha 0.0005,2,495,-3,-2529,995,-5853
alpha 0.0005,2,496,-3,-2532,996,-5856
alpha 0.0005,2,497,-3,-2535,997,-5859
alpha 0.0005,2,498,-3,-2538,998,-5862
alpha 0.0005,2,499,-5,-2543,999,-5867
alpha 0.0005,2,500,-5,-2548,1000,-5872
alpha 0.0005,3,1,4,4,1001,-5868
alpha 0.0005,3,2,1,5,1002,-5867
alpha 0.0005,3,3,-3,2,1003,-5870
alpha 0.0005,3,4,-4,-2,1004,-5874
alpha 0.0005,3,5,-5,-7,1005,-5879
alpha 0.0005,3,6,-5,-12,1006,-5884
alpha 0.0005,3,7,-5,-17,1007,-5889
alpha 0.0005,3,8,-3,-20,1008,-5892
alpha 0.0005,3,9,-3,-23,1009,-5895
alpha 0.0005,3,10,-2,-25,1010,-5897
alpha 0.0005,3,11,-2,-27,1011,-5899
alpha 0.0005,3,12,-2,-29,1012,-5901
alpha 0.0005,3,13,-2,-31,1013,-5903
alpha 0.0005,3,14,-2,-33,1014,-5905
alpha 0.0005,3,15,-2,-35,1015,-5907
alpha 0.0005,3,16,-2,-37,1016,-5909
alpha 0.0005,3,17,-2,-39,1017,-5911
alpha 0.0005,3,18,-2,-41,1018,-5913
alpha 0.0005,3,19,-2,-43,1019,-5915
alpha 0.0005,3,20,-2,-45,1020,-5917
alpha 0.0005,3,21,-2,-47,1021,-5919
alpha 0.0005,3,22,-2,-49,1022,-5921
alpha 0.0005,3,23,-3,-52,1023,-5924
alpha 0.0005,3,24,-3,-55,1024,-5927
alpha 0.0005,3,25,-3,-58,1025,-5930
alpha 0.0005,3,26,-3,-61,1026,-5933
alpha 0.0005,3,27,-3,-64,1027,-5936
alpha 0.0005,3,28,-3,-67,1028,-5939
alpha 0.0005,3,29,-3,-70,1029,-5942
alpha 0.0005,3,30,-3,-73,1030,-5945
alpha 0.0005,3,31,-4,-77,1031,-5949
alpha 0.0005,3,32,-4,-81,1032,-5953
alpha 0.0005,3,33,-4,-85,1033,-5957
alpha 0.0005,3,34,-4,-89,1034,-5961
alpha 0.0005,3,35,-4,-93,1035,-5965
alpha 0.0005,3,36,-4,-97,1036,-5969
alpha 0.0005,3,37,-4,-101,1037,-5973
alpha 0.0005,3,38,-4,-105,1038,-5977
alpha 0.0005,3,39,-4,-109,1039,-5981
alpha 0.0005,3,40,-4,-113,1040,-5985
alpha 0.0005,3,41,-5,-118,1041,-5990
alpha 0.0005,3,42,-5,-123,1042,-5995
alpha 0.0005,3,43,-5,-128,1043,-6000
alpha 0.0005,3,44,-5,-133,1044,-6005
alpha 0.0005,3,45,-5,-138,1045,-6010
alpha 0.0005,3,46,-5,-143,1046,-6015
alpha 0.0005,3,47,-5,-148,1047,-6020
alpha 0.0005,3,48,-5,-153,1048,-6025
alpha 0.0005,3,49,-5,-158,1049,-6030
alpha 0.0005,3,50,-5,-163,1050,-6035
alpha 0.0005,3,51,-7,-170,1051,-6042
alpha 0.0005,3,52,-7,-177,1052,-6049
alpha 0.0005,3,53,-7,-184,1053,-6056
alpha 0.0005,3,54,-7,-191,1054,-6063
alpha 0.0005,3,55,-7,-198,1055,-6070
alpha 0.0005,3,56,-8,-206,1056,-6078
alpha 0.0005,3,57,-7,-213,1057,-6085
alpha 0.0005,3,58,-7,-220,1058,-6092
alpha 0.0005,3,59,-7,-227,1059,-6099
alpha 0.0005,3,60,-7,-234,1060,-6106
alpha 0.0005,3,61,-7,-241,1061,-6113
alpha 0.0005,3,62,-7,-248,1062,-6120
alpha 0.0005,3,63,-7,-255,1063,-6127
alpha 0.0005,3,64,-7,-262,1064,-6134
alpha 0.0005,3,65,-7,-269,1065,-6141
alpha 0.0005,3,66,-7,-276,1066,-6148
alpha 0.0005,3,67,-7,-283,1067,-6155
alpha 0.0005,3,68,-7,-290,1068,-6162
alpha 0.0005,3,69,-7,-297,1069,-6169
alpha 0.0005,3,70,-7,-304,1070,-6176
alpha 0.0005,3,71,-7,-311,1071,-6183
alpha 0.0005,3,72,-7,-318,1072,-6190
alpha 0.0005,3,73,-7,-325,1073,-6197
alpha 0.0005,3,74,-7,-332,1074,-6204
alpha 0.0005,3,75,-7,-339,1075,-6211
alpha 0.0005,3,76,-7,-346,1076,-6218
alpha 0.0005,3,77,-7,-353,1077,-6225
alpha 0.0005,3,78,-7,-360,1078,-6232
alpha 0.0005,3,79,-7,-367,1079,-6239
alpha 0.0005,3,80,-7,-374,1080,-6246
alpha 0.0005,3,81,-7,-381,1081,-6253
alpha 0.0005,3,82,-7,-388,1082,-6260
alpha 0.0005,3,83,-7,-395,1083,-6267
alpha 0.0005,3,84,-7,-402,1084,-6274
alpha 0.0005,3,85,-7,-409,1085,-6281
alpha 0.0005,3,86,-7,-416,1086,-6288
alpha 0.0005,3,87,-7,-423,1087,-6295
alpha 0.0005,3,88,-7,-430,1088,-6302
alpha 0.0005,3,89,-7,-437,1089,-6309
alpha 0.0005,3,90,-7,-444,1090,-6316
alpha 0.0005,3,91,-7,-451,1091,-6323
alpha 0.0005,3,92,-7,-458,1092,-6330
alpha 0.0005,3,93,-7,-465,1093,-6337
alpha 0.0005,3,94,-7,-472,1094,-6344
alpha 0.0005,3,95,-7,-479,1095,-6351
alpha 0.0005,3,96,-7,-486,1096,-6358
alpha 0.0005,3,97,-7,-493,1097,-6365
alpha 0.0005,3,98,-7,-500,1098,-6372
alpha 0.0005,3,99,-7,-507,1099,-6379
alpha 0.0005,3,100,-7,-514,1100,-6386
alpha 0.0005,3,101,-7,-521,1101,-6393
alpha 0.0005,3,102,-7,-528,1102,-6400
alpha 0.0005,3,103,-7,-535,1103,-6407
alpha 0.0005,3,104,-7,-542,1104,-6414
alpha 0.0005,3,105,-7,-549,1105,-6421
alpha 0.0005,3,106,-7,-556,1106,-6428
alpha 0.0005,3,107,-7,-563,1107,-6435
alpha 0.0005,3,108,-7,-570,1108,-6442
alpha 0.0005,3,109,-7,-577,1109,-6449
alpha 0.0005,3,110,-7,-584,1110,-6456
alpha 0.0005,3,111,-7,-591,1111,-6463
alpha 0.0005,3,112,-6,-597,1112,-6469
alpha 0.0005,3,113,-6,-603,1113,-6475
alpha 0.0005,3,114,-6,-609,1114,-6481
alpha 0.0005,3,115,-6,-615,1115,-6487
alpha 0.0005,3,116,-6,-621,1116,-6493
alpha 0.0005,3,117,-6,-627,1117,-6499
alpha 0.0005,3,118,-6,-633,1118,-6505
alpha 0.0005,3,119,-5,-638,1119,-6510
alpha 0.0005,3,120,-5,-643,1120,-6515
alpha 0.0005,3,121,-5,-648,1121,-6520
alpha 0.0005,3,122,-5,-653,1122,-6525
alpha 0.0005,3,123,-5,-658,1123,-6530
alpha 0.0005,3,124,-5,-663,1124,-6535
alpha 0.0005,3,125,-5,-668,1125,-6540
alpha 0.0005,3,126,-5,-673,1126,-6545
alpha 0.0005,3,127,-5,-678,1127,-6550
alpha 0.0005,3,128,-5,-683,1128,-6555
alpha 0.0005,3,129,-5,-688,1129,-6560
alpha 0.0005,3,130,-5,-693,1130,-6565
alpha 0.0005,3,131,-5,-698,1131,-6570
alpha 0.0005,3,132,-5,-703,1132,-6575
alpha 0.0005,3,133,-5,-708,1133,-6580
alpha 0.0005,3,134,-5,-713,1134,-6585
alpha 0.0005,3,135,-5,-718,1135,-6590
alpha 0.0005,3,136,-5,-723,1136,-6595
alpha 0.0005,3,137,-5,-728,1137,-6600
alpha 0.0005,3,138,-5,-733,1138,-6605
alpha 0.0005,3,139,-5,-738,1139,-6610
alpha 0.0005,3,140,-5,-743,1140,-6615
alpha 0.0005,3,141,-5,-748,1141,-6620
alpha 0.0005,3,142,-5,-753,1142,-6625
alpha 0.0005,3,143,-5,-758,1143,-6630
alpha 0.0005,3,144,-5,-763,1144,-6635
alpha 0.0005,3,145,-5,-768,1145,-6640
alpha 0.0005,3,146,-5,-773,1146,-6645
alpha 0.0005,3,147,-5,-778,1147,-6650
alpha 0.0005,3,148,-6,-784,1148,-6656
alpha 0.0005,3,149,-6,-790,1149,-6662
alpha 0.0005,3,150,-6,-796,1150,-6668
alpha 0.0005,3,151,-6,-802,1151,-6674
alpha 0.0005,3,152,-6,-808,1152,-6680
alpha 0.0005,3,153,-6,-814,1153,-6686
alpha 0.0005,3,154,-6,-820,1154,-6692
alpha 0.0005,3,155,-6,-826,1155,-6698
alpha 0.0005,3,156,-6,-832,1156,-6704
alpha 0.0005,3,157,-7,-839,1157,-6711
alpha 0.0005,3,158,-7,-846,1158,-6718
alpha 0.0005,3,159,-7,-853,1159,-6725
alpha 0.0005,3,160,-7,-860,1160,-6732
alpha 0.0005,3,161,-7,-867,1161,-6739
alpha 0.0005,3,162,-7,-874,1162,-6746
alpha 0.0005,3,163,-7,-881,1163,-6753
alpha 0.0005,3,164,-7,-888,1164,-6760
alpha 0.0005,3,165,-7,-895,1165,-6767
alpha 0.0005,3,166,-7,-902,1166,-6774
alpha 0.0005,3,167,-7,-909,1167,-6781
alpha 0.0005,3,168,-7,-916,1168,-6788
alpha 0.0005,3,169,-7,-923,1169,-6795
alpha 0.0005,3,170,-7,-930,1170,-6802
alpha 0.0005,3,171,-7,-937,1171,-6809
alpha 0.0005,3,172,-7,-944,1172,-6816
alpha 0.0005,3,173,-7,-951,1173,-6823
alpha 0.0005,3,174,-7,-958,1174,-6830
alpha 0.0005,3,175,-7,-965,1175,-6837
alpha 0.0005,3,176,-7,-972,1176,-6844
alpha 0.0005,3,177,-7,-979,1177,-6851
alpha 0.0005,3,178,-7,-986,1178,-6858
alpha 0.0005,3,179,-7,-993,1179,-6865
alpha 0.0005,3,180,-7,-1000,1180,-6872
alpha 0.0005,3,181,-7,-1007,1181,-6879
alpha 0.0005,3,182,-7,-1014,1182,-6886
alpha 0.0005,3,183,-7,-1021,1183,-6893
alpha 0.0005,3,184,-7,-1028,1184,-6900
alpha 0.0005,3,185,-7,-1035,1185,-6907
alpha 0.0005,3,186,-7,-1042,1186,-6914
alpha 0.0005,3,187,-7,-1049,1187,-6921
alpha 0.0005,3,188,-7,-1056,1188,-6928
alpha 0.0005,3,189,-5,-1061,1189,-6933
alpha 0.0005,3,190,-5,-1066,1190,-6938
alpha 0.0005,3,191,-5,-1071,1191,-6943
alpha 0.0005,3,192,-5,-1076,1192,-6948
alpha 0.0005,3,193,-5,-1081,1193,-6953
alpha 0.0005,3,194,-5,-1086,1194,-6958
alpha 0.0005,3,195,-5,-1091,1195,-6963
alpha 0.0005,3,196,-5,-1096,1196,-6968
alpha 0.0005,3,197,-7,-1103,1197,-6975
alpha 0.0005,3,198,-5,-1108,1198,-6980
alpha 0.0005,3,199,-5,-1113,1199,-6985
alpha 0.0005,3,200,-5,-1118,1200,-6990
alpha 0.0005,3,201,-5,-1123,1201,-6995
alpha 0.0005,3,202,-4,-1127,1202,-6999
alpha 0.0005,3,203,-4,-1131,1203,-7003
alpha 0.0005,3,204,-2,-1133,1204,-7005
alpha 0.0005,3,205,-3,-1136,1205,-7008
alpha 0.0005,3,206,-3,-1139,1206,-7011
alpha 0.0005,3,207,-2,-1141,1207,-7013
alpha 0.0005,3,208,-2,-1143,1208,-7015
alpha 0.0005,3,209,-2,-1145,1209,-7017
alpha 0.0005,3,210,-2,-1147,1210,-7019
alpha 0.0005,3,211,2,-1145,1211,-7017
alpha 0.0005,3,212,2,-1143,1212,-7015
alpha 0.0005,3,213,-1,-1144,1213,-7016
alpha 0.0005,3,214,-2,-1146,1214,-7018
alpha 0.0005,3,215,-2,-1148,1215,-7020
alpha 0.0005,3,216,-8,-1156,1216,-7028
alpha 0.0005,3,217,-8,-1164,1217,-7036
alpha 0.0005,3,218,-7,-1171,1218,-7043
alpha 0.0005,3,219,-7,-1178,1219,-7050
alpha 0.0005,3,220,-7,-1185,1220,-7057
alpha 0.0005,3,221,-7,-1192,1221,-7064
alpha 0.0005,3,222,-7,-1199,1222,-7071
alpha 0.0005,3,223,-7,-1206,1223,-7078
alpha 0.0005,3,224,-7,-1213,1224,-7085
alpha 0.0005,3,225,-7,-1220,1225,-7092
alpha 0.0005,3,226,-7,-1227,1226,-7099
alpha 0.0005,3,227,-7,-1234,1227,-7106
alpha 0.0005,3,228,-7,-1241,1228,-7113
alpha 0.0005,3,229,-7,-1248,1229,-7120
alpha 0.0005,3,230,-7,-1255,1230,-7127
alpha 0.0005,3,231,-7,-1262,1231,-7134
alpha 0.0005,3,232,-7,-1269,1232,-7141
alpha 0.0005,3,233,-7,-1276,1233,-7148
alpha 0.0005,3,234,-7,-1283,1234,-7155
alpha 0.0005,3,235,-7,-1290,1235,-7162
alpha 0.0005,3,236,-5,-1295,1236,-7167
alpha 0.0005,3,237,-5,-1300,1237,-7172
alpha 0.0005,3,238,-5,-1305,1238,-7177
alpha 0.0005,3,239,-4,-1309,1239,-7181
alpha 0.0005,3,240,-5,-1314,1240,-7186
alpha 0.0005,3,241,-6,-1320,1241,-7192
alpha 0.0005,3,242,-6,-1326,1242,-7198
alpha 0.0005,3,243,-6,-1332,1243,-7204
alpha 0.0005,3,244,-6,-1338,1244,-7210
alpha 0.0005,3,245,-5,-1343,1245,-7215
alpha 0.0005,3,246,-5,-1348,1246,-7220
alpha 0.0005,3,247,-5,-1353,1247,-7225
alpha 0.0005,3,248,-5,-1358,1248,-7230
alpha 0.0005,3,249,-5,-1363,1249,-7235
alpha 0.0005,3,250,-5,-1368,1250,-7240
alpha 0.0005,3,251,-3,-1371,1251,-7243
alpha 0.0005,3,252,-3,-1374,1252,-7246
alpha 0.0005,3,253,-2,-1376,1253,-7248
alpha 0.0005,3,254,-2,-1378,1254,-7250
alpha 0.0005,3,255,-2,-1380,1255,-7252
alpha 0.0005,3,256,-2,-1382,1256,-7254
alpha 0.0005,3,257,-2,-1384,1257,-7256
alpha 0.0005,3,258,-2,-1386,1258,-7258
alpha 0.0005,3,259,-2,-1388,1259,-7260
alpha 0.0005,3,260,-2,-1390,1260,-7262
alpha 0.0005,3,261,-2,-1392,1261,-7264
alpha 0.0005,3,262,-2,-1394,1262,-7266
alpha 0.0005,3,263,1,-1393,1263,-7265
alpha 0.0005,3,264,-1,-1394,1264,-7266
alpha 0.0005,3,265,1,-1393,1265,-7265
alpha 0.0005,3,266,1,-1392,1266,-7264
alpha 0.0005,3,267,-1,-1393,1267,-7265
alpha 0.0005,3,268,-1,-1394,1268,-7266
alpha 0.0005,3,269,-2,-1396,1269,-7268
alpha 0.0005,3,270,-2,-1398,1270,-7270
alpha 0.0005,3,271,-2,-1400,1271,-7272
alpha 0.0005,3,272,-2,-1402,1272,-7274
alpha 0.0005,3,273,-2,-1404,1273,-7276
alpha 0.0005,3,274,-2,-1406,1274,-7278
alpha 0.0005,3,275,-2,-1408,1275,-7280
alpha 0.0005,3,276,-2,-1410,1276,-7282
alpha 0.0005,3,277,-2,-1412,1277,-7284
alpha 0.0005,3,278,-3,-1415,1278,-7287
alpha 0.0005,3,279,-3,-1418,1279,-7290
alpha 0.0005,3,280,-3,-1421,1280,-7293
alpha 0.0005,3,281,-3,-1424,1281,-7296
alpha 0.0005,3,282,-3,-1427,1282,-7299
alpha 0.0005,3,283,-3,-1430,1283,-7302
alpha 0.0005,3,284,-3,-1433,1284,-7305
alpha 0.0005,3,285,-3,-1436,1285,-7308
alpha 0.0005,3,286,-3,-1439,1286,-7311
alpha 0.0005,3,287,-3,-1442,1287,-7314
alpha 0.0005,3,288,-3,-1445,1288,-7317
alpha 0.0005,3,289,-5,-1450,1289,-7322
alpha 0.0005,3,290,-5,-1455,1290,-7327
alpha 0.0005,3,291,-5,-1460,1291,-7332
alpha 0.0005,3,292,-5,-1465,1292,-7337
alpha 0.0005,3,293,-5,-1470,1293,-7342
alpha 0.0005,3,294,-5,-1475,1294,-7347
alpha 0.0005,3,295,-5,-1480,1295,-7352
alpha 0.0005,3,296,-5,-1485,1296,-7357
alpha 0.0005,3,297,-5,-1490,1297,-7362
alpha 0.0005,3,298,-5,-1495,1298,-7367
alpha 0.0005,3,299,-5,-1500,1299,-7372
alpha 0.0005,3,300,-6,-1506,1300,-7378
alpha 0.0005,3,301,-6,-1512,1301,-7384
alpha 0.0005,3,302,-6,-1518,1302,-7390
alpha 0.0005,3,303,-6,-1524,1303,-7396
alpha 0.0005,3,304,-6,-1530,1304,-7402
alpha 0.0005,3,305,-7,-1537,1305,-7409
alpha 0.0005,3,306,-7,-1544,1306,-7416
alpha 0.0005,3,307,-7,-1551,1307,-7423
alpha 0.0005,3,308,-7,-1558,1308,-7430
alpha 0.0005,3,309,-7,-1565,1309,-7437
alpha 0.0005,3,310,-7,-1572,1310,-7444
alpha 0.0005,3,311,-7,-1579,1311,-7451
alpha 0.0005,3,312,-7,-1586,1312,-7458
alpha 0.0005,3,313,-7,-1593,1313,-7465
alpha 0.0005,3,314,-7,-1600,1314,-7472
alpha 0.0005,3,315,-7,-1607,1315,-7479
alpha 0.0005,3,316,-7,-1614,1316,-7486
alpha 0.0005,3,317,-8,-1622,1317,-7494
alpha 0.0005,3,318,-8,-1630,1318,-7502
alpha 0.0005,3,319,-8,-1638,1319,-7510
alpha 0.0005,3,320,-8,-1646,1320,-7518
alpha 0.0005,3,321,-8,-1654,1321,-7526
alpha 0.0005,3,322,-10,-1664,1322,-7536
alpha 0.0005,3,323,-10,-1674,1323,-7546
alpha 0.0005,3,324,-10,-1684,1324,-7556
alpha 0.0005,3,325,-10,-1694,1325,-7566
alpha 0.0005,3,326,-10,-1704,1326,-7576
alpha 0.0005,3,327,-10,-1714,1327,-7586
alpha 0.0005,3,328,-10,-1724,1328,-7596
alpha 0.0005,3,329,-10,-1734,1329,-7606
alpha 0.0005,3,330,-10,-1744,1330,-7616
alpha 0.0005,3,331,-10,-1754,1331,-7626
alpha 0.0005,3,332,-10,-1764,1332,-7636
alpha 0.0005,3,333,-10,-1774,1333,-7646
alpha 0.0005,3,334,-10,-1784,1334,-7656
alpha 0.0005,3,335,-10,-1794,1335,-7666
alpha 0.0005,3,336,-10,-1804,1336,-7676
alpha 0.0005,3,337,-10,-1814,1337,-7686
alpha 0.0005,3,338,-10,-1824,1338,-7696
alpha 0.0005,3,339,-10,-1834,1339,-7706
alpha 0.0005,3,340,-10,-1844,1340,-7716
alpha 0.0005,3,341,-10,-1854,1341,-7726
alpha 0.0005,3,342,-10,-1864,1342,-7736
alpha 0.0005,3,343,-10,-1874,1343,-7746
alpha 0.0005,3,344,-10,-1884,1344,-7756
alpha 0.0005,3,345,-10,-1894,1345,-7766
alpha 0.0005,3,346,-10,-1904,1346,-7776
alpha 0.0005,3,347,-10,-1914,1347,-7786
alpha 0.0005,3,348,-10,-1924,1348,-7796
alpha 0.0005,3,349,-10,-1934,1349,-7806
alpha 0.0005,3,350,-10,-1944,1350,-7816
alpha 0.0005,3,351,-10,-1954,1351,-7826
alpha 0.0005,3,352,-10,-1964,1352,-7836
alpha 0.0005,3,353,-10,-1974,1353,-7846
alpha 0.0005,3,354,-10,-1984,1354,-7856
alpha 0.0005,3,355,-10,-1994,1355,-7866
alpha 0.0005,3,356,-10,-2004,1356,-7876
alpha 0.0005,3,357,-10,-2014,1357,-7886
alpha 0.0005,3,358,-10,-2024,1358,-7896
alpha 0.0005,3,359,-10,-2034,1359,-7906
alpha 0.0005,3,360,-10,-2044,1360,-7916
alpha 0.0005,3,361,-10,-2054,1361,-7926
alpha 0.0005,3,362,-10,-2064,1362,-7936
alpha 0.0005,3,363,-10,-2074,1363,-7946
alpha 0.0005,3,364,-10,-2084,1364,-7956
alpha 0.0005,3,365,-8,-2092,1365,-7964
alpha 0.0005,3,366,-8,-2100,1366,-7972
alpha 0.0005,3,367,-8,-2108,1367,-7980
alpha 0.0005,3,368,-7,-2115,1368,-7987
alpha 0.0005,3,369,-7,-2122,1369,-7994
alpha 0.0005,3,370,-7,-2129,1370,-8001
alpha 0.0005,3,371,-7,-2136,1371,-8008
alpha 0.0005,3,372,-7,-2143,1372,-8015
alpha 0.0005,3,373,-6,-2149,1373,-8021
alpha 0.0005,3,374,-6,-2155,1374,-8027
alpha 0.0005,3,375,-5,-2160,1375,-8032
alpha 0.0005,3,376,-5,-2165,1376,-8037
alpha 0.0005,3,377,-5,-2170,1377,-8042
alpha 0.0005,3,378,-5,-2175,1378,-8047
alpha 0.0005,3,379,-5,-2180,1379,-8052
alpha 0.0005,3,380,-6,-2186,1380,-8058
alpha 0.0005,3,381,-6,-2192,1381,-8064
alpha 0.0005,3,382,-7,-2199,1382,-8071
alpha 0.0005,3,383,-7,-2206,1383,-8078
alpha 0.0005,3,384,-7,-2213,1384,-8085
alpha 0.0005,3,385,-8,-2221,1385,-8093
alpha 0.0005,3,386,-8,-2229,1386,-8101
alpha 0.0005,3,387,-8,-2237,1387,-8109
alpha 0.0005,3,388,-10,-2247,1388,-8119
alpha 0.0005,3,389,-10,-2257,1389,-8129
alpha 0.0005,3,390,-10,-2267,1390,-8139
alpha 0.0005,3,391,-10,-2277,1391,-8149
alpha 0.0005,3,392,-10,-2287,1392,-8159
alpha 0.0005,3,393,-10,-2297,1393,-8169
alpha 0.0005,3,394,-10,-2307,1394,-8179
alpha 0.0005,3,395,-10,-2317,1395,-8189
alpha 0.0005,3,396,-10,-2327,1396,-8199
alpha 0.0005,3,397,-10,-2337,1397,-8209
alpha 0.0005,3,398,-3,-2340,1398,-8212
alpha 0.0005,3,399,-3,-2343,1399,-8215
alpha 0.0005,3,400,-5,-2348,1400,-8220
alpha 0.0005,3,401,-5,-2353,1401,-8225
alpha 0.0005,3,402,-7,-2360,1402,-8232
alpha 0.0005,3,403,-7,-2367,1403,-8239
alpha 0.0005,3,404,-8,-2375,1404,-8247
alpha 0.0005,3,405,-7,-2382,1405,-8254
alpha 0.0005,3,406,-7,-2389,1406,-8261
alpha 0.0005,3,407,-7,-2396,1407,-8268
alpha 0.0005,3,408,-7,-2403,1408,-8275
alpha 0.0005,3,409,-7,-2410,1409,-8282
alpha 0.0005,3,410,-7,-2417,1410,-8289
alpha 0.0005,3,411,-5,-2422,1411,-8294
alpha 0.0005,3,412,-4,-2426,1412,-8298
alpha 0.0005,3,413,-4,-2430,1413,-8302
alpha 0.0005,3,414,-8,-2438,1414,-8310
alpha 0.0005,3,415,-8,-2446,1415,-8318
alpha 0.0005,3,416,-8,-2454,1416,-8326
alpha 0.0005,3,417,-8,-2462,1417,-8334
alpha 0.0005,3,418,-8,-2470,1418,-8342
alpha 0.0005,3,419,-8,-2478,1419,-8350
alpha 0.0005,3,420,-8,-2486,1420,-8358
alpha 0.0005,3,421,-8,-2494,1421,-8366
alpha 0.0005,3,422,-8,-2502,1422,-8374
alpha 0.0005,3,423,-7,-2509,1423,-8381
alpha 0.0005,3,424,-7,-2516,1424,-8388
alpha 0.0005,3,425,-7,-2523,1425,-8395
alpha 0.0005,3,426,-7,-2530,1426,-8402
alpha 0.0005,3,427,-7,-2537,1427,-8409
alpha 0.0005,3,428,-7,-2544,1428,-8416
alpha 0.0005,3,429,-7,-2551,1429,-8423
alpha 0.0005,3,430,-7,-2558,1430,-8430
alpha 0.0005,3,431,-7,-2565,1431,-8437
alpha 0.0005,3,432,-7,-2572,1432,-8444
alpha 0.0005,3,433,-7,-2579,1433,-8451
alpha 0.0005,3,434,-7,-2586,1434,-8458
alpha 0.0005,3,435,-7,-2593,1435,-8465
alpha 0.0005,3,436,-7,-2600,1436,-8472
alpha 0.0005,3,437,-7,-2607,1437,-8479
alpha 0.0005,3,438,-7,-2614,1438,-8486
alpha 0.0005,3,439,-7,-2621,1439,-8493
alpha 0.0005,3,440,-7,-2628,1440,-8500
alpha 0.0005,3,441,-7,-2635,1441,-8507
alpha 0.0005,3,442,-7,-2642,1442,-8514
alpha 0.0005,3,443,-7,-2649,1443,-8521
alpha 0.0005,3,444,-7,-2656,1444,-8528
alpha 0.0005,3,445,-7,-2663,1445,-8535
alpha 0.0005,3,446,-7,-2670,1446,-8542
alpha 0.0005,3,447,-7,-2677,1447,-8549
alpha 0.0005,3,448,-6,-2683,1448,-8555
alpha 0.0005,3,449,-6,-2689,1449,-8561
alpha 0.0005,3,450,-6,-2695,1450,-8567
alpha 0.0005,3,451,-6,-2701,1451,-8573
alpha 0.0005,3,452,-6,-2707,1452,-8579
alpha 0.0005,3,453,-6,-2713,1453,-8585
alpha 0.0005,3,454,-6,-2719,1454,-8591
alpha 0.0005,3,455,-6,-2725,1455,-8597
alpha 0.0005,3,456,-6,-2731,1456,-8603
alpha 0.0005,3,457,-6,-2737,1457,-8609
alpha 0.0005,3,458,-5,-2742,1458,-8614
alpha 0.0005,3,459,-5,-2747,1459,-8619
alpha 0.0005,3,460,-5,-2752,1460,-8624
alpha 0.0005,3,461,-5,-2757,1461,-8629
alpha 0.0005,3,462,-5,-2762,1462,-8634
alpha 0.0005,3,463,-5,-2767,1463,-8639
alpha 0.0005,3,464,-5,-2772,1464,-8644
alpha 0.0005,3,465,-5,-2777,1465,-8649
alpha 0.0005,3,466,-5,-2782,1466,-8654
alpha 0.0005,3,467,-5,-2787,1467,-8659
alpha 0.0005,3,468,-5,-2792,1468,-8664
alpha 0.0005,3,469,-5,-2797,1469,-8669
alpha 0.0005,3,470,-5,-2802,1470,-8674
alpha 0.0005,3,471,-5,-2807,1471,-8679
alpha 0.0005,3,472,-5,-2812,1472,-8684
alpha 0.0005,3,473,-5,-2817,1473,-8689
alpha 0.0005,3,474,-5,-2822,1474,-8694
alpha 0.0005,3,475,-5,-2827,1475,-8699
alpha 0.0005,3,476,-5,-2832,1476,-8704
alpha 0.0005,3,477,-5,-2837,1477,-8709
alpha 0.0005,3,478,-5,-2842,1478,-8714
alpha 0.0005,3,479,-5,-2847,1479,-8719
alpha 0.0005,3,480,-5,-2852,1480,-8724
alpha 0.0005,3,481,-5,-2857,1481,-8729
alpha 0.0005,3,482,-5,-2862,1482,-8734
alpha 0.0005,3,483,-5,-2867,1483,-8739
alpha 0.0005,3,484,-5,-2872,1484,-8744
alpha 0.0005,3,485,-5,-2877,1485,-8749
alpha 0.0005,3,486,-5,-2882,1486,-8754
alpha 0.0005,3,487,-6,-2888,1487,-8760
alpha 0.0005,3,488,-6,-2894,1488,-8766
alpha 0.0005,3,489,-6,-2900,1489,-8772
alpha 0.0005,3,490,-5,-2905,1490,-8777
alpha 0.0005,3,491,-5,-2910,1491,-8782
alpha 0.0005,3,492,-5,-2915,1492,-8787
alpha 0.0005,3,493,-5,-2920,1493,-8792
alpha 0.0005,3,494,-5,-2925,1494,-8797
alpha 0.0005,3,495,-5,-2930,1495,-8802
alpha 0.0005,3,496,-5,-2935,1496,-8807
alpha 0.0005,3,497,-5,-2940,1497,-8812
alpha 0.0005,3,498,-5,-2945,1498,-8817
alpha 0.0005,3,499,-5,-2950,1499,-8822
alpha 0.0005,3,500,-5,-2955,1500,-8827
alpha 0.0005,1,1,4,4,1,4
alpha 0.0005,1,2,2,6,2,6
alpha 0.0005,1,3,1,7,3,7
alpha 0.0005,1,4,-2,5,4,5
alpha 0.0005,1,5,-4,1,5,1
alpha 0.0005,1,6,-6,-5,6,-5
alpha 0.0005,1,7,-7,-12,7,-12
alpha 0.0005,1,8,-7,-19,8,-19
alpha 0.0005,1,9,-6,-25,9,-25
alpha 0.0005,1,10,-6,-31,10,-31
alpha 0.0005,1,11,-6,-37,11,-37
alpha 0.0005,1,12,-6,-43,12,-43
alpha 0.0005,1,13,-6,-49,13,-49
alpha 0.0005,1,14,-6,-55,14,-55
alpha 0.0005,1,15,-6,-61,15,-61
alpha 0.0005,1,16,-6,-67,16,-67
alpha 0.0005,1,17,-6,-73,17,-73
alpha 0.0005,1,18,-6,-79,18,-79
alpha 0.0005,1,19,-5,-84,19,-84
alpha 0.0005,1,20,-5,-89,20,-89
alpha 0.0005,1,21,-5,-94,21,-94
alpha 0.0005,1,22,-5,-99,22,-99
alpha 0.0005,1,23,-5,-104,23,-104
alpha 0.0005,1,24,-5,-109,24,-109
alpha 0.0005,1,25,-5,-114,25,-114
alpha 0.0005,1,26,-5,-119,26,-119
alpha 0.0005,1,27,-5,-124,27,-124
alpha 0.0005,1,28,-5,-129,28,-129
alpha 0.0005,1,29,-5,-134,29,-134
alpha 0.0005,1,30,-5,-139,30,-139
alpha 0.0005,1,31,-5,-144,31,-144
alpha 0.0005,1,32,-5,-149,32,-149
alpha 0.0005,1,33,-5,-154,33,-154
alpha 0.0005,1,34,-5,-159,34,-159
alpha 0.0005,1,35,-5,-164,35,-164
alpha 0.0005,1,36,-6,-170,36,-170
alpha 0.0005,1,37,-6,-176,37,-176
alpha 0.0005,1,38,-6,-182,38,-182
alpha 0.0005,1,39,-5,-187,39,-187
alpha 0.0005,1,40,-6,-193,40,-193
alpha 0.0005,1,41,-6,-199,41,-199
alpha 0.0005,1,42,-6,-205,42,-205
alpha 0.0005,1,43,-6,-211,43,-211
alpha 0.0005,1,44,-7,-218,44,-218
alpha 0.0005,1,45,-7,-225,45,-225
alpha 0.0005,1,46,-7,-232,46,-232
alpha 0.0005,1,47,-7,-239,47,-239
alpha 0.0005,1,48,-7,-246,48,-246
alpha 0.0005,1,49,-7,-253,49,-253
alpha 0.0005,1,50,-7,-260,50,-260
alpha 0.0005,1,51,-7,-267,51,-267
alpha 0.0005,1,52,-7,-274,52,-274
alpha 0.0005,1,53,-7,-281,53,-281
alpha 0.0005,1,54,-7,-288,54,-288
alpha 0.0005,1,55,-7,-295,55,-295
alpha 0.0005,1,56,-7,-302,56,-302
alpha 0.0005,1,57,-7,-309,57,-309
alpha 0.0005,1,58,-7,-316,58,-316
alpha 0.0005,1,59,-7,-323,59,-323
alpha 0.0005,1,60,-7,-330,60,-330
alpha 0.0005,1,61,-8,-338,61,-338
alpha 0.0005,1,62,-8,-346,62,-346
alpha 0.0005,1,63,-8,-354,63,-354
alpha 0.0005,1,64,-8,-362,64,-362
alpha 0.0005,1,65,-8,-370,65,-370
alpha 0.0005,1,66,-8,-378,66,-378
alpha 0.0005,1,67,-8,-386,67,-386
alpha 0.0005,1,68,-8,-394,68,-394
alpha 0.0005,1,69,-8,-402,69,-402
alpha 0.0005,1,70,-8,-410,70,-410
alpha 0.0005,1,71,-8,-418,71,-418
alpha 0.0005,1,72,-8,-426,72,-426
alpha 0.0005,1,73,-8,-434,73,-434
alpha 0.0005,1,74,-8,-442,74,-442
alpha 0.0005,1,75,-8,-450,75,-450
alpha 0.0005,1,76,-8,-458,76,-458
alpha 0.0005,1,77,-8,-466,77,-466
alpha 0.0005,1,78,-8,-474,78,-474
alpha 0.0005,1,79,-8,-482,79,-482
alpha 0.0005,1,80,-8,-490,80,-490
alpha 0.0005,1,81,-8,-498,81,-498
alpha 0.0005,1,82,-8,-506,82,-506
alpha 0.0005,1,83,-8,-514,83,-514
alpha 0.0005,1,84,-8,-522,84,-522
alpha 0.0005,1,85,-8,-530,85,-530
alpha 0.0005,1,86,-8,-538,86,-538
alpha 0.0005,1,87,-8,-546,87,-546
alpha 0.0005,1,88,-8,-554,88,-554
alpha 0.0005,1,89,-10,-564,89,-564
alpha 0.0005,1,90,-10,-574,90,-574
alpha 0.0005,1,91,-8,-582,91,-582
alpha 0.0005,1,92,-8,-590,92,-590
alpha 0.0005,1,93,-8,-598,93,-598
alpha 0.0005,1,94,-8,-606,94,-606
alpha 0.0005,1,95,-8,-614,95,-614
alpha 0.0005,1,96,-8,-622,96,-622
alpha 0.0005,1,97,-8,-630,97,-630
alpha 0.0005,1,98,-8,-638,98,-638
alpha 0.0005,1,99,-7,-645,99,-645
alpha 0.0005,1,100,-7,-652,100,-652
alpha 0.0005,1,101,-7,-659,101,-659
alpha 0.0005,1,102,-7,-666,102,-666
alpha 0.0005,1,103,-7,-673,103,-673
alpha 0.0005,1,104,-8,-681,104,-681
alpha 0.0005,1,105,-7,-688,105,-688
alpha 0.0005,1,106,-7,-695,106,-695
alpha 0.0005,1,107,-7,-702,107,-702
alpha 0.0005,1,108,-7,-709,108,-709
alpha 0.0005,1,109,-7,-716,109,-716
alpha 0.0005,1,110,-7,-723,110,-723
alpha 0.0005,1,111,-7,-730,111,-730
alpha 0.0005,1,112,-7,-737,112,-737
alpha 0.0005,1,113,-7,-744,113,-744
alpha 0.0005,1,114,-7,-751,114,-751
alpha 0.0005,1,115,-7,-758,115,-758
alpha 0.0005,1,116,-7,-765,116,-765
alpha 0.0005,1,117,-7,-772,117,-772
alpha 0.0005,1,118,-7,-779,118,-779
alpha 0.0005,1,119,-7,-786,119,-786
alpha 0.0005,1,120,-7,-793,120,-793
alpha 0.0005,1,121,-7,-800,121,-800
alpha 0.0005,1,122,-7,-807,122,-807
alpha 0.0005,1,123,-7,-814,123,-814
alpha 0.0005,1,124,-7,-821,124,-821
alpha 0.0005,1,125,-7,-828,125,-828
alpha 0.0005,1,126,-7,-835,126,-835
alpha 0.0005,1,127,-7,-842,127,-842
alpha 0.0005,1,128,-7,-849,128,-849
alpha 0.0005,1,129,-7,-856,129,-856
alpha 0.0005,1,130,-7,-863,130,-863
alpha 0.0005,1,131,-7,-870,131,-870
alpha 0.0005,1,132,-5,-875,132,-875
alpha 0.0005,1,133,-5,-880,133,-880
alpha 0.0005,1,134,-4,-884,134,-884
alpha 0.0005,1,135,-4,-888,135,-888
alpha 0.0005,1,136,-4,-892,136,-892
alpha 0.0005,1,137,-6,-898,137,-898
alpha 0.0005,1,138,-6,-904,138,-904
alpha 0.0005,1,139,-6,-910,139,-910
alpha 0.0005,1,140,-3,-913,140,-913
alpha 0.0005,1,141,-3,-916,141,-916
alpha 0.0005,1,142,-3,-919,142,-919
alpha 0.0005,1,143,-3,-922,143,-922
alpha 0.0005,1,144,-3,-925,144,-925
alpha 0.0005,1,145,-5,-930,145,-930
alpha 0.0005,1,146,-5,-935,146,-935
alpha 0.0005,1,147,-5,-940,147,-940
alpha 0.0005,1,148,-3,-943,148,-943
alpha 0.0005,1,149,-3,-946,149,-946
alpha 0.0005,1,150,-3,-949,150,-949
alpha 0.0005,1,151,-5,-954,151,-954
alpha 0.0005,1,152,-5,-959,152,-959
alpha 0.0005,1,153,-5,-964,153,-964
alpha 0.0005,1,154,-5,-969,154,-969
alpha 0.0005,1,155,-3,-972,155,-972
alpha 0.0005,1,156,-3,-975,156,-975
alpha 0.0005,1,157,-3,-978,157,-978
alpha 0.0005,1,158,-5,-983,158,-983
alpha 0.0005,1,159,-5,-988,159,-988
alpha 0.0005,1,160,-5,-993,160,-993
alpha 0.0005,1,161,-5,-998,161,-998
alpha 0.0005,1,162,-5,-1003,162,-1003
alpha 0.0005,1,163,-5,-1008,163,-1008
alpha 0.0005,1,164,-5,-1013,164,-1013
alpha 0.0005,1,165,-5,-1018,165,-1018
alpha 0.0005,1,166,-5,-1023,166,-1023
alpha 0.0005,1,167,-5,-1028,167,-1028
alpha 0.0005,1,168,-5,-1033,168,-1033
alpha 0.0005,1,169,-6,-1039,169,-1039
alpha 0.0005,1,170,-4,-1043,170,-1043
alpha 0.0005,1,171,-4,-1047,171,-1047
alpha 0.0005,1,172,-4,-1051,172,-1051
alpha 0.0005,1,173,-4,-1055,173,-1055
alpha 0.0005,1,174,-4,-1059,174,-1059
alpha 0.0005,1,175,-5,-1064,175,-1064
alpha 0.0005,1,176,-5,-1069,176,-1069
alpha 0.0005,1,177,-5,-1074,177,-1074
alpha 0.0005,1,178,-5,-1079,178,-1079
alpha 0.0005,1,179,-5,-1084,179,-1084
alpha 0.0005,1,180,-7,-1091,180,-1091
alpha 0.0005,1,181,-7,-1098,181,-1098
alpha 0.0005,1,182,-7,-1105,182,-1105
alpha 0.0005,1,183,-7,-1112,183,-1112
alpha 0.0005,1,184,-7,-1119,184,-1119
alpha 0.0005,1,185,-7,-1126,185,-1126
alpha 0.0005,1,186,-7,-1133,186,-1133
alpha 0.0005,1,187,-7,-1140,187,-1140
alpha 0.0005,1,188,-7,-1147,188,-1147
alpha 0.0005,1,189,-7,-1154,189,-1154
alpha 0.0005,1,190,-7,-1161,190,-1161
alpha 0.0005,1,191,-7,-1168,191,-1168
alpha 0.0005,1,192,-7,-1175,192,-1175
alpha 0.0005,1,193,-7,-1182,193,-1182
alpha 0.0005,1,194,-7,-1189,194,-1189
alpha 0.0005,1,195,-7,-1196,195,-1196
alpha 0.0005,1,196,-7,-1203,196,-1203
alpha 0.0005,1,197,-7,-1210,197,-1210
alpha 0.0005,1,198,-7,-1217,198,-1217
alpha 0.0005,1,199,-7,-1224,199,-1224
alpha 0.0005,1,200,-7,-1231,200,-1231
alpha 0.0005,1,201,-7,-1238,201,-1238
alpha 0.0005,1,202,-7,-1245,202,-1245
alpha 0.0005,1,203,-7,-1252,203,-1252
alpha 0.0005,1,204,-7,-1259,204,-1259
alpha 0.0005,1,205,-7,-1266,205,-1266
alpha 0.0005,1,206,-7,-1273,206,-1273
alpha 0.0005,1,207,-7,-1280,207,-1280
alpha 0.0005,1,208,-7,-1287,208,-1287
alpha 0.0005,1,209,-7,-1294,209,-1294
alpha 0.0005,1,210,-7,-1301,210,-1301
alpha 0.0005,1,211,-7,-1308,211,-1308
alpha 0.0005,1,212,-7,-1315,212,-1315
alpha 0.0005,1,213,-7,-1322,213,-1322
alpha 0.0005,1,214,-7,-1329,214,-1329
alpha 0.0005,1,215,-7,-1336,215,-1336
alpha 0.0005,1,216,-7,-1343,216,-1343
alpha 0.0005,1,217,-7,-1350,217,-1350
alpha 0.0005,1,218,-7,-1357,218,-1357
alpha 0.0005,1,219,-7,-1364,219,-1364
alpha 0.0005,1,220,-7,-1371,220,-1371
alpha 0.0005,1,221,-7,-1378,221,-1378
alpha 0.0005,1,222,-7,-1385,222,-1385
alpha 0.0005,1,223,-7,-1392,223,-1392
alpha 0.0005,1,224,-7,-1399,224,-1399
alpha 0.0005,1,225,-8,-1407,225,-1407
alpha 0.0005,1,226,-8,-1415,226,-1415
alpha 0.0005,1,227,-8,-1423,227,-1423
alpha 0.0005,1,228,-8,-1431,228,-1431
alpha 0.0005,1,229,-7,-1438,229,-1438
alpha 0.0005,1,230,-5,-1443,230,-1443
alpha 0.0005,1,231,-5,-1448,231,-1448
alpha 0.0005,1,232,-7,-1455,232,-1455
alpha 0.0005,1,233,-7,-1462,233,-1462
alpha 0.0005,1,234,-7,-1469,234,-1469
alpha 0.0005,1,235,-7,-1476,235,-1476
alpha 0.0005,1,236,-8,-1484,236,-1484
alpha 0.0005,1,237,-8,-1492,237,-1492
alpha 0.0005,1,238,-8,-1500,238,-1500
alpha 0.0005,1,239,-10,-1510,239,-1510
alpha 0.0005,1,240,-10,-1520,240,-1520
alpha 0.0005,1,241,-10,-1530,241,-1530
alpha 0.0005,1,242,-10,-1540,242,-1540
alpha 0.0005,1,243,-10,-1550,243,-1550
alpha 0.0005,1,244,-10,-1560,244,-1560
alpha 0.0005,1,245,-10,-1570,245,-1570
alpha 0.0005,1,246,-10,-1580,246,-1580
alpha 0.0005,1,247,-10,-1590,247,-1590
alpha 0.0005,1,248,-10,-1600,248,-1600
alpha 0.0005,1,249,-10,-1610,249,-1610
alpha 0.0005,1,250,-10,-1620,250,-1620
alpha 0.0005,1,251,-10,-1630,251,-1630
alpha 0.0005,1,252,-10,-1640,252,-1640
alpha 0.0005,1,253,-10,-1650,253,-1650
alpha 0.0005,1,254,-10,-1660,254,-1660
alpha 0.0005,1,255,-10,-1670,255,-1670
alpha 0.0005,1,256,-10,-1680,256,-1680
alpha 0.0005,1,257,-10,-1690,257,-1690
alpha 0.0005,1,258,-10,-1700,258,-1700
alpha 0.0005,1,259,-10,-1710,259,-1710
alpha 0.0005,1,260,-10,-1720,260,-1720
alpha 0.0005,1,261,-10,-1730,261,-1730
alpha 0.0005,1,262,-10,-1740,262,-1740
alpha 0.0005,1,263,-10,-1750,263,-1750
alpha 0.0005,1,264,-10,-1760,264,-1760
alpha 0.0005,1,265,-10,-1770,265,-1770
alpha 0.0005,1,266,-10,-1780,266,-1780
alpha 0.0005,1,267,-10,-1790,267,-1790
alpha 0.0005,1,268,-10,-1800,268,-1800
alpha 0.0005,1,269,-10,-1810,269,-1810
alpha 0.0005,1,270,-10,-1820,270,-1820
alpha 0.0005,1,271,-10,-1830,271,-1830
alpha 0.0005,1,272,-10,-1840,272,-1840
alpha 0.0005,1,273,-10,-1850,273,-1850
alpha 0.0005,1,274,-10,-1860,274,-1860
alpha 0.0005,1,275,-10,-1870,275,-1870
alpha 0.0005,1,276,-10,-1880,276,-1880
alpha 0.0005,1,277,-10,-1890,277,-1890
alpha 0.0005,1,278,-10,-1900,278,-1900
alpha 0.0005,1,279,-8,-1908,279,-1908
alpha 0.0005,1,280,-10,-1918,280,-1918
alpha 0.0005,1,281,-10,-1928,281,-1928
alpha 0.0005,1,282,-8,-1936,282,-1936
alpha 0.0005,1,283,-7,-1943,283,-1943
alpha 0.0005,1,284,-7,-1950,284,-1950
alpha 0.0005,1,285,-7,-1957,285,-1957
alpha 0.0005,1,286,-7,-1964,286,-1964
alpha 0.0005,1,287,-7,-1971,287,-1971
alpha 0.0005,1,288,-7,-1978,288,-1978
alpha 0.0005,1,289,-7,-1985,289,-1985
alpha 0.0005,1,290,-7,-1992,290,-1992
alpha 0.0005,1,291,-7,-1999,291,-1999
alpha 0.0005,1,292,-7,-2006,292,-2006
alpha 0.0005,1,293,-7,-2013,293,-2013
alpha 0.0005,1,294,-5,-2018,294,-2018
alpha 0.0005,1,295,-5,-2023,295,-2023
alpha 0.0005,1,296,-5,-2028,296,-2028
alpha 0.0005,1,297,-5,-2033,297,-2033
alpha 0.0005,1,298,-5,-2038,298,-2038
alpha 0.0005,1,299,-5,-2043,299,-2043
alpha 0.0005,1,300,-5,-2048,300,-2048
alpha 0.0005,1,301,-4,-2052,301,-2052
alpha 0.0005,1,302,-3,-2055,302,-2055
alpha 0.0005,1,303,-3,-2058,303,-2058
alpha 0.0005,1,304,-3,-2061,304,-2061
alpha 0.0005,1,305,-3,-2064,305,-2064
alpha 0.0005,1,306,-3,-2067,306,-2067
alpha 0.0005,1,307,-3,-2070,307,-2070
alpha 0.0005,1,308,-3,-2073,308,-2073
alpha 0.0005,1,309,-3,-2076,309,-2076
alpha 0.0005,1,310,-2,-2078,310,-2078
alpha 0.0005,1,311,1,-2077,311,-2077
alpha 0.0005,1,312,1,-2076,312,-2076
alpha 0.0005,1,313,-2,-2078,313,-2078
alpha 0.0005,1,314,-2,-2080,314,-2080
alpha 0.0005,1,315,-2,-2082,315,-2082
alpha 0.0005,1,316,-2,-2084,316,-2084
alpha 0.0005,1,317,-2,-2086,317,-2086
alpha 0.0005,1,318,1,-2085,318,-2085
alpha 0.0005,1,319,1,-2084,319,-2084
alpha 0.0005,1,320,1,-2083,320,-2083
alpha 0.0005,1,321,-4,-2087,321,-2087
alpha 0.0005,1,322,-3,-2090,322,-2090
alpha 0.0005,1,323,-3,-2093,323,-2093
alpha 0.0005,1,324,-3,-2096,324,-2096
alpha 0.0005,1,325,-1,-2097,325,-2097
alpha 0.0005,1,326,-2,-2099,326,-2099
alpha 0.0005,1,327,-2,-2101,327,-2101
alpha 0.0005,1,328,-3,-2104,328,-2104
alpha 0.0005,1,329,-4,-2108,329,-2108
alpha 0.0005,1,330,-4,-2112,330,-2112
alpha 0.0005,1,331,-4,-2116,331,-2116
alpha 0.0005,1,332,-4,-2120,332,-2120
alpha 0.0005,1,333,-4,-2124,333,-2124
alpha 0.0005,1,334,-4,-2128,334,-2128
alpha 0.0005,1,335,-5,-2133,335,-2133
alpha 0.0005,1,336,-5,-2138,336,-2138
alpha 0.0005,1,337,-5,-2143,337,-2143
alpha 0.0005,1,338,-5,-2148,338,-2148
alpha 0.0005,1,339,-5,-2153,339,-2153
alpha 0.0005,1,340,-5,-2158,340,-2158
alpha 0.0005,1,341,-5,-2163,341,-2163
alpha 0.0005,1,342,-5,-2168,342,-2168
alpha 0.0005,1,343,-8,-2176,343,-2176
alpha 0.0005,1,344,-10,-2186,344,-2186
alpha 0.0005,1,345,-10,-2196,345,-2196
alpha 0.0005,1,346,-10,-2206,346,-2206
alpha 0.0005,1,347,-10,-2216,347,-2216
alpha 0.0005,1,348,-10,-2226,348,-2226
alpha 0.0005,1,349,-10,-2236,349,-2236
alpha 0.0005,1,350,-10,-2246,350,-2246
alpha 0.0005,1,351,-10,-2256,351,-2256
alpha 0.0005,1,352,-10,-2266,352,-2266
alpha 0.0005,1,353,-10,-2276,353,-2276
alpha 0.0005,1,354,-10,-2286,354,-2286
alpha 0.0005,1,355,-10,-2296,355,-2296
alpha 0.0005,1,356,-10,-2306,356,-2306
alpha 0.0005,1,357,-10,-2316,357,-2316
alpha 0.0005,1,358,-10,-2326,358,-2326
alpha 0.0005,1,359,-10,-2336,359,-2336
alpha 0.0005,1,360,-10,-2346,360,-2346
alpha 0.0005,1,361,-10,-2356,361,-2356
alpha 0.0005,1,362,-10,-2366,362,-2366
alpha 0.0005,1,363,-10,-2376,363,-2376
alpha 0.0005,1,364,-10,-2386,364,-2386
alpha 0.0005,1,365,-10,-2396,365,-2396
alpha 0.0005,1,366,-10,-2406,366,-2406
alpha 0.0005,1,367,-10,-2416,367,-2416
alpha 0.0005,1,368,-8,-2424,368,-2424
alpha 0.0005,1,369,-8,-2432,369,-2432
alpha 0.0005,1,370,-8,-2440,370,-2440
alpha 0.0005,1,371,-8,-2448,371,-2448
alpha 0.0005,1,372,-8,-2456,372,-2456
alpha 0.0005,1,373,-8,-2464,373,-2464
alpha 0.0005,1,374,-8,-2472,374,-2472
alpha 0.0005,1,375,-8,-2480,375,-2480
alpha 0.0005,1,376,-8,-2488,376,-2488
alpha 0.0005,1,377,-7,-2495,377,-2495
alpha 0.0005,1,378,-7,-2502,378,-2502
alpha 0.0005,1,379,-7,-2509,379,-2509
alpha 0.0005,1,380,-7,-2516,380,-2516
alpha 0.0005,1,381,-7,-2523,381,-2523
alpha 0.0005,1,382,-7,-2530,382,-2530
alpha 0.0005,1,383,-7,-2537,383,-2537
alpha 0.0005,1,384,-7,-2544,384,-2544
alpha 0.0005,1,385,-7,-2551,385,-2551
alpha 0.0005,1,386,-7,-2558,386,-2558
alpha 0.0005,1,387,-7,-2565,387,-2565
alpha 0.0005,1,388,-6,-2571,388,-2571
alpha 0.0005,1,389,-6,-2577,389,-2577
alpha 0.0005,1,390,-6,-2583,390,-2583
alpha 0.0005,1,391,-5,-2588,391,-2588
alpha 0.0005,1,392,-5,-2593,392,-2593
alpha 0.0005,1,393,-5,-2598,393,-2598
alpha 0.0005,1,394,-5,-2603,394,-2603
alpha 0.0005,1,395,-5,-2608,395,-2608
alpha 0.0005,1,396,-5,-2613,396,-2613
alpha 0.0005,1,397,-5,-2618,397,-2618
alpha 0.0005,1,398,-5,-2623,398,-2623
alpha 0.0005,1,399,-5,-2628,399,-2628
alpha 0.0005,1,400,-5,-2633,400,-2633
alpha 0.0005,1,401,-5,-2638,401,-2638
alpha 0.0005,1,402,-5,-2643,402,-2643
alpha 0.0005,1,403,-5,-2648,403,-2648
alpha 0.0005,1,404,-5,-2653,404,-2653
alpha 0.0005,1,405,-5,-2658,405,-2658
alpha 0.0005,1,406,-6,-2664,406,-2664
alpha 0.0005,1,407,-6,-2670,407,-2670
alpha 0.0005,1,408,-6,-2676,408,-2676
alpha 0.0005,1,409,-6,-2682,409,-2682
alpha 0.0005,1,410,-6,-2688,410,-2688
alpha 0.0005,1,411,-7,-2695,411,-2695
alpha 0.0005,1,412,-7,-2702,412,-2702
alpha 0.0005,1,413,-7,-2709,413,-2709
alpha 0.0005,1,414,-7,-2716,414,-2716
alpha 0.0005,1,415,-7,-2723,415,-2723
alpha 0.0005,1,416,-7,-2730,416,-2730
alpha 0.0005,1,417,-7,-2737,417,-2737
alpha 0.0005,1,418,-7,-2744,418,-2744
alpha 0.0005,1,419,-7,-2751,419,-2751
alpha 0.0005,1,420,-7,-2758,420,-2758
alpha 0.0005,1,421,-7,-2765,421,-2765
alpha 0.0005,1,422,-7,-2772,422,-2772
alpha 0.0005,1,423,-7,-2779,423,-2779
alpha 0.0005,1,424,-7,-2786,424,-2786
alpha 0.0005,1,425,-8,-2794,425,-2794
alpha 0.0005,1,426,-8,-2802,426,-2802
alpha 0.0005,1,427,-8,-2810,427,-2810
alpha 0.0005,1,428,-8,-2818,428,-2818
alpha 0.0005,1,429,-8,-2826,429,-2826
alpha 0.0005,1,430,-8,-2834,430,-2834
alpha 0.0005,1,431,-8,-2842,431,-2842
alpha 0.0005,1,432,-10,-2852,432,-2852
alpha 0.0005,1,433,-10,-2862,433,-2862
alpha 0.0005,1,434,-10,-2872,434,-2872
alpha 0.0005,1,435,-10,-2882,435,-2882
alpha 0.0005,1,436,-10,-2892,436,-2892
alpha 0.0005,1,437,-10,-2902,437,-2902
alpha 0.0005,1,438,-10,-2912,438,-2912
alpha 0.0005,1,439,-10,-2922,439,-2922
alpha 0.0005,1,440,-10,-2932,440,-2932
alpha 0.0005,1,441,-10,-2942,441,-2942
alpha 0.0005,1,442,-10,-2952,442,-2952
alpha 0.0005,1,443,-10,-2962,443,-2962
alpha 0.0005,1,444,-10,-2972,444,-2972
alpha 0.0005,1,445,-10,-2982,445,-2982
alpha 0.0005,1,446,-10,-2992,446,-2992
alpha 0.0005,1,447,-10,-3002,447,-3002
alpha 0.0005,1,448,-10,-3012,448,-3012
alpha 0.0005,1,449,-10,-3022,449,-3022
alpha 0.0005,1,450,-10,-3032,450,-3032
alpha 0.0005,1,451,-10,-3042,451,-3042
alpha 0.0005,1,452,-10,-3052,452,-3052
alpha 0.0005,1,453,-10,-3062,453,-3062
alpha 0.0005,1,454,-10,-3072,454,-3072
alpha 0.0005,1,455,-10,-3082,455,-3082
alpha 0.0005,1,456,-10,-3092,456,-3092
alpha 0.0005,1,457,-10,-3102,457,-3102
alpha 0.0005,1,458,-10,-3112,458,-3112
alpha 0.0005,1,459,-6,-3118,459,-3118
alpha 0.0005,1,460,-5,-3123,460,-3123
alpha 0.0005,1,461,-5,-3128,461,-3128
alpha 0.0005,1,462,-5,-3133,462,-3133
alpha 0.0005,1,463,-5,-3138,463,-3138
alpha 0.0005,1,464,-5,-3143,464,-3143
alpha 0.0005,1,465,-5,-3148,465,-3148
alpha 0.0005,1,466,-5,-3153,466,-3153
alpha 0.0005,1,467,-5,-3158,467,-3158
alpha 0.0005,1,468,-5,-3163,468,-3163
alpha 0.0005,1,469,-5,-3168,469,-3168
alpha 0.0005,1,470,-3,-3171,470,-3171
alpha 0.0005,1,471,-3,-3174,471,-3174
alpha 0.0005,1,472,-5,-3179,472,-3179
alpha 0.0005,1,473,-5,-3184,473,-3184
alpha 0.0005,1,474,-5,-3189,474,-3189
alpha 0.0005,1,475,-5,-3194,475,-3194
alpha 0.0005,1,476,-5,-3199,476,-3199
alpha 0.0005,1,477,-5,-3204,477,-3204
alpha 0.0005,1,478,-5,-3209,478,-3209
alpha 0.0005,1,479,-5,-3214,479,-3214
alpha 0.0005,1,480,-5,-3219,480,-3219
alpha 0.0005,1,481,-5,-3224,481,-3224
alpha 0.0005,1,482,-5,-3229,482,-3229
alpha 0.0005,1,483,-5,-3234,483,-3234
alpha 0.0005,1,484,-5,-3239,484,-3239
alpha 0.0005,1,485,-5,-3244,485,-3244
alpha 0.0005,1,486,-5,-3249,486,-3249
alpha 0.0005,1,487,-5,-3254,487,-3254
alpha 0.0005,1,488,-5,-3259,488,-3259
alpha 0.0005,1,489,-5,-3264,489,-3264
alpha 0.0005,1,490,-5,-3269,490,-3269
alpha 0.0005,1,491,-5,-3274,491,-3274
alpha 0.0005,1,492,-5,-3279,492,-3279
alpha 0.0005,1,493,-5,-3284,493,-3284
alpha 0.0005,1,494,-5,-3289,494,-3289
alpha 0.0005,1,495,-5,-3294,495,-3294
alpha 0.0005,1,496,-6,-3300,496,-3300
alpha 0.0005,1,497,-6,-3306,497,-3306
alpha 0.0005,1,498,-6,-3312,498,-3312
alpha 0.0005,1,499,-6,-3318,499,-3318
alpha 0.0005,1,500,-6,-3324,500,-3324
alpha 0.0005,2,1,4,4,501,-3320
alpha 0.0005,2,2,2,6,502,-3318
alpha 0.0005,2,3,-2,4,503,-3320
alpha 0.0005,2,4,-2,2,504,-3322
alpha 0.0005,2,5,-6,-4,505,-3328
alpha 0.0005,2,6,-7,-11,506,-3335
alpha 0.0005,2,7,-5,-16,507,-3340
alpha 0.0005,2,8,-7,-23,508,-3347
alpha 0.0005,2,9,-8,-31,509,-3355
alpha 0.0005,2,10,-8,-39,510,-3363
alpha 0.0005,2,11,-8,-47,511,-3371
alpha 0.0005,2,12,-3,-50,512,-3374
alpha 0.0005,2,13,-3,-53,513,-3377
alpha 0.0005,2,14,-4,-57,514,-3381
alpha 0.0005,2,15,-3,-60,515,-3384
alpha 0.0005,2,16,-2,-62,516,-3386
alpha 0.0005,2,17,-3,-65,517,-3389
alpha 0.0005,2,18,-3,-68,518,-3392
alpha 0.0005,2,19,-5,-73,519,-3397
alpha 0.0005,2,20,-5,-78,520,-3402
alpha 0.0005,2,21,-3,-81,521,-3405
alpha 0.0005,2,22,-3,-84,522,-3408
alpha 0.0005,2,23,-4,-88,523,-3412
alpha 0.0005,2,24,-4,-92,524,-3416
alpha 0.0005,2,25,-3,-95,525,-3419
alpha 0.0005,2,26,-5,-100,526,-3424
alpha 0.0005,2,27,-5,-105,527,-3429
alpha 0.0005,2,28,-5,-110,528,-3434
alpha 0.0005,2,29,-5,-115,529,-3439
alpha 0.0005,2,30,-5,-120,530,-3444
alpha 0.0005,2,31,-5,-125,531,-3449
alpha 0.0005,2,32,-5,-130,532,-3454
alpha 0.0005,2,33,-6,-136,533,-3460
alpha 0.0005,2,34,-6,-142,534,-3466
alpha 0.0005,2,35,-6,-148,535,-3472
alpha 0.0005,2,36,-6,-154,536,-3478
alpha 0.0005,2,37,-6,-160,537,-3484
alpha 0.0005,2,38,-5,-165,538,-3489
alpha 0.0005,2,39,-5,-170,539,-3494
alpha 0.0005,2,40,-5,-175,540,-3499
alpha 0.0005,2,41,-5,-180,541,-3504
alpha 0.0005,2,42,-5,-185,542,-3509
alpha 0.0005,2,43,-5,-190,543,-3514
alpha 0.0005,2,44,-5,-195,544,-3519
alpha 0.0005,2,45,-5,-200,545,-3524
alpha 0.0005,2,46,-5,-205,546,-3529
alpha 0.0005,2,47,-5,-210,547,-3534
alpha 0.0005,2,48,-5,-215,548,-3539
alpha 0.0005,2,49,-5,-220,549,-3544
alpha 0.0005,2,50,-5,-225,550,-3549
alpha 0.0005,2,51,-5,-230,551,-3554
alpha 0.0005,2,52,-5,-235,552,-3559
alpha 0.0005,2,53,-5,-240,553,-3564
alpha 0.0005,2,54,-5,-245,554,-3569
alpha 0.0005,2,55,-5,-250,555,-3574
alpha 0.0005,2,56,-5,-255,556,-3579
alpha 0.0005,2,57,-5,-260,557,-3584
alpha 0.0005,2,58,-5,-265,558,-3589
alpha 0.0005,2,59,-5,-270,559,-3594
alpha 0.0005,2,60,-5,-275,560,-3599
alpha 0.0005,2,61,-5,-280,561,-3604
alpha 0.0005,2,62,-5,-285,562,-3609
alpha 0.0005,2,63,-5,-290,563,-3614
alpha 0.0005,2,64,-5,-295,564,-3619
alpha 0.0005,2,65,-5,-300,565,-3624
alpha 0.0005,2,66,-5,-305,566,-3629
alpha 0.0005,2,67,-5,-310,567,-3634
alpha 0.0005,2,68,-5,-315,568,-3639
alpha 0.0005,2,69,-5,-320,569,-3644
alpha 0.0005,2,70,-5,-325,570,-3649
alpha 0.0005,2,71,-5,-330,571,-3654
alpha 0.0005,2,72,-5,-335,572,-3659
alpha 0.0005,2,73,-5,-340,573,-3664
alpha 0.0005,2,74,-5,-345,574,-3669
alpha 0.0005,2,75,-5,-350,575,-3674
alpha 0.0005,2,76,-5,-355,576,-3679
alpha 0.0005,2,77,-5,-360,577,-3684
alpha 0.0005,2,78,-5,-365,578,-3689
alpha 0.0005,2,79,-5,-370,579,-3694
alpha 0.0005,2,80,-5,-375,580,-3699
alpha 0.0005,2,81,-5,-380,581,-3704
alpha 0.0005,2,82,-5,-385,582,-3709
alpha 0.0005,2,83,-5,-390,583,-3714
alpha 0.0005,2,84,-5,-395,584,-3719
alpha 0.0005,2,85,-5,-400,585,-3724
alpha 0.0005,2,86,-5,-405,586,-3729
alpha 0.0005,2,87,-5,-410,587,-3734
alpha 0.0005,2,88,-5,-415,588,-3739
alpha 0.0005,2,89,-5,-420,589,-3744
alpha 0.0005,2,90,-5,-425,590,-3749
alpha 0.0005,2,91,-5,-430,591,-3754
alpha 0.0005,2,92,-5,-435,592,-3759
alpha 0.0005,2,93,-5,-440,593,-3764
alpha 0.0005,2,94,-5,-445,594,-3769
alpha 0.0005,2,95,-5,-450,595,-3774
alpha 0.0005,2,96,-5,-455,596,-3779
alpha 0.0005,2,97,-5,-460,597,-3784
alpha 0.0005,2,98,-5,-465,598,-3789
alpha 0.0005,2,99,-5,-470,599,-3794
alpha 0.0005,2,100,-5,-475,600,-3799
alpha 0.0005,2,101,-5,-480,601,-3804
alpha 0.0005,2,102,-5,-485,602,-3809
alpha 0.0005,2,103,-5,-490,603,-3814
alpha 0.0005,2,104,-5,-495,604,-3819
alpha 0.0005,2,105,-5,-500,605,-3824
alpha 0.0005,2,106,-5,-505,606,-3829
alpha 0.0005,2,107,-5,-510,607,-3834
alpha 0.0005,2,108,-5,-515,608,-3839
alpha 0.0005,2,109,-5,-520,609,-3844
alpha 0.0005,2,110,-3,-523,610,-3847
alpha 0.0005,2,111,-3,-526,611,-3850
alpha 0.0005,2,112,-2,-528,612,-3852
alpha 0.0005,2,113,-2,-530,613,-3854
alpha 0.0005,2,114,-2,-532,614,-3856
alpha 0.0005,2,115,-1,-533,615,-3857
alpha 0.0005,2,116,1,-532,616,-3856
alpha 0.0005,2,117,2,-530,617,-3854
alpha 0.0005,2,118,2,-528,618,-3852
alpha 0.0005,2,119,1,-527,619,-3851
alpha 0.0005,2,120,-2,-529,620,-3853
alpha 0.0005,2,121,-2,-531,621,-3855
alpha 0.0005,2,122,-3,-534,622,-3858
alpha 0.0005,2,123,-3,-537,623,-3861
alpha 0.0005,2,124,-5,-542,624,-3866
alpha 0.0005,2,125,-5,-547,625,-3871
alpha 0.0005,2,126,-5,-552,626,-3876
alpha 0.0005,2,127,-5,-557,627,-3881
alpha 0.0005,2,128,-5,-562,628,-3886
alpha 0.0005,2,129,-5,-567,629,-3891
alpha 0.0005,2,130,-5,-572,630,-3896
alpha 0.0005,2,131,-5,-577,631,-3901
alpha 0.0005,2,132,-5,-582,632,-3906
alpha 0.0005,2,133,-5,-587,633,-3911
alpha 0.0005,2,134,-5,-592,634,-3916
alpha 0.0005,2,135,-5,-597,635,-3921
alpha 0.0005,2,136,-5,-602,636,-3926
alpha 0.0005,2,137,-5,-607,637,-3931
alpha 0.0005,2,138,-5,-612,638,-3936
alpha 0.0005,2,139,-5,-617,639,-3941
alpha 0.0005,2,140,-5,-622,640,-3946
alpha 0.0005,2,141,-5,-627,641,-3951
alpha 0.0005,2,142,-5,-632,642,-3956
alpha 0.0005,2,143,-5,-637,643,-3961
alpha 0.0005,2,144,-5,-642,644,-3966
alpha 0.0005,2,145,-5,-647,645,-3971
alpha 0.0005,2,146,-5,-652,646,-3976
alpha 0.0005,2,147,-5,-657,647,-3981
alpha 0.0005,2,148,-5,-662,648,-3986
alpha 0.0005,2,149,-5,-667,649,-3991
alpha 0.0005,2,150,-5,-672,650,-3996
alpha 0.0005,2,151,-5,-677,651,-4001
alpha 0.0005,2,152,-5,-682,652,-4006
alpha 0.0005,2,153,-5,-687,653,-4011
alpha 0.0005,2,154,-5,-692,654,-4016
alpha 0.0005,2,155,-5,-697,655,-4021
alpha 0.0005,2,156,-5,-702,656,-4026
alpha 0.0005,2,157,-5,-707,657,-4031
alpha 0.0005,2,158,-5,-712,658,-4036
alpha 0.0005,2,159,-5,-717,659,-4041
alpha 0.0005,2,160,-5,-722,660,-4046
alpha 0.0005,2,161,-5,-727,661,-4051
alpha 0.0005,2,162,-5,-732,662,-4056
alpha 0.0005,2,163,-5,-737,663,-4061
alpha 0.0005,2,164,-5,-742,664,-4066
alpha 0.0005,2,165,-5,-747,665,-4071
alpha 0.0005,2,166,-5,-752,666,-4076
alpha 0.0005,2,167,-5,-757,667,-4081
alpha 0.0005,2,168,-5,-762,668,-4086
alpha 0.0005,2,169,-5,-767,669,-4091
alpha 0.0005,2,170,-5,-772,670,-4096
alpha 0.0005,2,171,-5,-777,671,-4101
alpha 0.0005,2,172,-5,-782,672,-4106
alpha 0.0005,2,173,-5,-787,673,-4111
alpha 0.0005,2,174,-5,-792,674,-4116
alpha 0.0005,2,175,-5,-797,675,-4121
alpha 0.0005,2,176,-5,-802,676,-4126
alpha 0.0005,2,177,-5,-807,677,-4131
alpha 0.0005,2,178,-5,-812,678,-4136
alpha 0.0005,2,179,-5,-817,679,-4141
alpha 0.0005,2,180,-5,-822,680,-4146
alpha 0.0005,2,181,-5,-827,681,-4151
alpha 0.0005,2,182,-5,-832,682,-4156
alpha 0.0005,2,183,-5,-837,683,-4161
alpha 0.0005,2,184,-5,-842,684,-4166
alpha 0.0005,2,185,-5,-847,685,-4171
alpha 0.0005,2,186,-5,-852,686,-4176
alpha 0.0005,2,187,-4,-856,687,-4180
alpha 0.0005,2,188,-4,-860,688,-4184
alpha 0.0005,2,189,-3,-863,689,-4187
alpha 0.0005,2,190,-3,-866,690,-4190
alpha 0.0005,2,191,-3,-869,691,-4193
alpha 0.0005,2,192,-5,-874,692,-4198
alpha 0.0005,2,193,-3,-877,693,-4201
alpha 0.0005,2,194,-2,-879,694,-4203
alpha 0.0005,2,195,-2,-881,695,-4205
alpha 0.0005,2,196,-2,-883,696,-4207
alpha 0.0005,2,197,-3,-886,697,-4210
alpha 0.0005,2,198,-3,-889,698,-4213
alpha 0.0005,2,199,-3,-892,699,-4216
alpha 0.0005,2,200,-3,-895,700,-4219
alpha 0.0005,2,201,-3,-898,701,-4222
alpha 0.0005,2,202,-4,-902,702,-4226
alpha 0.0005,2,203,-4,-906,703,-4230
alpha 0.0005,2,204,-4,-910,704,-4234
alpha 0.0005,2,205,-4,-914,705,-4238
alpha 0.0005,2,206,-4,-918,706,-4242
alpha 0.0005,2,207,-4,-922,707,-4246
alpha 0.0005,2,208,-3,-925,708,-4249
alpha 0.0005,2,209,1,-924,709,-4248
alpha 0.0005,2,210,1,-923,710,-4247
alpha 0.0005,2,211,-1,-924,711,-4248
alpha 0.0005,2,212,-2,-926,712,-4250
alpha 0.0005,2,213,-2,-928,713,-4252
alpha 0.0005,2,214,-2,-930,714,-4254
alpha 0.0005,2,215,-2,-932,715,-4256
alpha 0.0005,2,216,-3,-935,716,-4259
alpha 0.0005,2,217,-3,-938,717,-4262
alpha 0.0005,2,218,-3,-941,718,-4265
alpha 0.0005,2,219,-3,-944,719,-4268
alpha 0.0005,2,220,-5,-949,720,-4273
alpha 0.0005,2,221,-5,-954,721,-4278
alpha 0.0005,2,222,-5,-959,722,-4283
alpha 0.0005,2,223,-5,-964,723,-4288
alpha 0.0005,2,224,-5,-969,724,-4293
alpha 0.0005,2,225,-5,-974,725,-4298
alpha 0.0005,2,226,-5,-979,726,-4303
alpha 0.0005,2,227,-5,-984,727,-4308
alpha 0.0005,2,228,-5,-989,728,-4313
alpha 0.0005,2,229,-5,-994,729,-4318
alpha 0.0005,2,230,-5,-999,730,-4323
alpha 0.0005,2,231,-3,-1002,731,-4326
alpha 0.0005,2,232,-3,-1005,732,-4329
alpha 0.0005,2,233,-3,-1008,733,-4332
alpha 0.0005,2,234,-5,-1013,734,-4337
alpha 0.0005,2,235,-5,-1018,735,-4342
alpha 0.0005,2,236,-5,-1023,736,-4347
alpha 0.0005,2,237,-5,-1028,737,-4352
alpha 0.0005,2,238,-5,-1033,738,-4357
alpha 0.0005,2,239,-3,-1036,739,-4360
alpha 0.0005,2,240,-5,-1041,740,-4365
alpha 0.0005,2,241,-5,-1046,741,-4370
alpha 0.0005,2,242,-5,-1051,742,-4375
alpha 0.0005,2,243,-5,-1056,743,-4380
alpha 0.0005,2,244,-5,-1061,744,-4385
alpha 0.0005,2,245,-5,-1066,745,-4390
alpha 0.0005,2,246,-5,-1071,746,-4395
alpha 0.0005,2,247,-3,-1074,747,-4398
alpha 0.0005,2,248,-3,-1077,748,-4401
alpha 0.0005,2,249,-5,-1082,749,-4406
alpha 0.0005,2,250,-5,-1087,750,-4411
alpha 0.0005,2,251,-5,-1092,751,-4416
alpha 0.0005,2,252,-5,-1097,752,-4421
alpha 0.0005,2,253,-5,-1102,753,-4426
alpha 0.0005,2,254,-3,-1105,754,-4429
alpha 0.0005,2,255,-3,-1108,755,-4432
alpha 0.0005,2,256,-3,-1111,756,-4435
alpha 0.0005,2,257,-3,-1114,757,-4438
alpha 0.0005,2,258,-3,-1117,758,-4441
alpha 0.0005,2,259,-3,-1120,759,-4444
alpha 0.0005,2,260,-5,-1125,760,-4449
alpha 0.0005,2,261,-5,-1130,761,-4454
alpha 0.0005,2,262,-5,-1135,762,-4459
alpha 0.0005,2,263,-5,-1140,763,-4464
alpha 0.0005,2,264,-5,-1145,764,-4469
alpha 0.0005,2,265,-6,-1151,765,-4475
alpha 0.0005,2,266,-6,-1157,766,-4481
alpha 0.0005,2,267,-6,-1163,767,-4487
alpha 0.0005,2,268,-6,-1169,768,-4493
alpha 0.0005,2,269,-6,-1175,769,-4499
alpha 0.0005,2,270,-6,-1181,770,-4505
alpha 0.0005,2,271,-6,-1187,771,-4511
alpha 0.0005,2,272,-6,-1193,772,-4517
alpha 0.0005,2,273,-7,-1200,773,-4524
alpha 0.0005,2,274,-7,-1207,774,-4531
alpha 0.0005,2,275,-7,-1214,775,-4538
alpha 0.0005,2,276,-7,-1221,776,-4545
alpha 0.0005,2,277,-7,-1228,777,-4552
alpha 0.0005,2,278,-7,-1235,778,-4559
alpha 0.0005,2,279,-7,-1242,779,-4566
alpha 0.0005,2,280,-7,-1249,780,-4573
alpha 0.0005,2,281,-7,-1256,781,-4580
alpha 0.0005,2,282,-7,-1263,782,-4587
alpha 0.0005,2,283,-7,-1270,783,-4594
alpha 0.0005,2,284,-7,-1277,784,-4601
alpha 0.0005,2,285,-7,-1284,785,-4608
alpha 0.0005,2,286,-7,-1291,786,-4615
alpha 0.0005,2,287,-7,-1298,787,-4622
alpha 0.0005,2,288,-6,-1304,788,-4628
alpha 0.0005,2,289,-6,-1310,789,-4634
alpha 0.0005,2,290,-4,-1314,790,-4638
alpha 0.0005,2,291,-4,-1318,791,-4642
alpha 0.0005,2,292,-4,-1322,792,-4646
alpha 0.0005,2,293,-5,-1327,793,-4651
alpha 0.0005,2,294,-5,-1332,794,-4656
alpha 0.0005,2,295,-5,-1337,795,-4661
alpha 0.0005,2,296,-5,-1342,796,-4666
alpha 0.0005,2,297,-5,-1347,797,-4671
alpha 0.0005,2,298,-6,-1353,798,-4677
alpha 0.0005,2,299,-6,-1359,799,-4683
alpha 0.0005,2,300,-6,-1365,800,-4689
alpha 0.0005,2,301,-6,-1371,801,-4695
alpha 0.0005,2,302,-6,-1377,802,-4701
alpha 0.0005,2,303,-6,-1383,803,-4707
alpha 0.0005,2,304,-6,-1389,804,-4713
alpha 0.0005,2,305,-6,-1395,805,-4719
alpha 0.0005,2,306,-6,-1401,806,-4725
alpha 0.0005,2,307,-6,-1407,807,-4731
alpha 0.0005,2,308,-6,-1413,808,-4737
alpha 0.0005,2,309,-6,-1419,809,-4743
alpha 0.0005,2,310,-6,-1425,810,-4749
alpha 0.0005,2,311,-6,-1431,811,-4755
alpha 0.0005,2,312,-6,-1437,812,-4761
alpha 0.0005,2,313,-6,-1443,813,-4767
alpha 0.0005,2,314,-6,-1449,814,-4773
alpha 0.0005,2,315,-6,-1455,815,-4779
alpha 0.0005,2,316,-6,-1461,816,-4785
alpha 0.0005,2,317,-6,-1467,817,-4791
alpha 0.0005,2,318,-6,-1473,818,-4797
alpha 0.0005,2,319,-6,-1479,819,-4803
alpha 0.0005,2,320,-6,-1485,820,-4809
alpha 0.0005,2,321,-6,-1491,821,-4815
alpha 0.0005,2,322,-6,-1497,822,-4821
alpha 0.0005,2,323,-6,-1503,823,-4827
alpha 0.0005,2,324,-6,-1509,824,-4833
alpha 0.0005,2,325,-6,-1515,825,-4839
alpha 0.0005,2,326,-8,-1523,826,-4847
alpha 0.0005,2,327,-8,-1531,827,-4855
alpha 0.0005,2,328,-8,-1539,828,-4863
alpha 0.0005,2,329,-8,-1547,829,-4871
alpha 0.0005,2,330,-8,-1555,830,-4879
alpha 0.0005,2,331,-8,-1563,831,-4887
alpha 0.0005,2,332,-8,-1571,832,-4895
alpha 0.0005,2,333,-8,-1579,833,-4903
alpha 0.0005,2,334,-8,-1587,834,-4911
alpha 0.0005,2,335,-8,-1595,835,-4919
alpha 0.0005,2,336,-8,-1603,836,-4927
alpha 0.0005,2,337,-8,-1611,837,-4935
alpha 0.0005,2,338,-8,-1619,838,-4943
alpha 0.0005,2,339,-8,-1627,839,-4951
alpha 0.0005,2,340,-8,-1635,840,-4959
alpha 0.0005,2,341,-8,-1643,841,-4967
alpha 0.0005,2,342,-8,-1651,842,-4975
alpha 0.0005,2,343,-8,-1659,843,-4983
alpha 0.0005,2,344,-8,-1667,844,-4991
alpha 0.0005,2,345,-8,-1675,845,-4999
alpha 0.0005,2,346,-8,-1683,846,-5007
alpha 0.0005,2,347,-8,-1691,847,-5015
alpha 0.0005,2,348,-8,-1699,848,-5023
alpha 0.0005,2,349,-8,-1707,849,-5031
alpha 0.0005,2,350,-8,-1715,850,-5039
alpha 0.0005,2,351,-8,-1723,851,-5047
alpha 0.0005,2,352,-8,-1731,852,-5055
alpha 0.0005,2,353,-8,-1739,853,-5063
alpha 0.0005,2,354,-8,-1747,854,-5071
alpha 0.0005,2,355,-7,-1754,855,-5078
alpha 0.0005,2,356,-7,-1761,856,-5085
alpha 0.0005,2,357,-7,-1768,857,-5092
alpha 0.0005,2,358,-7,-1775,858,-5099
alpha 0.0005,2,359,-7,-1782,859,-5106
alpha 0.0005,2,360,-7,-1789,860,-5113
alpha 0.0005,2,361,-7,-1796,861,-5120
alpha 0.0005,2,362,-7,-1803,862,-5127
alpha 0.0005,2,363,-7,-1810,863,-5134
alpha 0.0005,2,364,-7,-1817,864,-5141
alpha 0.0005,2,365,-7,-1824,865,-5148
alpha 0.0005,2,366,-7,-1831,866,-5155
alpha 0.0005,2,367,-7,-1838,867,-5162
alpha 0.0005,2,368,-7,-1845,868,-5169
alpha 0.0005,2,369,-6,-1851,869,-5175
alpha 0.0005,2,370,-6,-1857,870,-5181
alpha 0.0005,2,371,-6,-1863,871,-5187
alpha 0.0005,2,372,-6,-1869,872,-5193
alpha 0.0005,2,373,-5,-1874,873,-5198
alpha 0.0005,2,374,-5,-1879,874,-5203
alpha 0.0005,2,375,-5,-1884,875,-5208
alpha 0.0005,2,376,-5,-1889,876,-5213
alpha 0.0005,2,377,-5,-1894,877,-5218
alpha 0.0005,2,378,-5,-1899,878,-5223
alpha 0.0005,2,379,-5,-1904,879,-5228
alpha 0.0005,2,380,-5,-1909,880,-5233
alpha 0.0005,2,381,-5,-1914,881,-5238
alpha 0.0005,2,382,-5,-1919,882,-5243
alpha 0.0005,2,383,-5,-1924,883,-5248
alpha 0.0005,2,384,-5,-1929,884,-5253
alpha 0.0005,2,385,-5,-1934,885,-5258
alpha 0.0005,2,386,-5,-1939,886,-5263
alpha 0.0005,2,387,-5,-1944,887,-5268
alpha 0.0005,2,388,-5,-1949,888,-5273
alpha 0.0005,2,389,-5,-1954,889,-5278
alpha 0.0005,2,390,-5,-1959,890,-5283
alpha 0.0005,2,391,-5,-1964,891,-5288
alpha 0.0005,2,392,-6,-1970,892,-5294
alpha 0.0005,2,393,-6,-1976,893,-5300
alpha 0.0005,2,394,-6,-1982,894,-5306
alpha 0.0005,2,395,-6,-1988,895,-5312
alpha 0.0005,2,396,-7,-1995,896,-5319
alpha 0.0005,2,397,-7,-2002,897,-5326
alpha 0.0005,2,398,-7,-2009,898,-5333
alpha 0.0005,2,399,-7,-2016,899,-5340
alpha 0.0005,2,400,-7,-2023,900,-5347
alpha 0.0005,2,401,-7,-2030,901,-5354
alpha 0.0005,2,402,-7,-2037,902,-5361
alpha 0.0005,2,403,-7,-2044,903,-5368
alpha 0.0005,2,404,-7,-2051,904,-5375
alpha 0.0005,2,405,-7,-2058,905,-5382
alpha 0.0005,2,406,-7,-2065,906,-5389
alpha 0.0005,2,407,-7,-2072,907,-5396
alpha 0.0005,2,408,-7,-2079,908,-5403
alpha 0.0005,2,409,-7,-2086,909,-5410
alpha 0.0005,2,410,-7,-2093,910,-5417
alpha 0.0005,2,411,-7,-2100,911,-5424
alpha 0.0005,2,412,-7,-2107,912,-5431
alpha 0.0005,2,413,-8,-2115,913,-5439
alpha 0.0005,2,414,-8,-2123,914,-5447
alpha 0.0005,2,415,-7,-2130,915,-5454
alpha 0.0005,2,416,-7,-2137,916,-5461
alpha 0.0005,2,417,-7,-2144,917,-5468
alpha 0.0005,2,418,-7,-2151,918,-5475
alpha 0.0005,2,419,-8,-2159,919,-5483
alpha 0.0005,2,420,-8,-2167,920,-5491
alpha 0.0005,2,421,-8,-2175,921,-5499
alpha 0.0005,2,422,-8,-2183,922,-5507
alpha 0.0005,2,423,-8,-2191,923,-5515
alpha 0.0005,2,424,-8,-2199,924,-5523
alpha 0.0005,2,425,-8,-2207,925,-5531
alpha 0.0005,2,426,-8,-2215,926,-5539
alpha 0.0005,2,427,-8,-2223,927,-5547
alpha 0.0005,2,428,-8,-2231,928,-5555
alpha 0.0005,2,429,-8,-2239,929,-5563
alpha 0.0005,2,430,-8,-2247,930,-5571
alpha 0.0005,2,431,-8,-2255,931,-5579
alpha 0.0005,2,432,-8,-2263,932,-5587
alpha 0.0005,2,433,-5,-2268,933,-5592
alpha 0.0005,2,434,-5,-2273,934,-5597
alpha 0.0005,2,435,-5,-2278,935,-5602
alpha 0.0005,2,436,-6,-2284,936,-5608
alpha 0.0005,2,437,-6,-2290,937,-5614
alpha 0.0005,2,438,-6,-2296,938,-5620
alpha 0.0005,2,439,-5,-2301,939,-5625
alpha 0.0005,2,440,-5,-2306,940,-5630
alpha 0.0005,2,441,-5,-2311,941,-5635
alpha 0.0005,2,442,-6,-2317,942,-5641
alpha 0.0005,2,443,-8,-2325,943,-5649
alpha 0.0005,2,444,-6,-2331,944,-5655
alpha 0.0005,2,445,-5,-2336,945,-5660
alpha 0.0005,2,446,-5,-2341,946,-5665
alpha 0.0005,2,447,-5,-2346,947,-5670
alpha 0.0005,2,448,-5,-2351,948,-5675
alpha 0.0005,2,449,-5,-2356,949,-5680
alpha 0.0005,2,450,-5,-2361,950,-5685
alpha 0.0005,2,451,-5,-2366,951,-5690
alpha 0.0005,2,452,-5,-2371,952,-5695
alpha 0.0005,2,453,-5,-2376,953,-5700
alpha 0.0005,2,454,-5,-2381,954,-5705
alpha 0.0005,2,455,-5,-2386,955,-5710
alpha 0.0005,2,456,-5,-2391,956,-5715
alpha 0.0005,2,457,-5,-2396,957,-5720
alpha 0.0005,2,458,-5,-2401,958,-5725
alpha 0.0005,2,459,-5,-2406,959,-5730
alpha 0.0005,2,460,-4,-2410,960,-5734
alpha 0.0005,2,461,-4,-2414,961,-5738
alpha 0.0005,2,462,-4,-2418,962,-5742
alpha 0.0005,2,463,-4,-2422,963,-5746
alpha 0.0005,2,464,-4,-2426,964,-5750
alpha 0.0005,2,465,-4,-2430,965,-5754
alpha 0.0005,2,466,-4,-2434,966,-5758
alpha 0.0005,2,467,-4,-2438,967,-5762
alpha 0.0005,2,468,-4,-2442,968,-5766
alpha 0.0005,2,469,-4,-2446,969,-5770
alpha 0.0005,2,470,-4,-2450,970,-5774
alpha 0.0005,2,471,-4,-2454,971,-5778
alpha 0.0005,2,472,-4,-2458,972,-5782
alpha 0.0005,2,473,-4,-2462,973,-5786
alpha 0.0005,2,474,-4,-2466,974,-5790
alpha 0.0005,2,475,-3,-2469,975,-5793
alpha 0.0005,2,476,-3,-2472,976,-5796
alpha 0.0005,2,477,-3,-2475,977,-5799
alpha 0.0005,2,478,-3,-2478,978,-5802
alpha 0.0005,2,479,-3,-2481,979,-5805
alpha 0.0005,2,480,-3,-2484,980,-5808
alpha 0.0005,2,481,-3,-2487,981,-5811
alpha 0.0005,2,482,-3,-2490,982,-5814
alpha 0.0005,2,483,-3,-2493,983,-5817
alpha 0.0005,2,484,-3,-2496,984,-5820
alpha 0.0005,2,485,-3,-2499,985,-5823
alpha 0.0005,2,486,-3,-2502,986,-5826
alpha 0.0005,2,487,-3,-2505,987,-5829
alpha 0.0005,2,488,-3,-2508,988,-5832
alpha 0.0005,2,489,-3,-2511,989,-5835
alpha 0.0005,2,490,-3,-2514,990,-5838
alpha 0.0005,2,491,-3,-2517,991,-5841
alpha 0.0005,2,492,-3,-2520,992,-5844
alpha 0.0005,2,493,-3,-2523,993,-5847
alpha 0.0005,2,494,-3,-2526,994,-5850
alpha 0.0005,2,495,-3,-2529,995,-5853
alpha 0.0005,2,496,-3,-2532,996,-5856
alpha 0.0005,2,497,-3,-2535,997,-5859
alpha 0.0005,2,498,-3,-2538,998,-5862
alpha 0.0005,2,499,-5,-2543,999,-5867
alpha 0.0005,2,500,-5,-2548,1000,-5872
alpha 0.0005,3,1,4,4,1001,-5868
alpha 0.0005,3,2,1,5,1002,-5867
alpha 0.0005,3,3,-3,2,1003,-5870
alpha 0.0005,3,4,-4,-2,1004,-5874
alpha 0.0005,3,5,-5,-7,1005,-5879
alpha 0.0005,3,6,-5,-12,1006,-5884
alpha 0.0005,3,7,-5,-17,1007,-5889
alpha 0.0005,3,8,-3,-20,1008,-5892
alpha 0.0005,3,9,-3,-23,1009,-5895
alpha 0.0005,3,10,-2,-25,1010,-5897
alpha 0.0005,3,11,-2,-27,1011,-5899
alpha 0.0005,3,12,-2,-29,1012,-5901
alpha 0.0005,3,13,-2,-31,1013,-5903
alpha 0.0005,3,14,-2,-33,1014,-5905
alpha 0.0005,3,15,-2,-35,1015,-5907
alpha 0.0005,3,16,-2,-37,1016,-5909
alpha 0.0005,3,17,-2,-39,1017,-5911
alpha 0.0005,3,18,-2,-41,1018,-5913
alpha 0.0005,3,19,-2,-43,1019,-5915
alpha 0.0005,3,20,-2,-45,1020,-5917
alpha 0.0005,3,21,-2,-47,1021,-5919
alpha 0.0005,3,22,-2,-49,1022,-5921
alpha 0.0005,3,23,-3,-52,1023,-5924
alpha 0.0005,3,24,-3,-55,1024,-5927
alpha 0.0005,3,25,-3,-58,1025,-5930
alpha 0.0005,3,26,-3,-61,1026,-5933
alpha 0.0005,3,27,-3,-64,1027,-5936
alpha 0.0005,3,28,-3,-67,1028,-5939
alpha 0.0005,3,29,-3,-70,1029,-5942
alpha 0.0005,3,30,-3,-73,1030,-5945
alpha 0.0005,3,31,-4,-77,1031,-5949
alpha 0.0005,3,32,-4,-81,1032,-5953
alpha 0.0005,3,33,-4,-85,1033,-5957
alpha 0.0005,3,34,-4,-89,1034,-5961
alpha 0.0005,3,35,-4,-93,1035,-5965
alpha 0.0005,3,36,-4,-97,1036,-5969
alpha 0.0005,3,37,-4,-101,1037,-5973
alpha 0.0005,3,38,-4,-105,1038,-5977
alpha 0.0005,3,39,-4,-109,1039,-5981
alpha 0.0005,3,40,-4,-113,1040,-5985
alpha 0.0005,3,41,-5,-118,1041,-5990
alpha 0.0005,3,42,-5,-123,1042,-5995
alpha 0.0005,3,43,-5,-128,1043,-6000
alpha 0.0005,3,44,-5,-133,1044,-6005
alpha 0.0005,3,45,-5,-138,1045,-6010
alpha 0.0005,3,46,-5,-143,1046,-6015
alpha 0.0005,3,47,-5,-148,1047,-6020
alpha 0.0005,3,48,-5,-153,1048,-6025
alpha 0.0005,3,49,-5,-158,1049,-6030
alpha 0.0005,3,50,-5,-163,1050,-6035
alpha 0.0005,3,51,-7,-170,1051,-6042
alpha 0.0005,3,52,-7,-177,1052,-6049
alpha 0.0005,3,53,-7,-184,1053,-6056
alpha 0.0005,3,54,-7,-191,1054,-6063
alpha 0.0005,3,55,-7,-198,1055,-6070
alpha 0.0005,3,56,-8,-206,1056,-6078
alpha 0.0005,3,57,-7,-213,1057,-6085
alpha 0.0005,3,58,-7,-220,1058,-6092
alpha 0.0005,3,59,-7,-227,1059,-6099
alpha 0.0005,3,60,-7,-234,1060,-6106
alpha 0.0005,3,61,-7,-241,1061,-6113
alpha 0.0005,3,62,-7,-248,1062,-6120
alpha 0.0005,3,63,-7,-255,1063,-6127
alpha 0.0005,3,64,-7,-262,1064,-6134
alpha 0.0005,3,65,-7,-269,1065,-6141
alpha 0.0005,3,66,-7,-276,1066,-6148
alpha 0.0005,3,67,-7,-283,1067,-6155
alpha 0.0005,3,68,-7,-290,1068,-6162
alpha 0.0005,3,69,-7,-297,1069,-6169
alpha 0.0005,3,70,-7,-304,1070,-6176
alpha 0.0005,3,71,-7,-311,1071,-6183
alpha 0.0005,3,72,-7,-318,1072,-6190
alpha 0.0005,3,73,-7,-325,1073,-6197
alpha 0.0005,3,74,-7,-332,1074,-6204
alpha 0.0005,3,75,-7,-339,1075,-6211
alpha 0.0005,3,76,-7,-346,1076,-6218
alpha 0.0005,3,77,-7,-353,1077,-6225
alpha 0.0005,3,78,-7,-360,1078,-6232
alpha 0.0005,3,79,-7,-367,1079,-6239
alpha 0.0005,3,80,-7,-374,1080,-6246
alpha 0.0005,3,81,-7,-381,1081,-6253
alpha 0.0005,3,82,-7,-388,1082,-6260
alpha 0.0005,3,83,-7,-395,1083,-6267
alpha 0.0005,3,84,-7,-402,1084,-6274
alpha 0.0005,3,85,-7,-409,1085,-6281
alpha 0.0005,3,86,-7,-416,1086,-6288
alpha 0.0005,3,87,-7,-423,1087,-6295
alpha 0.0005,3,88,-7,-430,1088,-6302
alpha 0.0005,3,89,-7,-437,1089,-6309
alpha 0.0005,3,90,-7,-444,1090,-6316
alpha 0.0005,3,91,-7,-451,1091,-6323
alpha 0.0005,3,92,-7,-458,1092,-6330
alpha 0.0005,3,93,-7,-465,1093,-6337
alpha 0.0005,3,94,-7,-472,1094,-6344
alpha 0.0005,3,95,-7,-479,1095,-6351
alpha 0.0005,3,96,-7,-486,1096,-6358
alpha 0.0005,3,97,-7,-493,1097,-6365
alpha 0.0005,3,98,-7,-500,1098,-6372
alpha 0.0005,3,99,-7,-507,1099,-6379
alpha 0.0005,3,100,-7,-514,1100,-6386
alpha 0.0005,3,101,-7,-521,1101,-6393
alpha 0.0005,3,102,-7,-528,1102,-6400
alpha 0.0005,3,103,-7,-535,1103,-6407
alpha 0.0005,3,104,-7,-542,1104,-6414
alpha 0.0005,3,105,-7,-549,1105,-6421
alpha 0.0005,3,106,-7,-556,1106,-6428
alpha 0.0005,3,107,-7,-563,1107,-6435
alpha 0.0005,3,108,-7,-570,1108,-6442
alpha 0.0005,3,109,-7,-577,1109,-6449
alpha 0.0005,3,110,-7,-584,1110,-6456
alpha 0.0005,3,111,-7,-591,1111,-6463
alpha 0.0005,3,112,-6,-597,1112,-6469
alpha 0.0005,3,113,-6,-603,1113,-6475
alpha 0.0005,3,114,-6,-609,1114,-6481
alpha 0.0005,3,115,-6,-615,1115,-6487
alpha 0.0005,3,116,-6,-621,1116,-6493
alpha 0.0005,3,117,-6,-627,1117,-6499
alpha 0.0005,3,118,-6,-633,1118,-6505
alpha 0.0005,3,119,-5,-638,1119,-6510
alpha 0.0005,3,120,-5,-643,1120,-6515
alpha 0.0005,3,121,-5,-648,1121,-6520
alpha 0.0005,3,122,-5,-653,1122,-6525
alpha 0.0005,3,123,-5,-658,1123,-6530
alpha 0.0005,3,124,-5,-663,1124,-6535
alpha 0.0005,3,125,-5,-668,1125,-6540
alpha 0.0005,3,126,-5,-673,1126,-6545
alpha 0.0005,3,127,-5,-678,1127,-6550
alpha 0.0005,3,128,-5,-683,1128,-6555
alpha 0.0005,3,129,-5,-688,1129,-6560
alpha 0.0005,3,130,-5,-693,1130,-6565
alpha 0.0005,3,131,-5,-698,1131,-6570
alpha 0.0005,3,132,-5,-703,1132,-6575
alpha 0.0005,3,133,-5,-708,1133,-6580
alpha 0.0005,3,134,-5,-713,1134,-6585
alpha 0.0005,3,135,-5,-718,1135,-6590
alpha 0.0005,3,136,-5,-723,1136,-6595
alpha 0.0005,3,137,-5,-728,1137,-6600
alpha 0.0005,3,138,-5,-733,1138,-6605
alpha 0.0005,3,139,-5,-738,1139,-6610
alpha 0.0005,3,140,-5,-743,1140,-6615
alpha 0.0005,3,141,-5,-748,1141,-6620
alpha 0.0005,3,142,-5,-753,1142,-6625
alpha 0.0005,3,143,-5,-758,1143,-6630
alpha 0.0005,3,144,-5,-763,1144,-6635
alpha 0.0005,3,145,-5,-768,1145,-6640
alpha 0.0005,3,146,-5,-773,1146,-6645
alpha 0.0005,3,147,-5,-778,1147,-6650
alpha 0.0005,3,148,-6,-784,1148,-6656
alpha 0.0005,3,149,-6,-790,1149,-6662
alpha 0.0005,3,150,-6,-796,1150,-6668
alpha 0.0005,3,151,-6,-802,1151,-6674
alpha 0.0005,3,152,-6,-808,1152,-6680
alpha 0.0005,3,153,-6,-814,1153,-6686
alpha 0.0005,3,154,-6,-820,1154,-6692
alpha 0.0005,3,155,-6,-826,1155,-6698
alpha 0.0005,3,156,-6,-832,1156,-6704
alpha 0.0005,3,157,-7,-839,1157,-6711
alpha 0.0005,3,158,-7,-846,1158,-6718
alpha 0.0005,3,159,-7,-853,1159,-6725
alpha 0.0005,3,160,-7,-860,1160,-6732
alpha 0.0005,3,161,-7,-867,1161,-6739
alpha 0.0005,3,162,-7,-874,1162,-6746
alpha 0.0005,3,163,-7,-881,1163,-6753
alpha 0.0005,3,164,-7,-888,1164,-6760
alpha 0.0005,3,165,-7,-895,1165,-6767
alpha 0.0005,3,166,-7,-902,1166,-6774
alpha 0.0005,3,167,-7,-909,1167,-6781
alpha 0.0005,3,168,-7,-916,1168,-6788
alpha 0.0005,3,169,-7,-923,1169,-6795
alpha 0.0005,3,170,-7,-930,1170,-6802
alpha 0.0005,3,171,-7,-937,1171,-6809
alpha 0.0005,3,172,-7,-944,1172,-6816
alpha 0.0005,3,173,-7,-951,1173,-6823
alpha 0.0005,3,174,-7,-958,1174,-6830
alpha 0.0005,3,175,-7,-965,1175,-6837
alpha 0.0005,3,176,-7,-972,1176,-6844
alpha 0.0005,3,177,-7,-979,1177,-6851
alpha 0.0005,3,178,-7,-986,1178,-6858
alpha 0.0005,3,179,-7,-993,1179,-6865
alpha 0.0005,3,180,-7,-1000,1180,-6872
alpha 0.0005,3,181,-7,-1007,1181,-6879
alpha 0.0005,3,182,-7,-1014,1182,-6886
alpha 0.0005,3,183,-7,-1021,1183,-6893
alpha 0.0005,3,184,-7,-1028,1184,-6900
alpha 0.0005,3,185,-7,-1035,1185,-6907
alpha 0.0005,3,186,-7,-1042,1186,-6914
alpha 0.0005,3,187,-7,-1049,1187,-6921
alpha 0.0005,3,188,-7,-1056,1188,-6928
alpha 0.0005,3,189,-5,-1061,1189,-6933
alpha 0.0005,3,190,-5,-1066,1190,-6938
alpha 0.0005,3,191,-5,-1071,1191,-6943
alpha 0.0005,3,192,-5,-1076,1192,-6948
alpha 0.0005,3,193,-5,-1081,1193,-6953
alpha 0.0005,3,194,-5,-1086,1194,-6958
alpha 0.0005,3,195,-5,-1091,1195,-6963
alpha 0.0005,3,196,-5,-1096,1196,-6968
alpha 0.0005,3,197,-7,-1103,1197,-6975
alpha 0.0005,3,198,-5,-1108,1198,-6980
alpha 0.0005,3,199,-5,-1113,1199,-6985
alpha 0.0005,3,200,-5,-1118,1200,-6990
alpha 0.0005,3,201,-5,-1123,1201,-6995
alpha 0.0005,3,202,-4,-1127,1202,-6999
alpha 0.0005,3,203,-4,-1131,1203,-7003
alpha 0.0005,3,204,-2,-1133,1204,-7005
alpha 0.0005,3,205,-3,-1136,1205,-7008
alpha 0.0005,3,206,-3,-1139,1206,-7011
alpha 0.0005,3,207,-2,-1141,1207,-7013
alpha 0.0005,3,208,-2,-1143,1208,-7015
alpha 0.0005,3,209,-2,-1145,1209,-7017
alpha 0.0005,3,210,-2,-1147,1210,-7019
alpha 0.0005,3,211,2,-1145,1211,-7017
alpha 0.0005,3,212,2,-1143,1212,-7015
alpha 0.0005,3,213,-1,-1144,1213,-7016
alpha 0.0005,3,214,-2,-1146,1214,-7018
alpha 0.0005,3,215,-2,-1148,1215,-7020
alpha 0.0005,3,216,-8,-1156,1216,-7028
alpha 0.0005,3,217,-8,-1164,1217,-7036
alpha 0.0005,3,218,-7,-1171,1218,-7043
alpha 0.0005,3,219,-7,-1178,1219,-7050
alpha 0.0005,3,220,-7,-1185,1220,-7057
alpha 0.0005,3,221,-7,-1192,1221,-7064
alpha 0.0005,3,222,-7,-1199,1222,-7071
alpha 0.0005,3,223,-7,-1206,1223,-7078
alpha 0.0005,3,224,-7,-1213,1224,-7085
alpha 0.0005,3,225,-7,-1220,1225,-7092
alpha 0.0005,3,226,-7,-1227,1226,-7099
alpha 0.0005,3,227,-7,-1234,1227,-7106
alpha 0.0005,3,228,-7,-1241,1228,-7113
alpha 0.0005,3,229,-7,-1248,1229,-7120
alpha 0.0005,3,230,-7,-1255,1230,-7127
alpha 0.0005,3,231,-7,-1262,1231,-7134
alpha 0.0005,3,232,-7,-1269,1232,-7141
alpha 0.0005,3,233,-7,-1276,1233,-7148
alpha 0.0005,3,234,-7,-1283,1234,-7155
alpha 0.0005,3,235,-7,-1290,1235,-7162
alpha 0.0005,3,236,-5,-1295,1236,-7167
alpha 0.0005,3,237,-5,-1300,1237,-7172
alpha 0.0005,3,238,-5,-1305,1238,-7177
alpha 0.0005,3,239,-4,-1309,1239,-7181
alpha 0.0005,3,240,-5,-1314,1240,-7186
alpha 0.0005,3,241,-6,-1320,1241,-7192
alpha 0.0005,3,242,-6,-1326,1242,-7198
alpha 0.0005,3,243,-6,-1332,1243,-7204
alpha 0.0005,3,244,-6,-1338,1244,-7210
alpha 0.0005,3,245,-5,-1343,1245,-7215
alpha 0.0005,3,246,-5,-1348,1246,-7220
alpha 0.0005,3,247,-5,-1353,1247,-7225
alpha 0.0005,3,248,-5,-1358,1248,-7230
alpha 0.0005,3,249,-5,-1363,1249,-7235
alpha 0.0005,3,250,-5,-1368,1250,-7240
alpha 0.0005,3,251,-3,-1371,1251,-7243
alpha 0.0005,3,252,-3,-1374,1252,-7246
alpha 0.0005,3,253,-2,-1376,1253,-7248
alpha 0.0005,3,254,-2,-1378,1254,-7250
alpha 0.0005,3,255,-2,-1380,1255,-7252
alpha 0.0005,3,256,-2,-1382,1256,-7254
alpha 0.0005,3,257,-2,-1384,1257,-7256
alpha 0.0005,3,258,-2,-1386,1258,-7258
alpha 0.0005,3,259,-2,-1388,1259,-7260
alpha 0.0005,3,260,-2,-1390,1260,-7262
alpha 0.0005,3,261,-2,-1392,1261,-7264
alpha 0.0005,3,262,-2,-1394,1262,-7266
alpha 0.0005,3,263,1,-1393,1263,-7265
alpha 0.0005,3,264,-1,-1394,1264,-7266
alpha 0.0005,3,265,1,-1393,1265,-7265
alpha 0.0005,3,266,1,-1392,1266,-7264
alpha 0.0005,3,267,-1,-1393,1267,-7265
alpha 0.0005,3,268,-1,-1394,1268,-7266
alpha 0.0005,3,269,-2,-1396,1269,-7268
alpha 0.0005,3,270,-2,-1398,1270,-7270
alpha 0.0005,3,271,-2,-1400,1271,-7272
alpha 0.0005,3,272,-2,-1402,1272,-7274
alpha 0.0005,3,273,-2,-1404,1273,-7276
alpha 0.0005,3,274,-2,-1406,1274,-7278
alpha 0.0005,3,275,-2,-1408,1275,-7280
alpha 0.0005,3,276,-2,-1410,1276,-7282
alpha 0.0005,3,277,-2,-1412,1277,-7284
alpha 0.0005,3,278,-3,-1415,1278,-7287
alpha 0.0005,3,279,-3,-1418,1279,-7290
alpha 0.0005,3,280,-3,-1421,1280,-7293
alpha 0.0005,3,281,-3,-1424,1281,-7296
alpha 0.0005,3,282,-3,-1427,1282,-7299
alpha 0.0005,3,283,-3,-1430,1283,-7302
alpha 0.0005,3,284,-3,-1433,1284,-7305
alpha 0.0005,3,285,-3,-1436,1285,-7308
alpha 0.0005,3,286,-3,-1439,1286,-7311
alpha 0.0005,3,287,-3,-1442,1287,-7314
alpha 0.0005,3,288,-3,-1445,1288,-7317
alpha 0.0005,3,289,-5,-1450,1289,-7322
alpha 0.0005,3,290,-5,-1455,1290,-7327
alpha 0.0005,3,291,-5,-1460,1291,-7332
alpha 0.0005,3,292,-5,-1465,1292,-7337
alpha 0.0005,3,293,-5,-1470,1293,-7342
alpha 0.0005,3,294,-5,-1475,1294,-7347
alpha 0.0005,3,295,-5,-1480,1295,-7352
alpha 0.0005,3,296,-5,-1485,1296,-7357
alpha 0.0005,3,297,-5,-1490,1297,-7362
alpha 0.0005,3,298,-5,-1495,1298,-7367
alpha 0.0005,3,299,-5,-1500,1299,-7372
alpha 0.0005,3,300,-6,-1506,1300,-7378
alpha 0.0005,3,301,-6,-1512,1301,-7384
alpha 0.0005,3,302,-6,-1518,1302,-7390
alpha 0.0005,3,303,-6,-1524,1303,-7396
alpha 0.0005,3,304,-6,-1530,1304,-7402
alpha 0.0005,3,305,-7,-1537,1305,-7409
alpha 0.0005,3,306,-7,-1544,1306,-7416
alpha 0.0005,3,307,-7,-1551,1307,-7423
alpha 0.0005,3,308,-7,-1558,1308,-7430
alpha 0.0005,3,309,-7,-1565,1309,-7437
alpha 0.0005,3,310,-7,-1572,1310,-7444
alpha 0.0005,3,311,-7,-1579,1311,-7451
alpha 0.0005,3,312,-7,-1586,1312,-7458
alpha 0.0005,3,313,-7,-1593,1313,-7465
alpha 0.0005,3,314,-7,-1600,1314,-7472
alpha 0.0005,3,315,-7,-1607,1315,-7479
alpha 0.0005,3,316,-7,-1614,1316,-7486
alpha 0.0005,3,317,-8,-1622,1317,-7494
alpha 0.0005,3,318,-8,-1630,1318,-7502
alpha 0.0005,3,319,-8,-1638,1319,-7510
alpha 0.0005,3,320,-8,-1646,1320,-7518
alpha 0.0005,3,321,-8,-1654,1321,-7526
alpha 0.0005,3,322,-10,-1664,1322,-7536
alpha 0.0005,3,323,-10,-1674,1323,-7546
alpha 0.0005,3,324,-10,-1684,1324,-7556
alpha 0.0005,3,325,-10,-1694,1325,-7566
alpha 0.0005,3,326,-10,-1704,1326,-7576
alpha 0.0005,3,327,-10,-1714,1327,-7586
alpha 0.0005,3,328,-10,-1724,1328,-7596
alpha 0.0005,3,329,-10,-1734,1329,-7606
alpha 0.0005,3,330,-10,-1744,1330,-7616
alpha 0.0005,3,331,-10,-1754,1331,-7626
alpha 0.0005,3,332,-10,-1764,1332,-7636
alpha 0.0005,3,333,-10,-1774,1333,-7646
alpha 0.0005,3,334,-10,-1784,1334,-7656
alpha 0.0005,3,335,-10,-1794,1335,-7666
alpha 0.0005,3,336,-10,-1804,1336,-7676
alpha 0.0005,3,337,-10,-1814,1337,-7686
alpha 0.0005,3,338,-10,-1824,1338,-7696
alpha 0.0005,3,339,-10,-1834,1339,-7706
alpha 0.0005,3,340,-10,-1844,1340,-7716
alpha 0.0005,3,341,-10,-1854,1341,-7726
alpha 0.0005,3,342,-10,-1864,1342,-7736
alpha 0.0005,3,343,-10,-1874,1343,-7746
alpha 0.0005,3,344,-10,-1884,1344,-7756
alpha 0.0005,3,345,-10,-1894,1345,-7766
alpha 0.0005,3,346,-10,-1904,1346,-7776
alpha 0.0005,3,347,-10,-1914,1347,-7786
alpha 0.0005,3,348,-10,-1924,1348,-7796
alpha 0.0005,3,349,-10,-1934,1349,-7806
alpha 0.0005,3,350,-10,-1944,1350,-7816
alpha 0.0005,3,351,-10,-1954,1351,-7826
alpha 0.0005,3,352,-10,-1964,1352,-7836
alpha 0.0005,3,353,-10,-1974,1353,-7846
alpha 0.0005,3,354,-10,-1984,1354,-7856
alpha 0.0005,3,355,-10,-1994,1355,-7866
alpha 0.0005,3,356,-10,-2004,1356,-7876
alpha 0.0005,3,357,-10,-2014,1357,-7886
alpha 0.0005,3,358,-10,-2024,1358,-7896
alpha 0.0005,3,359,-10,-2034,1359,-7906
alpha 0.0005,3,360,-10,-2044,1360,-7916
alpha 0.0005,3,361,-10,-2054,1361,-7926
alpha 0.0005,3,362,-10,-2064,1362,-7936
alpha 0.0005,3,363,-10,-2074,1363,-7946
alpha 0.0005,3,364,-10,-2084,1364,-7956
alpha 0.0005,3,365,-8,-2092,1365,-7964
alpha 0.0005,3,366,-8,-2100,1366,-7972
alpha 0.0005,3,367,-8,-2108,1367,-7980
alpha 0.0005,3,368,-7,-2115,1368,-7987
alpha 0.0005,3,369,-7,-2122,1369,-7994
alpha 0.0005,3,370,-7,-2129,1370,-8001
alpha 0.0005,3,371,-7,-2136,1371,-8008
alpha 0.0005,3,372,-7,-2143,1372,-8015
alpha 0.0005,3,373,-6,-2149,1373,-8021
alpha 0.0005,3,374,-6,-2155,1374,-8027
alpha 0.0005,3,375,-5,-2160,1375,-8032
alpha 0.0005,3,376,-5,-2165,1376,-8037
alpha 0.0005,3,377,-5,-2170,1377,-8042
alpha 0.0005,3,378,-5,-2175,1378,-8047
alpha 0.0005,3,379,-5,-2180,1379,-8052
alpha 0.0005,3,380,-6,-2186,1380,-8058
alpha 0.0005,3,381,-6,-2192,1381,-8064
alpha 0.0005,3,382,-7,-2199,1382,-8071
alpha 0.0005,3,383,-7,-2206,1383,-8078
alpha 0.0005,3,384,-7,-2213,1384,-8085
alpha 0.0005,3,385,-8,-2221,1385,-8093
alpha 0.0005,3,386,-8,-2229,1386,-8101
alpha 0.0005,3,387,-8,-2237,1387,-8109
alpha 0.0005,3,388,-10,-2247,1388,-8119
alpha 0.0005,3,389,-10,-2257,1389,-8129
alpha 0.0005,3,390,-10,-2267,1390,-8139
alpha 0.0005,3,391,-10,-2277,1391,-8149
alpha 0.0005,3,392,-10,-2287,1392,-8159
alpha 0.0005,3,393,-10,-2297,1393,-8169
alpha 0.0005,3,394,-10,-2307,1394,-8179
alpha 0.0005,3,395,-10,-2317,1395,-8189
alpha 0.0005,3,396,-10,-2327,1396,-8199
alpha 0.0005,3,397,-10,-2337,1397,-8209
alpha 0.0005,3,398,-3,-2340,1398,-8212
alpha 0.0005,3,399,-3,-2343,1399,-8215
alpha 0.0005,3,400,-5,-2348,1400,-8220
alpha 0.0005,3,401,-5,-2353,1401,-8225
alpha 0.0005,3,402,-7,-2360,1402,-8232
alpha 0.0005,3,403,-7,-2367,1403,-8239
alpha 0.0005,3,404,-8,-2375,1404,-8247
alpha 0.0005,3,405,-7,-2382,1405,-8254
alpha 0.0005,3,406,-7,-2389,1406,-8261
alpha 0.0005,3,407,-7,-2396,1407,-8268
alpha 0.0005,3,408,-7,-2403,1408,-8275
alpha 0.0005,3,409,-7,-2410,1409,-8282
alpha 0.0005,3,410,-7,-2417,1410,-8289
alpha 0.0005,3,411,-5,-2422,1411,-8294
alpha 0.0005,3,412,-4,-2426,1412,-8298
alpha 0.0005,3,413,-4,-2430,1413,-8302
alpha 0.0005,3,414,-8,-2438,1414,-8310
alpha 0.0005,3,415,-8,-2446,1415,-8318
alpha 0.0005,3,416,-8,-2454,1416,-8326
alpha 0.0005,3,417,-8,-2462,1417,-8334
alpha 0.0005,3,418,-8,-2470,1418,-8342
alpha 0.0005,3,419,-8,-2478,1419,-8350
alpha 0.0005,3,420,-8,-2486,1420,-8358
alpha 0.0005,3,421,-8,-2494,1421,-8366
alpha 0.0005,3,422,-8,-2502,1422,-8374
alpha 0.0005,3,423,-7,-2509,1423,-8381
alpha 0.0005,3,424,-7,-2516,1424,-8388
alpha 0.0005,3,425,-7,-2523,1425,-8395
alpha 0.0005,3,426,-7,-2530,1426,-8402
alpha 0.0005,3,427,-7,-2537,1427,-8409
alpha 0.0005,3,428,-7,-2544,1428,-8416
alpha 0.0005,3,429,-7,-2551,1429,-8423
alpha 0.0005,3,430,-7,-2558,1430,-8430
alpha 0.0005,3,431,-7,-2565,1431,-8437
alpha 0.0005,3,432,-7,-2572,1432,-8444
alpha 0.0005,3,433,-7,-2579,1433,-8451
alpha 0.0005,3,434,-7,-2586,1434,-8458
alpha 0.0005,3,435,-7,-2593,1435,-8465
alpha 0.0005,3,436,-7,-2600,1436,-8472
alpha 0.0005,3,437,-7,-2607,1437,-8479
alpha 0.0005,3,438,-7,-2614,1438,-8486
alpha 0.0005,3,439,-7,-2621,1439,-8493
alpha 0.0005,3,440,-7,-2628,1440,-8500
alpha 0.0005,3,441,-7,-2635,1441,-8507
alpha 0.0005,3,442,-7,-2642,1442,-8514
alpha 0.0005,3,443,-7,-2649,1443,-8521
alpha 0.0005,3,444,-7,-2656,1444,-8528
alpha 0.0005,3,445,-7,-2663,1445,-8535
alpha 0.0005,3,446,-7,-2670,1446,-8542
alpha 0.0005,3,447,-7,-2677,1447,-8549
alpha 0.0005,3,448,-6,-2683,1448,-8555
alpha 0.0005,3,449,-6,-2689,1449,-8561
alpha 0.0005,3,450,-6,-2695,1450,-8567
alpha 0.0005,3,451,-6,-2701,1451,-8573
alpha 0.0005,3,452,-6,-2707,1452,-8579
alpha 0.0005,3,453,-6,-2713,1453,-8585
alpha 0.0005,3,454,-6,-2719,1454,-8591
alpha 0.0005,3,455,-6,-2725,1455,-8597
alpha 0.0005,3,456,-6,-2731,1456,-8603
alpha 0.0005,3,457,-6,-2737,1457,-8609
alpha 0.0005,3,458,-5,-2742,1458,-8614
alpha 0.0005,3,459,-5,-2747,1459,-8619
alpha 0.0005,3,460,-5,-2752,1460,-8624
alpha 0.0005,3,461,-5,-2757,1461,-8629
alpha 0.0005,3,462,-5,-2762,1462,-8634
alpha 0.0005,3,463,-5,-2767,1463,-8639
alpha 0.0005,3,464,-5,-2772,1464,-8644
alpha 0.0005,3,465,-5,-2777,1465,-8649
alpha 0.0005,3,466,-5,-2782,1466,-8654
alpha 0.0005,3,467,-5,-2787,1467,-8659
alpha 0.0005,3,468,-5,-2792,1468,-8664
alpha 0.0005,3,469,-5,-2797,1469,-8669
alpha 0.0005,3,470,-5,-2802,1470,-8674
alpha 0.0005,3,471,-5,-2807,1471,-8679
alpha 0.0005,3,472,-5,-2812,1472,-8684
alpha 0.0005,3,473,-5,-2817,1473,-8689
alpha 0.0005,3,474,-5,-2822,1474,-8694
alpha 0.0005,3,475,-5,-2827,1475,-8699
alpha 0.0005,3,476,-5,-2832,1476,-8704
alpha 0.0005,3,477,-5,-2837,1477,-8709
alpha 0.0005,3,478,-5,-2842,1478,-8714
alpha 0.0005,3,479,-5,-2847,1479,-8719
alpha 0.0005,3,480,-5,-2852,1480,-8724
alpha 0.0005,3,481,-5,-2857,1481,-8729
alpha 0.0005,3,482,-5,-2862,1482,-8734
alpha 0.0005,3,483,-5,-2867,1483,-8739
alpha 0.0005,3,484,-5,-2872,1484,-8744
alpha 0.0005,3,485,-5,-2877,1485,-8749
alpha 0.0005,3,486,-5,-2882,1486,-8754
alpha 0.0005,3,487,-6,-2888,1487,-8760
alpha 0.0005,3,488,-6,-2894,1488,-8766
alpha 0.0005,3,489,-6,-2900,1489,-8772
alpha 0.0005,3,490,-5,-2905,1490,-8777
alpha 0.0005,3,491,-5,-2910,1491,-8782
alpha 0.0005,3,492,-5,-2915,1492,-8787
alpha 0.0005,3,493,-5,-2920,1493,-8792
alpha 0.0005,3,494,-5,-2925,1494,-8797
alpha 0.0005,3,495,-5,-2930,1495,-8802
alpha 0.0005,3,496,-5,-2935,1496,-8807
alpha 0.0005,3,497,-5,-2940,1497,-8812
alpha 0.0005,3,498,-5,-2945,1498,-8817
alpha 0.0005,3,499,-5,-2950,1499,-8822
alpha 0.0005,3,500,-5,-2955,1500,-8827
alpha 0.0005,4,1,2,2,1501,-8825
alpha 0.0005,4,2,1,3,1502,-8824
alpha 0.0005,4,3,1,4,1503,-8823
alpha 0.0005,4,4,1,5,1504,-8822
alpha 0.0005,4,5,1,6,1505,-8821
alpha 0.0005,4,6,1,7,1506,-8820
alpha 0.0005,4,7,-1,6,1507,-8821
alpha 0.0005,4,8,-1,5,1508,-8822
alpha 0.0005,4,9,-2,3,1509,-8824
alpha 0.0005,4,10,-2,1,1510,-8826
alpha 0.0005,4,11,-2,-1,1511,-8828
alpha 0.0005,4,12,-2,-3,1512,-8830
alpha 0.0005,4,13,-2,-5,1513,-8832
alpha 0.0005,4,14,-3,-8,1514,-8835
alpha 0.0005,4,15,-3,-11,1515,-8838
alpha 0.0005,4,16,-3,-14,1516,-8841
alpha 0.0005,4,17,-3,-17,1517,-8844
alpha 0.0005,4,18,-5,-22,1518,-8849
alpha 0.0005,4,19,-3,-25,1519,-8852
alpha 0.0005,4,20,-3,-28,1520,-8855
alpha 0.0005,4,21,-3,-31,1521,-8858
alpha 0.0005,4,22,-3,-34,1522,-8861
alpha 0.0005,4,23,-3,-37,1523,-8864
alpha 0.0005,4,24,-3,-40,1524,-8867
alpha 0.0005,4,25,-3,-43,1525,-8870
alpha 0.0005,4,26,-3,-46,1526,-8873
alpha 0.0005,4,27,-5,-51,1527,-8878
alpha 0.0005,4,28,-5,-56,1528,-8883
alpha 0.0005,4,29,-5,-61,1529,-8888
alpha 0.0005,4,30,-5,-66,1530,-8893
alpha 0.0005,4,31,-5,-71,1531,-8898
alpha 0.0005,4,32,-5,-76,1532,-8903
alpha 0.0005,4,33,-5,-81,1533,-8908
alpha 0.0005,4,34,-5,-86,1534,-8913
alpha 0.0005,4,35,-5,-91,1535,-8918
alpha 0.0005,4,36,-5,-96,1536,-8923
alpha 0.0005,4,37,-5,-101,1537,-8928
alpha 0.0005,4,38,-5,-106,1538,-8933
alpha 0.0005,4,39,-5,-111,1539,-8938
alpha 0.0005,4,40,-5,-116,1540,-8943
alpha 0.0005,4,41,-5,-121,1541,-8948
alpha 0.0005,4,42,-5,-126,1542,-8953
alpha 0.0005,4,43,-5,-131,1543,-8958
alpha 0.0005,4,44,-5,-136,1544,-8963
alpha 0.0005,4,45,-5,-141,1545,-8968
alpha 0.0005,4,46,-5,-146,1546,-8973
alpha 0.0005,4,47,-5,-151,1547,-8978
alpha 0.0005,4,48,-5,-156,1548,-8983
alpha 0.0005,4,49,-5,-161,1549,-8988
alpha 0.0005,4,50,-5,-166,1550,-8993
alpha 0.0005,4,51,-5,-171,1551,-8998
alpha 0.0005,4,52,-5,-176,1552,-9003
alpha 0.0005,4,53,-5,-181,1553,-9008
alpha 0.0005,4,54,-5,-186,1554,-9013
alpha 0.0005,4,55,-5,-191,1555,-9018
alpha 0.0005,4,56,-5,-196,1556,-9023
alpha 0.0005,4,57,-6,-202,1557,-9029
alpha 0.0005,4,58,-6,-208,1558,-9035
alpha 0.0005,4,59,-6,-214,1559,-9041
alpha 0.0005,4,60,-6,-220,1560,-9047
alpha 0.0005,4,61,-6,-226,1561,-9053
alpha 0.0005,4,62,-6,-232,1562,-9059
alpha 0.0005,4,63,-7,-239,1563,-9066
alpha 0.0005,4,64,-7,-246,1564,-9073
alpha 0.0005,4,65,-7,-253,1565,-9080
alpha 0.0005,4,66,-7,-260,1566,-9087
alpha 0.0005,4,67,-7,-267,1567,-9094
alpha 0.0005,4,68,-7,-274,1568,-9101
alpha 0.0005,4,69,-7,-281,1569,-9108
alpha 0.0005,4,70,-7,-288,1570,-9115
alpha 0.0005,4,71,-8,-296,1571,-9123
alpha 0.0005,4,72,-8,-304,1572,-9131
alpha 0.0005,4,73,-10,-314,1573,-9141
alpha 0.0005,4,74,-10,-324,1574,-9151
alpha 0.0005,4,75,-10,-334,1575,-9161
alpha 0.0005,4,76,-10,-344,1576,-9171
alpha 0.0005,4,77,-10,-354,1577,-9181
alpha 0.0005,4,78,-10,-364,1578,-9191
alpha 0.0005,4,79,-10,-374,1579,-9201
alpha 0.0005,4,80,-10,-384,1580,-9211
alpha 0.0005,4,81,-10,-394,1581,-9221
alpha 0.0005,4,82,-10,-404,1582,-9231
alpha 0.0005,4,83,-10,-414,1583,-9241
alpha 0.0005,4,84,-10,-424,1584,-9251
alpha 0.0005,4,85,-10,-434,1585,-9261
alpha 0.0005,4,86,-10,-444,1586,-9271
alpha 0.0005,4,87,-10,-454,1587,-9281
alpha 0.0005,4,88,-10,-464,1588,-9291
alpha 0.0005,4,89,-10,-474,1589,-9301
alpha 0.0005,4,90,-10,-484,1590,-9311
alpha 0.0005,4,91,-10,-494,1591,-9321
alpha 0.0005,4,92,-10,-504,1592,-9331
alpha 0.0005,4,93,-10,-514,1593,-9341
alpha 0.0005,4,94,-10,-524,1594,-9351
alpha 0.0005,4,95,-10,-534,1595,-9361
alpha 0.0005,4,96,-10,-544,1596,-9371
alpha 0.0005,4,97,-10,-554,1597,-9381
alpha 0.0005,4,98,-10,-564,1598,-9391
alpha 0.0005,4,99,-10,-574,1599,-9401
alpha 0.0005,4,100,-10,-584,1600,-9411
alpha 0.0005,4,101,-10,-594,1601,-9421
alpha 0.0005,4,102,-10,-604,1602,-9431
alpha 0.0005,4,103,-10,-614,1603,-9441
alpha 0.0005,4,104,-10,-624,1604,-9451
alpha 0.0005,4,105,-10,-634,1605,-9461
alpha 0.0005,4,106,-10,-644,1606,-9471
alpha 0.0005,4,107,-10,-654,1607,-9481
alpha 0.0005,4,108,-10,-664,1608,-9491
alpha 0.0005,4,109,-10,-674,1609,-9501
alpha 0.0005,4,110,-10,-684,1610,-9511
alpha 0.0005,4,111,-10,-694,1611,-9521
alpha 0.0005,4,112,-10,-704,1612,-9531
alpha 0.0005,4,113,-10,-714,1613,-9541
alpha 0.0005,4,114,-10,-724,1614,-9551
alpha 0.0005,4,115,-10,-734,1615,-9561
alpha 0.0005,4,116,-10,-744,1616,-9571
alpha 0.0005,4,117,-10,-754,1617,-9581
alpha 0.0005,4,118,-8,-762,1618,-9589
alpha 0.0005,4,119,-8,-770,1619,-9597
alpha 0.0005,4,120,-7,-777,1620,-9604
alpha 0.0005,4,121,-7,-784,1621,-9611
alpha 0.0005,4,122,-7,-791,1622,-9618
alpha 0.0005,4,123,-6,-797,1623,-9624
alpha 0.0005,4,124,-5,-802,1624,-9629
alpha 0.0005,4,125,-5,-807,1625,-9634
alpha 0.0005,4,126,-5,-812,1626,-9639
alpha 0.0005,4,127,-6,-818,1627,-9645
alpha 0.0005,4,128,-7,-825,1628,-9652
alpha 0.0005,4,129,-7,-832,1629,-9659
alpha 0.0005,4,130,-8,-840,1630,-9667
alpha 0.0005,4,131,-8,-848,1631,-9675
alpha 0.0005,4,132,-10,-858,1632,-9685
alpha 0.0005,4,133,-10,-868,1633,-9695
alpha 0.0005,4,134,-10,-878,1634,-9705
alpha 0.0005,4,135,-10,-888,1635,-9715
alpha 0.0005,4,136,-10,-898,1636,-9725
alpha 0.0005,4,137,-10,-908,1637,-9735
alpha 0.0005,4,138,-10,-918,1638,-9745
alpha 0.0005,4,139,-10,-928,1639,-9755
alpha 0.0005,4,140,-10,-938,1640,-9765
alpha 0.0005,4,141,-10,-948,1641,-9775
alpha 0.0005,4,142,-10,-958,1642,-9785
alpha 0.0005,4,143,-10,-968,1643,-9795
alpha 0.0005,4,144,-10,-978,1644,-9805
alpha 0.0005,4,145,-10,-988,1645,-9815
alpha 0.0005,4,146,-10,-998,1646,-9825
alpha 0.0005,4,147,-10,-1008,1647,-9835
alpha 0.0005,4,148,-10,-1018,1648,-9845
alpha 0.0005,4,149,-10,-1028,1649,-9855
alpha 0.0005,4,150,-10,-1038,1650,-9865
alpha 0.0005,4,151,-10,-1048,1651,-9875
alpha 0.0005,4,152,-10,-1058,1652,-9885
alpha 0.0005,4,153,-10,-1068,1653,-9895
alpha 0.0005,4,154,-10,-1078,1654,-9905
alpha 0.0005,4,155,-10,-1088,1655,-9915
alpha 0.0005,4,156,-10,-1098,1656,-9925
alpha 0.0005,4,157,-10,-1108,1657,-9935
alpha 0.0005,4,158,-10,-1118,1658,-9945
alpha 0.0005,4,159,-10,-1128,1659,-9955
alpha 0.0005,4,160,-8,-1136,1660,-9963
alpha 0.0005,4,161,-8,-1144,1661,-9971
alpha 0.0005,4,162,-8,-1152,1662,-9979
alpha 0.0005,4,163,-8,-1160,1663,-9987
alpha 0.0005,4,164,-8,-1168,1664,-9995
alpha 0.0005,4,165,-7,-1175,1665,-10002
alpha 0.0005,4,166,-8,-1183,1666,-10010
alpha 0.0005,4,167,-10,-1193,1667,-10020
alpha 0.0005,4,168,-10,-1203,1668,-10030
alpha 0.0005,4,169,-8,-1211,1669,-10038
alpha 0.0005,4,170,-8,-1219,1670,-10046
alpha 0.0005,4,171,-8,-1227,1671,-10054
alpha 0.0005,4,172,-7,-1234,1672,-10061
alpha 0.0005,4,173,-7,-1241,1673,-10068
alpha 0.0005,4,174,-7,-1248,1674,-10075
alpha 0.0005,4,175,-7,-1255,1675,-10082
alpha 0.0005,4,176,-6,-1261,1676,-10088
alpha 0.0005,4,177,-6,-1267,1677,-10094
alpha 0.0005,4,178,-6,-1273,1678,-10100
alpha 0.0005,4,179,-6,-1279,1679,-10106
alpha 0.0005,4,180,-6,-1285,1680,-10112
alpha 0.0005,4,181,-5,-1290,1681,-10117
alpha 0.0005,4,182,-5,-1295,1682,-10122
alpha 0.0005,4,183,-5,-1300,1683,-10127
alpha 0.0005,4,184,-5,-1305,1684,-10132
alpha 0.0005,4,185,-6,-1311,1685,-10138
alpha 0.0005,4,186,-7,-1318,1686,-10145
alpha 0.0005,4,187,-7,-1325,1687,-10152
alpha 0.0005,4,188,-6,-1331,1688,-10158
alpha 0.0005,4,189,-5,-1336,1689,-10163
alpha 0.0005,4,190,-5,-1341,1690,-10168
alpha 0.0005,4,191,-5,-1346,1691,-10173
alpha 0.0005,4,192,-5,-1351,1692,-10178
alpha 0.0005,4,193,-5,-1356,1693,-10183
alpha 0.0005,4,194,-5,-1361,1694,-10188
alpha 0.0005,4,195,-5,-1366,1695,-10193
alpha 0.0005,4,196,-5,-1371,1696,-10198
alpha 0.0005,4,197,-5,-1376,1697,-10203
alpha 0.0005,4,198,-5,-1381,1698,-10208
alpha 0.0005,4,199,-3,-1384,1699,-10211
alpha 0.0005,4,200,-3,-1387,1700,-10214
alpha 0.0005,4,201,-3,-1390,1701,-10217
alpha 0.0005,4,202,-5,-1395,1702,-10222
alpha 0.0005,4,203,-3,-1398,1703,-10225
alpha 0.0005,4,204,-3,-1401,1704,-10228
alpha 0.0005,4,205,-3,-1404,1705,-10231
alpha 0.0005,4,206,-3,-1407,1706,-10234
alpha 0.0005,4,207,-3,-1410,1707,-10237
alpha 0.0005,4,208,-8,-1418,1708,-10245
alpha 0.0005,4,209,-8,-1426,1709,-10253
alpha 0.0005,4,210,-8,-1434,1710,-10261
alpha 0.0005,4,211,-8,-1442,1711,-10269
alpha 0.0005,4,212,-6,-1448,1712,-10275
alpha 0.0005,4,213,-5,-1453,1713,-10280
alpha 0.0005,4,214,-5,-1458,1714,-10285
alpha 0.0005,4,215,-5,-1463,1715,-10290
alpha 0.0005,4,216,-5,-1468,1716,-10295
alpha 0.0005,4,217,-5,-1473,1717,-10300
alpha 0.0005,4,218,-5,-1478,1718,-10305
alpha 0.0005,4,219,-5,-1483,1719,-10310
alpha 0.0005,4,220,-5,-1488,1720,-10315
alpha 0.0005,4,221,-5,-1493,1721,-10320
alpha 0.0005,4,222,-5,-1498,1722,-10325
alpha 0.0005,4,223,-5,-1503,1723,-10330
alpha 0.0005,4,224,-4,-1507,1724,-10334
alpha 0.0005,4,225,-4,-1511,1725,-10338
alpha 0.0005,4,226,-4,-1515,1726,-10342
alpha 0.0005,4,227,-4,-1519,1727,-10346
alpha 0.0005,4,228,-4,-1523,1728,-10350
alpha 0.0005,4,229,-4,-1527,1729,-10354
alpha 0.0005,4,230,-4,-1531,1730,-10358
alpha 0.0005,4,231,-5,-1536,1731,-10363
alpha 0.0005,4,232,-5,-1541,1732,-10368
alpha 0.0005,4,233,-5,-1546,1733,-10373
alpha 0.0005,4,234,-5,-1551,1734,-10378
alpha 0.0005,4,235,-5,-1556,1735,-10383
alpha 0.0005,4,236,-5,-1561,1736,-10388
alpha 0.0005,4,237,-5,-1566,1737,-10393
alpha 0.0005,4,238,-5,-1571,1738,-10398
alpha 0.0005,4,239,-7,-1578,1739,-10405
alpha 0.0005,4,240,-7,-1585,1740,-10412
alpha 0.0005,4,241,-7,-1592,1741,-10419
alpha 0.0005,4,242,-7,-1599,1742,-10426
alpha 0.0005,4,243,-6,-1605,1743,-10432
alpha 0.0005,4,244,-6,-1611,1744,-10438
alpha 0.0005,4,245,-6,-1617,1745,-10444
alpha 0.0005,4,246,-6,-1623,1746,-10450
alpha 0.0005,4,247,-6,-1629,1747,-10456
alpha 0.0005,4,248,-6,-1635,1748,-10462
alpha 0.0005,4,249,-6,-1641,1749,-10468
alpha 0.0005,4,250,-6,-1647,1750,-10474
alpha 0.0005,4,251,-6,-1653,1751,-10480
alpha 0.0005,4,252,-5,-1658,1752,-10485
alpha 0.0005,4,253,-5,-1663,1753,-10490
alpha 0.0005,4,254,-5,-1668,1754,-10495
alpha 0.0005,4,255,-5,-1673,1755,-10500
alpha 0.0005,4,256,-5,-1678,1756,-10505
alpha 0.0005,4,257,-5,-1683,1757,-10510
alpha 0.0005,4,258,-5,-1688,1758,-10515
alpha 0.0005,4,259,-5,-1693,1759,-10520
alpha 0.0005,4,260,-5,-1698,1760,-10525
alpha 0.0005,4,261,-5,-1703,1761,-10530
alpha 0.0005,4,262,-5,-1708,1762,-10535
alpha 0.0005,4,263,-5,-1713,1763,-10540
alpha 0.0005,4,264,-5,-1718,1764,-10545
alpha 0.0005,4,265,-5,-1723,1765,-10550
alpha 0.0005,4,266,-5,-1728,1766,-10555
alpha 0.0005,4,267,-5,-1733,1767,-10560
alpha 0.0005,4,268,-5,-1738,1768,-10565
alpha 0.0005,4,269,-5,-1743,1769,-10570
alpha 0.0005,4,270,-5,-1748,1770,-10575
alpha 0.0005,4,271,-5,-1753,1771,-10580
alpha 0.0005,4,272,-5,-1758,1772,-10585
alpha 0.0005,4,273,-5,-1763,1773,-10590
alpha 0.0005,4,274,-5,-1768,1774,-10595
alpha 0.0005,4,275,-5,-1773,1775,-10600
alpha 0.0005,4,276,-5,-1778,1776,-10605
alpha 0.0005,4,277,-5,-1783,1777,-10610
alpha 0.0005,4,278,-5,-1788,1778,-10615
alpha 0.0005,4,279,-5,-1793,1779,-10620
alpha 0.0005,4,280,-5,-1798,1780,-10625
alpha 0.0005,4,281,-5,-1803,1781,-10630
alpha 0.0005,4,282,-5,-1808,1782,-10635
alpha 0.0005,4,283,-5,-1813,1783,-10640
alpha 0.0005,4,284,-5,-1818,1784,-10645
alpha 0.0005,4,285,-5,-1823,1785,-10650
alpha 0.0005,4,286,-5,-1828,1786,-10655
alpha 0.0005,4,287,-5,-1833,1787,-10660
alpha 0.0005,4,288,-5,-1838,1788,-10665
alpha 0.0005,4,289,-5,-1843,1789,-10670
alpha 0.0005,4,290,-5,-1848,1790,-10675
alpha 0.0005,4,291,-5,-1853,1791,-10680
alpha 0.0005,4,292,-5,-1858,1792,-10685
alpha 0.0005,4,293,-5,-1863,1793,-10690
alpha 0.0005,4,294,-5,-1868,1794,-10695
alpha 0.0005,4,295,-5,-1873,1795,-10700
alpha 0.0005,4,296,-5,-1878,1796,-10705
alpha 0.0005,4,297,-5,-1883,1797,-10710
alpha 0.0005,4,298,-5,-1888,1798,-10715
alpha 0.0005,4,299,-5,-1893,1799,-10720
alpha 0.0005,4,300,-5,-1898,1800,-10725
alpha 0.0005,4,301,-5,-1903,1801,-10730
alpha 0.0005,4,302,-5,-1908,1802,-10735
alpha 0.0005,4,303,-5,-1913,1803,-10740
alpha 0.0005,4,304,-5,-1918,1804,-10745
alpha 0.0005,4,305,-5,-1923,1805,-10750
alpha 0.0005,4,306,-6,-1929,1806,-10756
alpha 0.0005,4,307,-6,-1935,1807,-10762
alpha 0.0005,4,308,-6,-1941,1808,-10768
alpha 0.0005,4,309,-6,-1947,1809,-10774
alpha 0.0005,4,310,-6,-1953,1810,-10780
alpha 0.0005,4,311,-6,-1959,1811,-10786
alpha 0.0005,4,312,-6,-1965,1812,-10792
alpha 0.0005,4,313,-6,-1971,1813,-10798
alpha 0.0005,4,314,-6,-1977,1814,-10804
alpha 0.0005,4,315,-6,-1983,1815,-10810
alpha 0.0005,4,316,-7,-1990,1816,-10817
alpha 0.0005,4,317,-7,-1997,1817,-10824
alpha 0.0005,4,318,-7,-2004,1818,-10831
alpha 0.0005,4,319,-7,-2011,1819,-10838
alpha 0.0005,4,320,-5,-2016,1820,-10843
alpha 0.0005,4,321,-5,-2021,1821,-10848
alpha 0.0005,4,322,-4,-2025,1822,-10852
alpha 0.0005,4,323,-4,-2029,1823,-10856
alpha 0.0005,4,324,-4,-2033,1824,-10860
alpha 0.0005,4,325,-4,-2037,1825,-10864
alpha 0.0005,4,326,-4,-2041,1826,-10868
alpha 0.0005,4,327,-5,-2046,1827,-10873
alpha 0.0005,4,328,-5,-2051,1828,-10878
alpha 0.0005,4,329,-5,-2056,1829,-10883
alpha 0.0005,4,330,-4,-2060,1830,-10887
alpha 0.0005,4,331,-4,-2064,1831,-10891
alpha 0.0005,4,332,-4,-2068,1832,-10895
alpha 0.0005,4,333,-4,-2072,1833,-10899
alpha 0.0005,4,334,-4,-2076,1834,-10903
alpha 0.0005,4,335,-4,-2080,1835,-10907
alpha 0.0005,4,336,-4,-2084,1836,-10911
alpha 0.0005,4,337,-4,-2088,1837,-10915
alpha 0.0005,4,338,-4,-2092,1838,-10919
alpha 0.0005,4,339,-4,-2096,1839,-10923
alpha 0.0005,4,340,-4,-2100,1840,-10927
alpha 0.0005,4,341,-4,-2104,1841,-10931
alpha 0.0005,4,342,-5,-2109,1842,-10936
alpha 0.0005,4,343,-5,-2114,1843,-10941
alpha 0.0005,4,344,-5,-2119,1844,-10946
alpha 0.0005,4,345,-5,-2124,1845,-10951
alpha 0.0005,4,346,-5,-2129,1846,-10956
alpha 0.0005,4,347,-5,-2134,1847,-10961
alpha 0.0005,4,348,-6,-2140,1848,-10967
alpha 0.0005,4,349,-6,-2146,1849,-10973
alpha 0.0005,4,350,-6,-2152,1850,-10979
alpha 0.0005,4,351,-6,-2158,1851,-10985
alpha 0.0005,4,352,-6,-2164,1852,-10991
alpha 0.0005,4,353,-6,-2170,1853,-10997
alpha 0.0005,4,354,-6,-2176,1854,-11003
alpha 0.0005,4,355,-6,-2182,1855,-11009
alpha 0.0005,4,356,-6,-2188,1856,-11015
alpha 0.0005,4,357,-8,-2196,1857,-11023
alpha 0.0005,4,358,-8,-2204,1858,-11031
alpha 0.0005,4,359,-8,-2212,1859,-11039
alpha 0.0005,4,360,-8,-2220,1860,-11047
alpha 0.0005,4,361,-8,-2228,1861,-11055
alpha 0.0005,4,362,-10,-2238,1862,-11065
alpha 0.0005,4,363,-8,-2246,1863,-11073
alpha 0.0005,4,364,-8,-2254,1864,-11081
alpha 0.0005,4,365,-8,-2262,1865,-11089
alpha 0.0005,4,366,-10,-2272,1866,-11099
alpha 0.0005,4,367,-10,-2282,1867,-11109
alpha 0.0005,4,368,-10,-2292,1868,-11119
alpha 0.0005,4,369,-10,-2302,1869,-11129
alpha 0.0005,4,370,-10,-2312,1870,-11139
alpha 0.0005,4,371,-10,-2322,1871,-11149
alpha 0.0005,4,372,-10,-2332,1872,-11159
alpha 0.0005,4,373,-10,-2342,1873,-11169
alpha 0.0005,4,374,-10,-2352,1874,-11179
alpha 0.0005,4,375,-10,-2362,1875,-11189
alpha 0.0005,4,376,-10,-2372,1876,-11199
alpha 0.0005,4,377,-10,-2382,1877,-11209
alpha 0.0005,4,378,-10,-2392,1878,-11219
alpha 0.0005,4,379,-10,-2402,1879,-11229
alpha 0.0005,4,380,-10,-2412,1880,-11239
alpha 0.0005,4,381,-10,-2422,1881,-11249
alpha 0.0005,4,382,-10,-2432,1882,-11259
alpha 0.0005,4,383,-10,-2442,1883,-11269
alpha 0.0005,4,384,-10,-2452,1884,-11279
alpha 0.0005,4,385,-10,-2462,1885,-11289
alpha 0.0005,4,386,-10,-2472,1886,-11299
alpha 0.0005,4,387,-10,-2482,1887,-11309
alpha 0.0005,4,388,-8,-2490,1888,-11317
alpha 0.0005,4,389,-8,-2498,1889,-11325
alpha 0.0005,4,390,-8,-2506,1890,-11333
alpha 0.0005,4,391,-8,-2514,1891,-11341
alpha 0.0005,4,392,-8,-2522,1892,-11349
alpha 0.0005,4,393,-8,-2530,1893,-11357
alpha 0.0005,4,394,-8,-2538,1894,-11365
alpha 0.0005,4,395,-8,-2546,1895,-11373
alpha 0.0005,4,396,-8,-2554,1896,-11381
alpha 0.0005,4,397,-8,-2562,1897,-11389
alpha 0.0005,4,398,-8,-2570,1898,-11397
alpha 0.0005,4,399,-8,-2578,1899,-11405
alpha 0.0005,4,400,-8,-2586,1900,-11413
alpha 0.0005,4,401,-7,-2593,1901,-11420
alpha 0.0005,4,402,-7,-2600,1902,-11427
alpha 0.0005,4,403,-7,-2607,1903,-11434
alpha 0.0005,4,404,-7,-2614,1904,-11441
alpha 0.0005,4,405,-7,-2621,1905,-11448
alpha 0.0005,4,406,-7,-2628,1906,-11455
alpha 0.0005,4,407,-7,-2635,1907,-11462
alpha 0.0005,4,408,-7,-2642,1908,-11469
alpha 0.0005,4,409,-7,-2649,1909,-11476
alpha 0.0005,4,410,-7,-2656,1910,-11483
alpha 0.0005,4,411,-6,-2662,1911,-11489
alpha 0.0005,4,412,-6,-2668,1912,-11495
alpha 0.0005,4,413,-6,-2674,1913,-11501
alpha 0.0005,4,414,-5,-2679,1914,-11506
alpha 0.0005,4,415,-5,-2684,1915,-11511
alpha 0.0005,4,416,-5,-2689,1916,-11516
alpha 0.0005,4,417,-5,-2694,1917,-11521
alpha 0.0005,4,418,-5,-2699,1918,-11526
alpha 0.0005,4,419,-5,-2704,1919,-11531
alpha 0.0005,4,420,-5,-2709,1920,-11536
alpha 0.0005,4,421,-5,-2714,1921,-11541
alpha 0.0005,4,422,-5,-2719,1922,-11546
alpha 0.0005,4,423,-5,-2724,1923,-11551
alpha 0.0005,4,424,-5,-2729,1924,-11556
alpha 0.0005,4,425,-6,-2735,1925,-11562
alpha 0.0005,4,426,-6,-2741,1926,-11568
alpha 0.0005,4,427,-7,-2748,1927,-11575
alpha 0.0005,4,428,-7,-2755,1928,-11582
alpha 0.0005,4,429,-7,-2762,1929,-11589
alpha 0.0005,4,430,-7,-2769,1930,-11596
alpha 0.0005,4,431,-7,-2776,1931,-11603
alpha 0.0005,4,432,-7,-2783,1932,-11610
alpha 0.0005,4,433,-7,-2790,1933,-11617
alpha 0.0005,4,434,-7,-2797,1934,-11624
alpha 0.0005,4,435,-7,-2804,1935,-11631
alpha 0.0005,4,436,-8,-2812,1936,-11639
alpha 0.0005,4,437,-8,-2820,1937,-11647
alpha 0.0005,4,438,-8,-2828,1938,-11655
alpha 0.0005,4,439,-8,-2836,1939,-11663
alpha 0.0005,4,440,-8,-2844,1940,-11671
alpha 0.0005,4,441,-8,-2852,1941,-11679
alpha 0.0005,4,442,-8,-2860,1942,-11687
alpha 0.0005,4,443,-8,-2868,1943,-11695
alpha 0.0005,4,444,-10,-2878,1944,-11705
alpha 0.0005,4,445,-10,-2888,1945,-11715
alpha 0.0005,4,446,-10,-2898,1946,-11725
alpha 0.0005,4,447,-10,-2908,1947,-11735
alpha 0.0005,4,448,-10,-2918,1948,-11745
alpha 0.0005,4,449,-10,-2928,1949,-11755
alpha 0.0005,4,450,-10,-2938,1950,-11765
alpha 0.0005,4,451,-10,-2948,1951,-11775
alpha 0.0005,4,452,-10,-2958,1952,-11785
alpha 0.0005,4,453,-10,-2968,1953,-11795
alpha 0.0005,4,454,-10,-2978,1954,-11805
alpha 0.0005,4,455,-10,-2988,1955,-11815
alpha 0.0005,4,456,-10,-2998,1956,-11825
alpha 0.0005,4,457,-10,-3008,1957,-11835
alpha 0.0005,4,458,-10,-3018,1958,-11845
alpha 0.0005,4,459,-10,-3028,1959,-11855
alpha 0.0005,4,460,-10,-3038,1960,-11865
alpha 0.0005,4,461,-10,-3048,1961,-11875
alpha 0.0005,4,462,-10,-3058,1962,-11885
alpha 0.0005,4,463,-10,-3068,1963,-11895
alpha 0.0005,4,464,-10,-3078,1964,-11905
alpha 0.0005,4,465,-10,-3088,1965,-11915
alpha 0.0005,4,466,-10,-3098,1966,-11925
alpha 0.0005,4,467,-10,-3108,1967,-11935
alpha 0.0005,4,468,-10,-3118,1968,-11945
alpha 0.0005,4,469,-10,-3128,1969,-11955
alpha 0.0005,4,470,-10,-3138,1970,-11965
alpha 0.0005,4,471,-10,-3148,1971,-11975
alpha 0.0005,4,472,-10,-3158,1972,-11985
alpha 0.0005,4,473,-10,-3168,1973,-11995
alpha 0.0005,4,474,-10,-3178,1974,-12005
alpha 0.0005,4,475,-10,-3188,1975,-12015
alpha 0.0005,4,476,-10,-3198,1976,-12025
alpha 0.0005,4,477,-10,-3208,1977,-12035
alpha 0.0005,4,478,-10,-3218,1978,-12045
alpha 0.0005,4,479,-10,-3228,1979,-12055
alpha 0.0005,4,480,-10,-3238,1980,-12065
alpha 0.0005,4,481,-10,-3248,1981,-12075
alpha 0.0005,4,482,-10,-3258,1982,-12085
alpha 0.0005,4,483,-10,-3268,1983,-12095
alpha 0.0005,4,484,-10,-3278,1984,-12105
alpha 0.0005,4,485,-10,-3288,1985,-12115
alpha 0.0005,4,486,-10,-3298,1986,-12125
alpha 0.0005,4,487,-10,-3308,1987,-12135
alpha 0.0005,4,488,-10,-3318,1988,-12145
alpha 0.0005,4,489,-10,-3328,1989,-12155
alpha 0.0005,4,490,-8,-3336,1990,-12163
alpha 0.0005,4,491,-8,-3344,1991,-12171
alpha 0.0005,4,492,-8,-3352,1992,-12179
alpha 0.0005,4,493,-8,-3360,1993,-12187
alpha 0.0005,4,494,-8,-3368,1994,-12195
alpha 0.0005,4,495,-8,-3376,1995,-12203
alpha 0.0005,4,496,-8,-3384,1996,-12211
alpha 0.0005,4,497,-8,-3392,1997,-12219
alpha 0.0005,4,498,-8,-3400,1998,-12227
alpha 0.0005,4,499,-7,-3407,1999,-12234
alpha 0.0005,4,500,-7,-3414,2000,-12241
alpha 0.0005,1,1,4,4,1,4
alpha 0.0005,1,2,2,6,2,6
alpha 0.0005,1,3,1,7,3,7
alpha 0.0005,1,4,-2,5,4,5
alpha 0.0005,1,5,-4,1,5,1
alpha 0.0005,1,6,-6,-5,6,-5
alpha 0.0005,1,7,-7,-12,7,-12
alpha 0.0005,1,8,-7,-19,8,-19
alpha 0.0005,1,9,-6,-25,9,-25
alpha 0.0005,1,10,-6,-31,10,-31
alpha 0.0005,1,11,-6,-37,11,-37
alpha 0.0005,1,12,-6,-43,12,-43
alpha 0.0005,1,13,-6,-49,13,-49
alpha 0.0005,1,14,-6,-55,14,-55
alpha 0.0005,1,15,-6,-61,15,-61
alpha 0.0005,1,16,-6,-67,16,-67
alpha 0.0005,1,17,-6,-73,17,-73
alpha 0.0005,1,18,-6,-79,18,-79
alpha 0.0005,1,19,-5,-84,19,-84
alpha 0.0005,1,20,-5,-89,20,-89
alpha 0.0005,1,21,-5,-94,21,-94
alpha 0.0005,1,22,-5,-99,22,-99
alpha 0.0005,1,23,-5,-104,23,-104
alpha 0.0005,1,24,-5,-109,24,-109
alpha 0.0005,1,25,-5,-114,25,-114
alpha 0.0005,1,26,-5,-119,26,-119
alpha 0.0005,1,27,-5,-124,27,-124
alpha 0.0005,1,28,-5,-129,28,-129
alpha 0.0005,1,29,-5,-134,29,-134
alpha 0.0005,1,30,-5,-139,30,-139
alpha 0.0005,1,31,-5,-144,31,-144
alpha 0.0005,1,32,-5,-149,32,-149
alpha 0.0005,1,33,-5,-154,33,-154
alpha 0.0005,1,34,-5,-159,34,-159
alpha 0.0005,1,35,-5,-164,35,-164
alpha 0.0005,1,36,-6,-170,36,-170
alpha 0.0005,1,37,-6,-176,37,-176
alpha 0.0005,1,38,-6,-182,38,-182
alpha 0.0005,1,39,-5,-187,39,-187
alpha 0.0005,1,40,-6,-193,40,-193
alpha 0.0005,1,41,-6,-199,41,-199
alpha 0.0005,1,42,-6,-205,42,-205
alpha 0.0005,1,43,-6,-211,43,-211
alpha 0.0005,1,44,-7,-218,44,-218
alpha 0.0005,1,45,-7,-225,45,-225
alpha 0.0005,1,46,-7,-232,46,-232
alpha 0.0005,1,47,-7,-239,47,-239
alpha 0.0005,1,48,-7,-246,48,-246
alpha 0.0005,1,49,-7,-253,49,-253
alpha 0.0005,1,50,-7,-260,50,-260
alpha 0.0005,1,51,-7,-267,51,-267
alpha 0.0005,1,52,-7,-274,52,-274
alpha 0.0005,1,53,-7,-281,53,-281
alpha 0.0005,1,54,-7,-288,54,-288
alpha 0.0005,1,55,-7,-295,55,-295
alpha 0.0005,1,56,-7,-302,56,-302
alpha 0.0005,1,57,-7,-309,57,-309
alpha 0.0005,1,58,-7,-316,58,-316
alpha 0.0005,1,59,-7,-323,59,-323
alpha 0.0005,1,60,-7,-330,60,-330
alpha 0.0005,1,61,-8,-338,61,-338
alpha 0.0005,1,62,-8,-346,62,-346
alpha 0.0005,1,63,-8,-354,63,-354
alpha 0.0005,1,64,-8,-362,64,-362
alpha 0.0005,1,65,-8,-370,65,-370
alpha 0.0005,1,66,-8,-378,66,-378
alpha 0.0005,1,67,-8,-386,67,-386
alpha 0.0005,1,68,-8,-394,68,-394
alpha 0.0005,1,69,-8,-402,69,-402
alpha 0.0005,1,70,-8,-410,70,-410
alpha 0.0005,1,71,-8,-418,71,-418
alpha 0.0005,1,72,-8,-426,72,-426
alpha 0.0005,1,73,-8,-434,73,-434
alpha 0.0005,1,74,-8,-442,74,-442
alpha 0.0005,1,75,-8,-450,75,-450
alpha 0.0005,1,76,-8,-458,76,-458
alpha 0.0005,1,77,-8,-466,77,-466
alpha 0.0005,1,78,-8,-474,78,-474
alpha 0.0005,1,79,-8,-482,79,-482
alpha 0.0005,1,80,-8,-490,80,-490
alpha 0.0005,1,81,-8,-498,81,-498
alpha 0.0005,1,82,-8,-506,82,-506
alpha 0.0005,1,83,-8,-514,83,-514
alpha 0.0005,1,84,-8,-522,84,-522
alpha 0.0005,1,85,-8,-530,85,-530
alpha 0.0005,1,86,-8,-538,86,-538
alpha 0.0005,1,87,-8,-546,87,-546
alpha 0.0005,1,88,-8,-554,88,-554
alpha 0.0005,1,89,-10,-564,89,-564
alpha 0.0005,1,90,-10,-574,90,-574
alpha 0.0005,1,91,-8,-582,91,-582
alpha 0.0005,1,92,-8,-590,92,-590
alpha 0.0005,1,93,-8,-598,93,-598
alpha 0.0005,1,94,-8,-606,94,-606
alpha 0.0005,1,95,-8,-614,95,-614
alpha 0.0005,1,96,-8,-622,96,-622
alpha 0.0005,1,97,-8,-630,97,-630
alpha 0.0005,1,98,-8,-638,98,-638
alpha 0.0005,1,99,-7,-645,99,-645
alpha 0.0005,1,100,-7,-652,100,-652
alpha 0.0005,1,101,-7,-659,101,-659
alpha 0.0005,1,102,-7,-666,102,-666
alpha 0.0005,1,103,-7,-673,103,-673
alpha 0.0005,1,104,-8,-681,104,-681
alpha 0.0005,1,105,-7,-688,105,-688
alpha 0.0005,1,106,-7,-695,106,-695
alpha 0.0005,1,107,-7,-702,107,-702
alpha 0.0005,1,108,-7,-709,108,-709
alpha 0.0005,1,109,-7,-716,109,-716
alpha 0.0005,1,110,-7,-723,110,-723
alpha 0.0005,1,111,-7,-730,111,-730
alpha 0.0005,1,112,-7,-737,112,-737
alpha 0.0005,1,113,-7,-744,113,-744
alpha 0.0005,1,114,-7,-751,114,-751
alpha 0.0005,1,115,-7,-758,115,-758
alpha 0.0005,1,116,-7,-765,116,-765
alpha 0.0005,1,117,-7,-772,117,-772
alpha 0.0005,1,118,-7,-779,118,-779
alpha 0.0005,1,119,-7,-786,119,-786
alpha 0.0005,1,120,-7,-793,120,-793
alpha 0.0005,1,121,-7,-800,121,-800
alpha 0.0005,1,122,-7,-807,122,-807
alpha 0.0005,1,123,-7,-814,123,-814
alpha 0.0005,1,124,-7,-821,124,-821
alpha 0.0005,1,125,-7,-828,125,-828
alpha 0.0005,1,126,-7,-835,126,-835
alpha 0.0005,1,127,-7,-842,127,-842
alpha 0.0005,1,128,-7,-849,128,-849
alpha 0.0005,1,129,-7,-856,129,-856
alpha 0.0005,1,130,-7,-863,130,-863
alpha 0.0005,1,131,-7,-870,131,-870
alpha 0.0005,1,132,-5,-875,132,-875
alpha 0.0005,1,133,-5,-880,133,-880
alpha 0.0005,1,134,-4,-884,134,-884
alpha 0.0005,1,135,-4,-888,135,-888
alpha 0.0005,1,136,-4,-892,136,-892
alpha 0.0005,1,137,-6,-898,137,-898
alpha 0.0005,1,138,-6,-904,138,-904
alpha 0.0005,1,139,-6,-910,139,-910
alpha 0.0005,1,140,-3,-913,140,-913
alpha 0.0005,1,141,-3,-916,141,-916
alpha 0.0005,1,142,-3,-919,142,-919
alpha 0.0005,1,143,-3,-922,143,-922
alpha 0.0005,1,144,-3,-925,144,-925
alpha 0.0005,1,145,-5,-930,145,-930
alpha 0.0005,1,146,-5,-935,146,-935
alpha 0.0005,1,147,-5,-940,147,-940
alpha 0.0005,1,148,-3,-943,148,-943
alpha 0.0005,1,149,-3,-946,149,-946
alpha 0.0005,1,150,-3,-949,150,-949
alpha 0.0005,1,151,-5,-954,151,-954
alpha 0.0005,1,152,-5,-959,152,-959
alpha 0.0005,1,153,-5,-964,153,-964
alpha 0.0005,1,154,-5,-969,154,-969
alpha 0.0005,1,155,-3,-972,155,-972
alpha 0.0005,1,156,-3,-975,156,-975
alpha 0.0005,1,157,-3,-978,157,-978
alpha 0.0005,1,158,-5,-983,158,-983
alpha 0.0005,1,159,-5,-988,159,-988
alpha 0.0005,1,160,-5,-993,160,-993
alpha 0.0005,1,161,-5,-998,161,-998
alpha 0.0005,1,162,-5,-1003,162,-1003
alpha 0.0005,1,163,-5,-1008,163,-1008
alpha 0.0005,1,164,-5,-1013,164,-1013
alpha 0.0005,1,165,-5,-1018,165,-1018
alpha 0.0005,1,166,-5,-1023,166,-1023
alpha 0.0005,1,167,-5,-1028,167,-1028
alpha 0.0005,1,168,-5,-1033,168,-1033
alpha 0.0005,1,169,-6,-1039,169,-1039
alpha 0.0005,1,170,-4,-1043,170,-1043
alpha 0.0005,1,171,-4,-1047,171,-1047
alpha 0.0005,1,172,-4,-1051,172,-1051
alpha 0.0005,1,173,-4,-1055,173,-1055
alpha 0.0005,1,174,-4,-1059,174,-1059
alpha 0.0005,1,175,-5,-1064,175,-1064
alpha 0.0005,1,176,-5,-1069,176,-1069
alpha 0.0005,1,177,-5,-1074,177,-1074
alpha 0.0005,1,178,-5,-1079,178,-1079
alpha 0.0005,1,179,-5,-1084,179,-1084
alpha 0.0005,1,180,-7,-1091,180,-1091
alpha 0.0005,1,181,-7,-1098,181,-1098
alpha 0.0005,1,182,-7,-1105,182,-1105
alpha 0.0005,1,183,-7,-1112,183,-1112
alpha 0.0005,1,184,-7,-1119,184,-1119
alpha 0.0005,1,185,-7,-1126,185,-1126
alpha 0.0005,1,186,-7,-1133,186,-1133
alpha 0.0005,1,187,-7,-1140,187,-1140
alpha 0.0005,1,188,-7,-1147,188,-1147
alpha 0.0005,1,189,-7,-1154,189,-1154
alpha 0.0005,1,190,-7,-1161,190,-1161
alpha 0.0005,1,191,-7,-1168,191,-1168
alpha 0.0005,1,192,-7,-1175,192,-1175
alpha 0.0005,1,193,-7,-1182,193,-1182
alpha 0.0005,1,194,-7,-1189,194,-1189
alpha 0.0005,1,195,-7,-1196,195,-1196
alpha 0.0005,1,196,-7,-1203,196,-1203
alpha 0.0005,1,197,-7,-1210,197,-1210
alpha 0.0005,1,198,-7,-1217,198,-1217
alpha 0.0005,1,199,-7,-1224,199,-1224
alpha 0.0005,1,200,-7,-1231,200,-1231
alpha 0.0005,1,201,-7,-1238,201,-1238
alpha 0.0005,1,202,-7,-1245,202,-1245
alpha 0.0005,1,203,-7,-1252,203,-1252
alpha 0.0005,1,204,-7,-1259,204,-1259
alpha 0.0005,1,205,-7,-1266,205,-1266
alpha 0.0005,1,206,-7,-1273,206,-1273
alpha 0.0005,1,207,-7,-1280,207,-1280
alpha 0.0005,1,208,-7,-1287,208,-1287
alpha 0.0005,1,209,-7,-1294,209,-1294
alpha 0.0005,1,210,-7,-1301,210,-1301
alpha 0.0005,1,211,-7,-1308,211,-1308
alpha 0.0005,1,212,-7,-1315,212,-1315
alpha 0.0005,1,213,-7,-1322,213,-1322
alpha 0.0005,1,214,-7,-1329,214,-1329
alpha 0.0005,1,215,-7,-1336,215,-1336
alpha 0.0005,1,216,-7,-1343,216,-1343
alpha 0.0005,1,217,-7,-1350,217,-1350
alpha 0.0005,1,218,-7,-1357,218,-1357
alpha 0.0005,1,219,-7,-1364,219,-1364
alpha 0.0005,1,220,-7,-1371,220,-1371
alpha 0.0005,1,221,-7,-1378,221,-1378
alpha 0.0005,1,222,-7,-1385,222,-1385
alpha 0.0005,1,223,-7,-1392,223,-1392
alpha 0.0005,1,224,-7,-1399,224,-1399
alpha 0.0005,1,225,-8,-1407,225,-1407
alpha 0.0005,1,226,-8,-1415,226,-1415
alpha 0.0005,1,227,-8,-1423,227,-1423
alpha 0.0005,1,228,-8,-1431,228,-1431
alpha 0.0005,1,229,-7,-1438,229,-1438
alpha 0.0005,1,230,-5,-1443,230,-1443
alpha 0.0005,1,231,-5,-1448,231,-1448
alpha 0.0005,1,232,-7,-1455,232,-1455
alpha 0.0005,1,233,-7,-1462,233,-1462
alpha 0.0005,1,234,-7,-1469,234,-1469
alpha 0.0005,1,235,-7,-1476,235,-1476
alpha 0.0005,1,236,-8,-1484,236,-1484
alpha 0.0005,1,237,-8,-1492,237,-1492
alpha 0.0005,1,238,-8,-1500,238,-1500
alpha 0.0005,1,239,-10,-1510,239,-1510
alpha 0.0005,1,240,-10,-1520,240,-1520
alpha 0.0005,1,241,-10,-1530,241,-1530
alpha 0.0005,1,242,-10,-1540,242,-1540
alpha 0.0005,1,243,-10,-1550,243,-1550
alpha 0.0005,1,244,-10,-1560,244,-1560
alpha 0.0005,1,245,-10,-1570,245,-1570
alpha 0.0005,1,246,-10,-1580,246,-1580
alpha 0.0005,1,247,-10,-1590,247,-1590
alpha 0.0005,1,248,-10,-1600,248,-1600
alpha 0.0005,1,249,-10,-1610,249,-1610
alpha 0.0005,1,250,-10,-1620,250,-1620
alpha 0.0005,1,251,-10,-1630,251,-1630
alpha 0.0005,1,252,-10,-1640,252,-1640
alpha 0.0005,1,253,-10,-1650,253,-1650
alpha 0.0005,1,254,-10,-1660,254,-1660
alpha 0.0005,1,255,-10,-1670,255,-1670
alpha 0.0005,1,256,-10,-1680,256,-1680
alpha 0.0005,1,257,-10,-1690,257,-1690
alpha 0.0005,1,258,-10,-1700,258,-1700
alpha 0.0005,1,259,-10,-1710,259,-1710
alpha 0.0005,1,260,-10,-1720,260,-1720
alpha 0.0005,1,261,-10,-1730,261,-1730
alpha 0.0005,1,262,-10,-1740,262,-1740
alpha 0.0005,1,263,-10,-1750,263,-1750
alpha 0.0005,1,264,-10,-1760,264,-1760
alpha 0.0005,1,265,-10,-1770,265,-1770
alpha 0.0005,1,266,-10,-1780,266,-1780
alpha 0.0005,1,267,-10,-1790,267,-1790
alpha 0.0005,1,268,-10,-1800,268,-1800
alpha 0.0005,1,269,-10,-1810,269,-1810
alpha 0.0005,1,270,-10,-1820,270,-1820
alpha 0.0005,1,271,-10,-1830,271,-1830
alpha 0.0005,1,272,-10,-1840,272,-1840
alpha 0.0005,1,273,-10,-1850,273,-1850
alpha 0.0005,1,274,-10,-1860,274,-1860
alpha 0.0005,1,275,-10,-1870,275,-1870
alpha 0.0005,1,276,-10,-1880,276,-1880
alpha 0.0005,1,277,-10,-1890,277,-1890
alpha 0.0005,1,278,-10,-1900,278,-1900
alpha 0.0005,1,279,-8,-1908,279,-1908
alpha 0.0005,1,280,-10,-1918,280,-1918
alpha 0.0005,1,281,-10,-1928,281,-1928
alpha 0.0005,1,282,-8,-1936,282,-1936
alpha 0.0005,1,283,-7,-1943,283,-1943
alpha 0.0005,1,284,-7,-1950,284,-1950
alpha 0.0005,1,285,-7,-1957,285,-1957
alpha 0.0005,1,286,-7,-1964,286,-1964
alpha 0.0005,1,287,-7,-1971,287,-1971
alpha 0.0005,1,288,-7,-1978,288,-1978
alpha 0.0005,1,289,-7,-1985,289,-1985
alpha 0.0005,1,290,-7,-1992,290,-1992
alpha 0.0005,1,291,-7,-1999,291,-1999
alpha 0.0005,1,292,-7,-2006,292,-2006
alpha 0.0005,1,293,-7,-2013,293,-2013
alpha 0.0005,1,294,-5,-2018,294,-2018
alpha 0.0005,1,295,-5,-2023,295,-2023
alpha 0.0005,1,296,-5,-2028,296,-2028
alpha 0.0005,1,297,-5,-2033,297,-2033
alpha 0.0005,1,298,-5,-2038,298,-2038
alpha 0.0005,1,299,-5,-2043,299,-2043
alpha 0.0005,1,300,-5,-2048,300,-2048
alpha 0.0005,1,301,-4,-2052,301,-2052
alpha 0.0005,1,302,-3,-2055,302,-2055
alpha 0.0005,1,303,-3,-2058,303,-2058
alpha 0.0005,1,304,-3,-2061,304,-2061
alpha 0.0005,1,305,-3,-2064,305,-2064
alpha 0.0005,1,306,-3,-2067,306,-2067
alpha 0.0005,1,307,-3,-2070,307,-2070
alpha 0.0005,1,308,-3,-2073,308,-2073
alpha 0.0005,1,309,-3,-2076,309,-2076
alpha 0.0005,1,310,-2,-2078,310,-2078
alpha 0.0005,1,311,1,-2077,311,-2077
alpha 0.0005,1,312,1,-2076,312,-2076
alpha 0.0005,1,313,-2,-2078,313,-2078
alpha 0.0005,1,314,-2,-2080,314,-2080
alpha 0.0005,1,315,-2,-2082,315,-2082
alpha 0.0005,1,316,-2,-2084,316,-2084
alpha 0.0005,1,317,-2,-2086,317,-2086
alpha 0.0005,1,318,1,-2085,318,-2085
alpha 0.0005,1,319,1,-2084,319,-2084
alpha 0.0005,1,320,1,-2083,320,-2083
alpha 0.0005,1,321,-4,-2087,321,-2087
alpha 0.0005,1,322,-3,-2090,322,-2090
alpha 0.0005,1,323,-3,-2093,323,-2093
alpha 0.0005,1,324,-3,-2096,324,-2096
alpha 0.0005,1,325,-1,-2097,325,-2097
alpha 0.0005,1,326,-2,-2099,326,-2099
alpha 0.0005,1,327,-2,-2101,327,-2101
alpha 0.0005,1,328,-3,-2104,328,-2104
alpha 0.0005,1,329,-4,-2108,329,-2108
alpha 0.0005,1,330,-4,-2112,330,-2112
alpha 0.0005,1,331,-4,-2116,331,-2116
alpha 0.0005,1,332,-4,-2120,332,-2120
alpha 0.0005,1,333,-4,-2124,333,-2124
alpha 0.0005,1,334,-4,-2128,334,-2128
alpha 0.0005,1,335,-5,-2133,335,-2133
alpha 0.0005,1,336,-5,-2138,336,-2138
alpha 0.0005,1,337,-5,-2143,337,-2143
alpha 0.0005,1,338,-5,-2148,338,-2148
alpha 0.0005,1,339,-5,-2153,339,-2153
alpha 0.0005,1,340,-5,-2158,340,-2158
alpha 0.0005,1,341,-5,-2163,341,-2163
alpha 0.0005,1,342,-5,-2168,342,-2168
alpha 0.0005,1,343,-8,-2176,343,-2176
alpha 0.0005,1,344,-10,-2186,344,-2186
alpha 0.0005,1,345,-10,-2196,345,-2196
alpha 0.0005,1,346,-10,-2206,346,-2206
alpha 0.0005,1,347,-10,-2216,347,-2216
alpha 0.0005,1,348,-10,-2226,348,-2226
alpha 0.0005,1,349,-10,-2236,349,-2236
alpha 0.0005,1,350,-10,-2246,350,-2246
alpha 0.0005,1,351,-10,-2256,351,-2256
alpha 0.0005,1,352,-10,-2266,352,-2266
alpha 0.0005,1,353,-10,-2276,353,-2276
alpha 0.0005,1,354,-10,-2286,354,-2286
alpha 0.0005,1,355,-10,-2296,355,-2296
alpha 0.0005,1,356,-10,-2306,356,-2306
alpha 0.0005,1,357,-10,-2316,357,-2316
alpha 0.0005,1,358,-10,-2326,358,-2326
alpha 0.0005,1,359,-10,-2336,359,-2336
alpha 0.0005,1,360,-10,-2346,360,-2346
alpha 0.0005,1,361,-10,-2356,361,-2356
alpha 0.0005,1,362,-10,-2366,362,-2366
alpha 0.0005,1,363,-10,-2376,363,-2376
alpha 0.0005,1,364,-10,-2386,364,-2386
alpha 0.0005,1,365,-10,-2396,365,-2396
alpha 0.0005,1,366,-10,-2406,366,-2406
alpha 0.0005,1,367,-10,-2416,367,-2416
alpha 0.0005,1,368,-8,-2424,368,-2424
alpha 0.0005,1,369,-8,-2432,369,-2432
alpha 0.0005,1,370,-8,-2440,370,-2440
alpha 0.0005,1,371,-8,-2448,371,-2448
alpha 0.0005,1,372,-8,-2456,372,-2456
alpha 0.0005,1,373,-8,-2464,373,-2464
alpha 0.0005,1,374,-8,-2472,374,-2472
alpha 0.0005,1,375,-8,-2480,375,-2480
alpha 0.0005,1,376,-8,-2488,376,-2488
alpha 0.0005,1,377,-7,-2495,377,-2495
alpha 0.0005,1,378,-7,-2502,378,-2502
alpha 0.0005,1,379,-7,-2509,379,-2509
alpha 0.0005,1,380,-7,-2516,380,-2516
alpha 0.0005,1,381,-7,-2523,381,-2523
alpha 0.0005,1,382,-7,-2530,382,-2530
alpha 0.0005,1,383,-7,-2537,383,-2537
alpha 0.0005,1,384,-7,-2544,384,-2544
alpha 0.0005,1,385,-7,-2551,385,-2551
alpha 0.0005,1,386,-7,-2558,386,-2558
alpha 0.0005,1,387,-7,-2565,387,-2565
alpha 0.0005,1,388,-6,-2571,388,-2571
alpha 0.0005,1,389,-6,-2577,389,-2577
alpha 0.0005,1,390,-6,-2583,390,-2583
alpha 0.0005,1,391,-5,-2588,391,-2588
alpha 0.0005,1,392,-5,-2593,392,-2593
alpha 0.0005,1,393,-5,-2598,393,-2598
alpha 0.0005,1,394,-5,-2603,394,-2603
alpha 0.0005,1,395,-5,-2608,395,-2608
alpha 0.0005,1,396,-5,-2613,396,-2613
alpha 0.0005,1,397,-5,-2618,397,-2618
alpha 0.0005,1,398,-5,-2623,398,-2623
alpha 0.0005,1,399,-5,-2628,399,-2628
alpha 0.0005,1,400,-5,-2633,400,-2633
alpha 0.0005,1,401,-5,-2638,401,-2638
alpha 0.0005,1,402,-5,-2643,402,-2643
alpha 0.0005,1,403,-5,-2648,403,-2648
alpha 0.0005,1,404,-5,-2653,404,-2653
alpha 0.0005,1,405,-5,-2658,405,-2658
alpha 0.0005,1,406,-6,-2664,406,-2664
alpha 0.0005,1,407,-6,-2670,407,-2670
alpha 0.0005,1,408,-6,-2676,408,-2676
alpha 0.0005,1,409,-6,-2682,409,-2682
alpha 0.0005,1,410,-6,-2688,410,-2688
alpha 0.0005,1,411,-7,-2695,411,-2695
alpha 0.0005,1,412,-7,-2702,412,-2702
alpha 0.0005,1,413,-7,-2709,413,-2709
alpha 0.0005,1,414,-7,-2716,414,-2716
alpha 0.0005,1,415,-7,-2723,415,-2723
alpha 0.0005,1,416,-7,-2730,416,-2730
alpha 0.0005,1,417,-7,-2737,417,-2737
alpha 0.0005,1,418,-7,-2744,418,-2744
alpha 0.0005,1,419,-7,-2751,419,-2751
alpha 0.0005,1,420,-7,-2758,420,-2758
alpha 0.0005,1,421,-7,-2765,421,-2765
alpha 0.0005,1,422,-7,-2772,422,-2772
alpha 0.0005,1,423,-7,-2779,423,-2779
alpha 0.0005,1,424,-7,-2786,424,-2786
alpha 0.0005,1,425,-8,-2794,425,-2794
alpha 0.0005,1,426,-8,-2802,426,-2802
alpha 0.0005,1,427,-8,-2810,427,-2810
alpha 0.0005,1,428,-8,-2818,428,-2818
alpha 0.0005,1,429,-8,-2826,429,-2826
alpha 0.0005,1,430,-8,-2834,430,-2834
alpha 0.0005,1,431,-8,-2842,431,-2842
alpha 0.0005,1,432,-10,-2852,432,-2852
alpha 0.0005,1,433,-10,-2862,433,-2862
alpha 0.0005,1,434,-10,-2872,434,-2872
alpha 0.0005,1,435,-10,-2882,435,-2882
alpha 0.0005,1,436,-10,-2892,436,-2892
alpha 0.0005,1,437,-10,-2902,437,-2902
alpha 0.0005,1,438,-10,-2912,438,-2912
alpha 0.0005,1,439,-10,-2922,439,-2922
alpha 0.0005,1,440,-10,-2932,440,-2932
alpha 0.0005,1,441,-10,-2942,441,-2942
alpha 0.0005,1,442,-10,-2952,442,-2952
alpha 0.0005,1,443,-10,-2962,443,-2962
alpha 0.0005,1,444,-10,-2972,444,-2972
alpha 0.0005,1,445,-10,-2982,445,-2982
alpha 0.0005,1,446,-10,-2992,446,-2992
alpha 0.0005,1,447,-10,-3002,447,-3002
alpha 0.0005,1,448,-10,-3012,448,-3012
alpha 0.0005,1,449,-10,-3022,449,-3022
alpha 0.0005,1,450,-10,-3032,450,-3032
alpha 0.0005,1,451,-10,-3042,451,-3042
alpha 0.0005,1,452,-10,-3052,452,-3052
alpha 0.0005,1,453,-10,-3062,453,-3062
alpha 0.0005,1,454,-10,-3072,454,-3072
alpha 0.0005,1,455,-10,-3082,455,-3082
alpha 0.0005,1,456,-10,-3092,456,-3092
alpha 0.0005,1,457,-10,-3102,457,-3102
alpha 0.0005,1,458,-10,-3112,458,-3112
alpha 0.0005,1,459,-6,-3118,459,-3118
alpha 0.0005,1,460,-5,-3123,460,-3123
alpha 0.0005,1,461,-5,-3128,461,-3128
alpha 0.0005,1,462,-5,-3133,462,-3133
alpha 0.0005,1,463,-5,-3138,463,-3138
alpha 0.0005,1,464,-5,-3143,464,-3143
alpha 0.0005,1,465,-5,-3148,465,-3148
alpha 0.0005,1,466,-5,-3153,466,-3153
alpha 0.0005,1,467,-5,-3158,467,-3158
alpha 0.0005,1,468,-5,-3163,468,-3163
alpha 0.0005,1,469,-5,-3168,469,-3168
alpha 0.0005,1,470,-3,-3171,470,-3171
alpha 0.0005,1,471,-3,-3174,471,-3174
alpha 0.0005,1,472,-5,-3179,472,-3179
alpha 0.0005,1,473,-5,-3184,473,-3184
alpha 0.0005,1,474,-5,-3189,474,-3189
alpha 0.0005,1,475,-5,-3194,475,-3194
alpha 0.0005,1,476,-5,-3199,476,-3199
alpha 0.0005,1,477,-5,-3204,477,-3204
alpha 0.0005,1,478,-5,-3209,478,-3209
alpha 0.0005,1,479,-5,-3214,479,-3214
alpha 0.0005,1,480,-5,-3219,480,-3219
alpha 0.0005,1,481,-5,-3224,481,-3224
alpha 0.0005,1,482,-5,-3229,482,-3229
alpha 0.0005,1,483,-5,-3234,483,-3234
alpha 0.0005,1,484,-5,-3239,484,-3239
alpha 0.0005,1,485,-5,-3244,485,-3244
alpha 0.0005,1,486,-5,-3249,486,-3249
alpha 0.0005,1,487,-5,-3254,487,-3254
alpha 0.0005,1,488,-5,-3259,488,-3259
alpha 0.0005,1,489,-5,-3264,489,-3264
alpha 0.0005,1,490,-5,-3269,490,-3269
alpha 0.0005,1,491,-5,-3274,491,-3274
alpha 0.0005,1,492,-5,-3279,492,-3279
alpha 0.0005,1,493,-5,-3284,493,-3284
alpha 0.0005,1,494,-5,-3289,494,-3289
alpha 0.0005,1,495,-5,-3294,495,-3294
alpha 0.0005,1,496,-6,-3300,496,-3300
alpha 0.0005,1,497,-6,-3306,497,-3306
alpha 0.0005,1,498,-6,-3312,498,-3312
alpha 0.0005,1,499,-6,-3318,499,-3318
alpha 0.0005,1,500,-6,-3324,500,-3324
alpha 0.0005,2,1,4,4,501,-3320
alpha 0.0005,2,2,2,6,502,-3318
alpha 0.0005,2,3,-2,4,503,-3320
alpha 0.0005,2,4,-2,2,504,-3322
alpha 0.0005,2,5,-6,-4,505,-3328
alpha 0.0005,2,6,-7,-11,506,-3335
alpha 0.0005,2,7,-5,-16,507,-3340
alpha 0.0005,2,8,-7,-23,508,-3347
alpha 0.0005,2,9,-8,-31,509,-3355
alpha 0.0005,2,10,-8,-39,510,-3363
alpha 0.0005,2,11,-8,-47,511,-3371
alpha 0.0005,2,12,-3,-50,512,-3374
alpha 0.0005,2,13,-3,-53,513,-3377
alpha 0.0005,2,14,-4,-57,514,-3381
alpha 0.0005,2,15,-3,-60,515,-3384
alpha 0.0005,2,16,-2,-62,516,-3386
alpha 0.0005,2,17,-3,-65,517,-3389
alpha 0.0005,2,18,-3,-68,518,-3392
alpha 0.0005,2,19,-5,-73,519,-3397
alpha 0.0005,2,20,-5,-78,520,-3402
alpha 0.0005,2,21,-3,-81,521,-3405
alpha 0.0005,2,22,-3,-84,522,-3408
alpha 0.0005,2,23,-4,-88,523,-3412
alpha 0.0005,2,24,-4,-92,524,-3416
alpha 0.0005,2,25,-3,-95,525,-3419
alpha 0.0005,2,26,-5,-100,526,-3424
alpha 0.0005,2,27,-5,-105,527,-3429
alpha 0.0005,2,28,-5,-110,528,-3434
alpha 0.0005,2,29,-5,-115,529,-3439
alpha 0.0005,2,30,-5,-120,530,-3444
alpha 0.0005,2,31,-5,-125,531,-3449
alpha 0.0005,2,32,-5,-130,532,-3454
alpha 0.0005,2,33,-6,-136,533,-3460
alpha 0.0005,2,34,-6,-142,534,-3466
alpha 0.0005,2,35,-6,-148,535,-3472
alpha 0.0005,2,36,-6,-154,536,-3478
alpha 0.0005,2,37,-6,-160,537,-3484
alpha 0.0005,2,38,-5,-165,538,-3489
alpha 0.0005,2,39,-5,-170,539,-3494
alpha 0.0005,2,40,-5,-175,540,-3499
alpha 0.0005,2,41,-5,-180,541,-3504
alpha 0.0005,2,42,-5,-185,542,-3509
alpha 0.0005,2,43,-5,-190,543,-3514
alpha 0.0005,2,44,-5,-195,544,-3519
alpha 0.0005,2,45,-5,-200,545,-3524
alpha 0.0005,2,46,-5,-205,546,-3529
alpha 0.0005,2,47,-5,-210,547,-3534
alpha 0.0005,2,48,-5,-215,548,-3539
alpha 0.0005,2,49,-5,-220,549,-3544
alpha 0.0005,2,50,-5,-225,550,-3549
alpha 0.0005,2,51,-5,-230,551,-3554
alpha 0.0005,2,52,-5,-235,552,-3559
alpha 0.0005,2,53,-5,-240,553,-3564
alpha 0.0005,2,54,-5,-245,554,-3569
alpha 0.0005,2,55,-5,-250,555,-3574
alpha 0.0005,2,56,-5,-255,556,-3579
alpha 0.0005,2,57,-5,-260,557,-3584
alpha 0.0005,2,58,-5,-265,558,-3589
alpha 0.0005,2,59,-5,-270,559,-3594
alpha 0.0005,2,60,-5,-275,560,-3599
alpha 0.0005,2,61,-5,-280,561,-3604
alpha 0.0005,2,62,-5,-285,562,-3609
alpha 0.0005,2,63,-5,-290,563,-3614
alpha 0.0005,2,64,-5,-295,564,-3619
alpha 0.0005,2,65,-5,-300,565,-3624
alpha 0.0005,2,66,-5,-305,566,-3629
alpha 0.0005,2,67,-5,-310,567,-3634
alpha 0.0005,2,68,-5,-315,568,-3639
alpha 0.0005,2,69,-5,-320,569,-3644
alpha 0.0005,2,70,-5,-325,570,-3649
alpha 0.0005,2,71,-5,-330,571,-3654
alpha 0.0005,2,72,-5,-335,572,-3659
alpha 0.0005,2,73,-5,-340,573,-3664
alpha 0.0005,2,74,-5,-345,574,-3669
alpha 0.0005,2,75,-5,-350,575,-3674
alpha 0.0005,2,76,-5,-355,576,-3679
alpha 0.0005,2,77,-5,-360,577,-3684
alpha 0.0005,2,78,-5,-365,578,-3689
alpha 0.0005,2,79,-5,-370,579,-3694
alpha 0.0005,2,80,-5,-375,580,-3699
alpha 0.0005,2,81,-5,-380,581,-3704
alpha 0.0005,2,82,-5,-385,582,-3709
alpha 0.0005,2,83,-5,-390,583,-3714
alpha 0.0005,2,84,-5,-395,584,-3719
alpha 0.0005,2,85,-5,-400,585,-3724
alpha 0.0005,2,86,-5,-405,586,-3729
alpha 0.0005,2,87,-5,-410,587,-3734
alpha 0.0005,2,88,-5,-415,588,-3739
alpha 0.0005,2,89,-5,-420,589,-3744
alpha 0.0005,2,90,-5,-425,590,-3749
alpha 0.0005,2,91,-5,-430,591,-3754
alpha 0.0005,2,92,-5,-435,592,-3759
alpha 0.0005,2,93,-5,-440,593,-3764
alpha 0.0005,2,94,-5,-445,594,-3769
alpha 0.0005,2,95,-5,-450,595,-3774
alpha 0.0005,2,96,-5,-455,596,-3779
alpha 0.0005,2,97,-5,-460,597,-3784
alpha 0.0005,2,98,-5,-465,598,-3789
alpha 0.0005,2,99,-5,-470,599,-3794
alpha 0.0005,2,100,-5,-475,600,-3799
alpha 0.0005,2,101,-5,-480,601,-3804
alpha 0.0005,2,102,-5,-485,602,-3809
alpha 0.0005,2,103,-5,-490,603,-3814
alpha 0.0005,2,104,-5,-495,604,-3819
alpha 0.0005,2,105,-5,-500,605,-3824
alpha 0.0005,2,106,-5,-505,606,-3829
alpha 0.0005,2,107,-5,-510,607,-3834
alpha 0.0005,2,108,-5,-515,608,-3839
alpha 0.0005,2,109,-5,-520,609,-3844
alpha 0.0005,2,110,-3,-523,610,-3847
alpha 0.0005,2,111,-3,-526,611,-3850
alpha 0.0005,2,112,-2,-528,612,-3852
alpha 0.0005,2,113,-2,-530,613,-3854
alpha 0.0005,2,114,-2,-532,614,-3856
alpha 0.0005,2,115,-1,-533,615,-3857
alpha 0.0005,2,116,1,-532,616,-3856
alpha 0.0005,2,117,2,-530,617,-3854
alpha 0.0005,2,118,2,-528,618,-3852
alpha 0.0005,2,119,1,-527,619,-3851
alpha 0.0005,2,120,-2,-529,620,-3853
alpha 0.0005,2,121,-2,-531,621,-3855
alpha 0.0005,2,122,-3,-534,622,-3858
alpha 0.0005,2,123,-3,-537,623,-3861
alpha 0.0005,2,124,-5,-542,624,-3866
alpha 0.0005,2,125,-5,-547,625,-3871
alpha 0.0005,2,126,-5,-552,626,-3876
alpha 0.0005,2,127,-5,-557,627,-3881
alpha 0.0005,2,128,-5,-562,628,-3886
alpha 0.0005,2,129,-5,-567,629,-3891
alpha 0.0005,2,130,-5,-572,630,-3896
alpha 0.0005,2,131,-5,-577,631,-3901
alpha 0.0005,2,132,-5,-582,632,-3906
alpha 0.0005,2,133,-5,-587,633,-3911
alpha 0.0005,2,134,-5,-592,634,-3916
alpha 0.0005,2,135,-5,-597,635,-3921
alpha 0.0005,2,136,-5,-602,636,-3926
alpha 0.0005,2,137,-5,-607,637,-3931
alpha 0.0005,2,138,-5,-612,638,-3936
alpha 0.0005,2,139,-5,-617,639,-3941
alpha 0.0005,2,140,-5,-622,640,-3946
alpha 0.0005,2,141,-5,-627,641,-3951
alpha 0.0005,2,142,-5,-632,642,-3956
alpha 0.0005,2,143,-5,-637,643,-3961
alpha 0.0005,2,144,-5,-642,644,-3966
alpha 0.0005,2,145,-5,-647,645,-3971
alpha 0.0005,2,146,-5,-652,646,-3976
alpha 0.0005,2,147,-5,-657,647,-3981
alpha 0.0005,2,148,-5,-662,648,-3986
alpha 0.0005,2,149,-5,-667,649,-3991
alpha 0.0005,2,150,-5,-672,650,-3996
alpha 0.0005,2,151,-5,-677,651,-4001
alpha 0.0005,2,152,-5,-682,652,-4006
alpha 0.0005,2,153,-5,-687,653,-4011
alpha 0.0005,2,154,-5,-692,654,-4016
alpha 0.0005,2,155,-5,-697,655,-4021
alpha 0.0005,2,156,-5,-702,656,-4026
alpha 0.0005,2,157,-5,-707,657,-4031
alpha 0.0005,2,158,-5,-712,658,-4036
alpha 0.0005,2,159,-5,-717,659,-4041
alpha 0.0005,2,160,-5,-722,660,-4046
alpha 0.0005,2,161,-5,-727,661,-4051
alpha 0.0005,2,162,-5,-732,662,-4056
alpha 0.0005,2,163,-5,-737,663,-4061
alpha 0.0005,2,164,-5,-742,664,-4066
alpha 0.0005,2,165,-5,-747,665,-4071
alpha 0.0005,2,166,-5,-752,666,-4076
alpha 0.0005,2,167,-5,-757,667,-4081
alpha 0.0005,2,168,-5,-762,668,-4086
alpha 0.0005,2,169,-5,-767,669,-4091
alpha 0.0005,2,170,-5,-772,670,-4096
alpha 0.0005,2,171,-5,-777,671,-4101
alpha 0.0005,2,172,-5,-782,672,-4106
alpha 0.0005,2,173,-5,-787,673,-4111
alpha 0.0005,2,174,-5,-792,674,-4116
alpha 0.0005,2,175,-5,-797,675,-4121
alpha 0.0005,2,176,-5,-802,676,-4126
alpha 0.0005,2,177,-5,-807,677,-4131
alpha 0.0005,2,178,-5,-812,678,-4136
alpha 0.0005,2,179,-5,-817,679,-4141
alpha 0.0005,2,180,-5,-822,680,-4146
alpha 0.0005,2,181,-5,-827,681,-4151
alpha 0.0005,2,182,-5,-832,682,-4156
alpha 0.0005,2,183,-5,-837,683,-4161
alpha 0.0005,2,184,-5,-842,684,-4166
alpha 0.0005,2,185,-5,-847,685,-4171
alpha 0.0005,2,186,-5,-852,686,-4176
alpha 0.0005,2,187,-4,-856,687,-4180
alpha 0.0005,2,188,-4,-860,688,-4184
alpha 0.0005,2,189,-3,-863,689,-4187
alpha 0.0005,2,190,-3,-866,690,-4190
alpha 0.0005,2,191,-3,-869,691,-4193
alpha 0.0005,2,192,-5,-874,692,-4198
alpha 0.0005,2,193,-3,-877,693,-4201
alpha 0.0005,2,194,-2,-879,694,-4203
alpha 0.0005,2,195,-2,-881,695,-4205
alpha 0.0005,2,196,-2,-883,696,-4207
alpha 0.0005,2,197,-3,-886,697,-4210
alpha 0.0005,2,198,-3,-889,698,-4213
alpha 0.0005,2,199,-3,-892,699,-4216
alpha 0.0005,2,200,-3,-895,700,-4219
alpha 0.0005,2,201,-3,-898,701,-4222
alpha 0.0005,2,202,-4,-902,702,-4226
alpha 0.0005,2,203,-4,-906,703,-4230
alpha 0.0005,2,204,-4,-910,704,-4234
alpha 0.0005,2,205,-4,-914,705,-4238
alpha 0.0005,2,206,-4,-918,706,-4242
alpha 0.0005,2,207,-4,-922,707,-4246
alpha 0.0005,2,208,-3,-925,708,-4249
alpha 0.0005,2,209,1,-924,709,-4248
alpha 0.0005,2,210,1,-923,710,-4247
alpha 0.0005,2,211,-1,-924,711,-4248
alpha 0.0005,2,212,-2,-926,712,-4250
alpha 0.0005,2,213,-2,-928,713,-4252
alpha 0.0005,2,214,-2,-930,714,-4254
alpha 0.0005,2,215,-2,-932,715,-4256
alpha 0.0005,2,216,-3,-935,716,-4259
alpha 0.0005,2,217,-3,-938,717,-4262
alpha 0.0005,2,218,-3,-941,718,-4265
alpha 0.0005,2,219,-3,-944,719,-4268
alpha 0.0005,2,220,-5,-949,720,-4273
alpha 0.0005,2,221,-5,-954,721,-4278
alpha 0.0005,2,222,-5,-959,722,-4283
alpha 0.0005,2,223,-5,-964,723,-4288
alpha 0.0005,2,224,-5,-969,724,-4293
alpha 0.0005,2,225,-5,-974,725,-4298
alpha 0.0005,2,226,-5,-979,726,-4303
alpha 0.0005,2,227,-5,-984,727,-4308
alpha 0.0005,2,228,-5,-989,728,-4313
alpha 0.0005,2,229,-5,-994,729,-4318
alpha 0.0005,2,230,-5,-999,730,-4323
alpha 0.0005,2,231,-3,-1002,731,-4326
alpha 0.0005,2,232,-3,-1005,732,-4329
alpha 0.0005,2,233,-3,-1008,733,-4332
alpha 0.0005,2,234,-5,-1013,734,-4337
alpha 0.0005,2,235,-5,-1018,735,-4342
alpha 0.0005,2,236,-5,-1023,736,-4347
alpha 0.0005,2,237,-5,-1028,737,-4352
alpha 0.0005,2,238,-5,-1033,738,-4357
alpha 0.0005,2,239,-3,-1036,739,-4360
alpha 0.0005,2,240,-5,-1041,740,-4365
alpha 0.0005,2,241,-5,-1046,741,-4370
alpha 0.0005,2,242,-5,-1051,742,-4375
alpha 0.0005,2,243,-5,-1056,743,-4380
alpha 0.0005,2,244,-5,-1061,744,-4385
alpha 0.0005,2,245,-5,-1066,745,-4390
alpha 0.0005,2,246,-5,-1071,746,-4395
alpha 0.0005,2,247,-3,-1074,747,-4398
alpha 0.0005,2,248,-3,-1077,748,-4401
alpha 0.0005,2,249,-5,-1082,749,-4406
alpha 0.0005,2,250,-5,-1087,750,-4411
alpha 0.0005,2,251,-5,-1092,751,-4416
alpha 0.0005,2,252,-5,-1097,752,-4421
alpha 0.0005,2,253,-5,-1102,753,-4426
alpha 0.0005,2,254,-3,-1105,754,-4429
alpha 0.0005,2,255,-3,-1108,755,-4432
alpha 0.0005,2,256,-3,-1111,756,-4435
alpha 0.0005,2,257,-3,-1114,757,-4438
alpha 0.0005,2,258,-3,-1117,758,-4441
alpha 0.0005,2,259,-3,-1120,759,-4444
alpha 0.0005,2,260,-5,-1125,760,-4449
alpha 0.0005,2,261,-5,-1130,761,-4454
alpha 0.0005,2,262,-5,-1135,762,-4459
alpha 0.0005,2,263,-5,-1140,763,-4464
alpha 0.0005,2,264,-5,-1145,764,-4469
alpha 0.0005,2,265,-6,-1151,765,-4475
alpha 0.0005,2,266,-6,-1157,766,-4481
alpha 0.0005,2,267,-6,-1163,767,-4487
alpha 0.0005,2,268,-6,-1169,768,-4493
alpha 0.0005,2,269,-6,-1175,769,-4499
alpha 0.0005,2,270,-6,-1181,770,-4505
alpha 0.0005,2,271,-6,-1187,771,-4511
alpha 0.0005,2,272,-6,-1193,772,-4517
alpha 0.0005,2,273,-7,-1200,773,-4524
alpha 0.0005,2,274,-7,-1207,774,-4531
alpha 0.0005,2,275,-7,-1214,775,-4538
alpha 0.0005,2,276,-7,-1221,776,-4545
alpha 0.0005,2,277,-7,-1228,777,-4552
alpha 0.0005,2,278,-7,-1235,778,-4559
alpha 0.0005,2,279,-7,-1242,779,-4566
alpha 0.0005,2,280,-7,-1249,780,-4573
alpha 0.0005,2,281,-7,-1256,781,-4580
alpha 0.0005,2,282,-7,-1263,782,-4587
alpha 0.0005,2,283,-7,-1270,783,-4594
alpha 0.0005,2,284,-7,-1277,784,-4601
alpha 0.0005,2,285,-7,-1284,785,-4608
alpha 0.0005,2,286,-7,-1291,786,-4615
alpha 0.0005,2,287,-7,-1298,787,-4622
alpha 0.0005,2,288,-6,-1304,788,-4628
alpha 0.0005,2,289,-6,-1310,789,-4634
alpha 0.0005,2,290,-4,-1314,790,-4638
alpha 0.0005,2,291,-4,-1318,791,-4642
alpha 0.0005,2,292,-4,-1322,792,-4646
alpha 0.0005,2,293,-5,-1327,793,-4651
alpha 0.0005,2,294,-5,-1332,794,-4656
alpha 0.0005,2,295,-5,-1337,795,-4661
alpha 0.0005,2,296,-5,-1342,796,-4666
alpha 0.0005,2,297,-5,-1347,797,-4671
alpha 0.0005,2,298,-6,-1353,798,-4677
alpha 0.0005,2,299,-6,-1359,799,-4683
alpha 0.0005,2,300,-6,-1365,800,-4689
alpha 0.0005,2,301,-6,-1371,801,-4695
alpha 0.0005,2,302,-6,-1377,802,-4701
alpha 0.0005,2,303,-6,-1383,803,-4707
alpha 0.0005,2,304,-6,-1389,804,-4713
alpha 0.0005,2,305,-6,-1395,805,-4719
alpha 0.0005,2,306,-6,-1401,806,-4725
alpha 0.0005,2,307,-6,-1407,807,-4731
alpha 0.0005,2,308,-6,-1413,808,-4737
alpha 0.0005,2,309,-6,-1419,809,-4743
alpha 0.0005,2,310,-6,-1425,810,-4749
alpha 0.0005,2,311,-6,-1431,811,-4755
alpha 0.0005,2,312,-6,-1437,812,-4761
alpha 0.0005,2,313,-6,-1443,813,-4767
alpha 0.0005,2,314,-6,-1449,814,-4773
alpha 0.0005,2,315,-6,-1455,815,-4779
alpha 0.0005,2,316,-6,-1461,816,-4785
alpha 0.0005,2,317,-6,-1467,817,-4791
alpha 0.0005,2,318,-6,-1473,818,-4797
alpha 0.0005,2,319,-6,-1479,819,-4803
alpha 0.0005,2,320,-6,-1485,820,-4809
alpha 0.0005,2,321,-6,-1491,821,-4815
alpha 0.0005,2,322,-6,-1497,822,-4821
alpha 0.0005,2,323,-6,-1503,823,-4827
alpha 0.0005,2,324,-6,-1509,824,-4833
alpha 0.0005,2,325,-6,-1515,825,-4839
alpha 0.0005,2,326,-8,-1523,826,-4847
alpha 0.0005,2,327,-8,-1531,827,-4855
alpha 0.0005,2,328,-8,-1539,828,-4863
alpha 0.0005,2,329,-8,-1547,829,-4871
alpha 0.0005,2,330,-8,-1555,830,-4879
alpha 0.0005,2,331,-8,-1563,831,-4887
alpha 0.0005,2,332,-8,-1571,832,-4895
alpha 0.0005,2,333,-8,-1579,833,-4903
alpha 0.0005,2,334,-8,-1587,834,-4911
alpha 0.0005,2,335,-8,-1595,835,-4919
alpha 0.0005,2,336,-8,-1603,836,-4927
alpha 0.0005,2,337,-8,-1611,837,-4935
alpha 0.0005,2,338,-8,-1619,838,-4943
alpha 0.0005,2,339,-8,-1627,839,-4951
alpha 0.0005,2,340,-8,-1635,840,-4959
alpha 0.0005,2,341,-8,-1643,841,-4967
alpha 0.0005,2,342,-8,-1651,842,-4975
alpha 0.0005,2,343,-8,-1659,843,-4983
alpha 0.0005,2,344,-8,-1667,844,-4991
alpha 0.0005,2,345,-8,-1675,845,-4999
alpha 0.0005,2,346,-8,-1683,846,-5007
alpha 0.0005,2,347,-8,-1691,847,-5015
alpha 0.0005,2,348,-8,-1699,848,-5023
alpha 0.0005,2,349,-8,-1707,849,-5031
alpha 0.0005,2,350,-8,-1715,850,-5039
alpha 0.0005,2,351,-8,-1723,851,-5047
alpha 0.0005,2,352,-8,-1731,852,-5055
alpha 0.0005,2,353,-8,-1739,853,-5063
alpha 0.0005,2,354,-8,-1747,854,-5071
alpha 0.0005,2,355,-7,-1754,855,-5078
alpha 0.0005,2,356,-7,-1761,856,-5085
alpha 0.0005,2,357,-7,-1768,857,-5092
alpha 0.0005,2,358,-7,-1775,858,-5099
alpha 0.0005,2,359,-7,-1782,859,-5106
alpha 0.0005,2,360,-7,-1789,860,-5113
alpha 0.0005,2,361,-7,-1796,861,-5120
alpha 0.0005,2,362,-7,-1803,862,-5127
alpha 0.0005,2,363,-7,-1810,863,-5134
alpha 0.0005,2,364,-7,-1817,864,-5141
alpha 0.0005,2,365,-7,-1824,865,-5148
alpha 0.0005,2,366,-7,-1831,866,-5155
alpha 0.0005,2,367,-7,-1838,867,-5162
alpha 0.0005,2,368,-7,-1845,868,-5169
alpha 0.0005,2,369,-6,-1851,869,-5175
alpha 0.0005,2,370,-6,-1857,870,-5181
alpha 0.0005,2,371,-6,-1863,871,-5187
alpha 0.0005,2,372,-6,-1869,872,-5193
alpha 0.0005,2,373,-5,-1874,873,-5198
alpha 0.0005,2,374,-5,-1879,874,-5203
alpha 0.0005,2,375,-5,-1884,875,-5208
alpha 0.0005,2,376,-5,-1889,876,-5213
alpha 0.0005,2,377,-5,-1894,877,-5218
alpha 0.0005,2,378,-5,-1899,878,-5223
alpha 0.0005,2,379,-5,-1904,879,-5228
alpha 0.0005,2,380,-5,-1909,880,-5233
alpha 0.0005,2,381,-5,-1914,881,-5238
alpha 0.0005,2,382,-5,-1919,882,-5243
alpha 0.0005,2,383,-5,-1924,883,-5248
alpha 0.0005,2,384,-5,-1929,884,-5253
alpha 0.0005,2,385,-5,-1934,885,-5258
alpha 0.0005,2,386,-5,-1939,886,-5263
alpha 0.0005,2,387,-5,-1944,887,-5268
alpha 0.0005,2,388,-5,-1949,888,-5273
alpha 0.0005,2,389,-5,-1954,889,-5278
alpha 0.0005,2,390,-5,-1959,890,-5283
alpha 0.0005,2,391,-5,-1964,891,-5288
alpha 0.0005,2,392,-6,-1970,892,-5294
alpha 0.0005,2,393,-6,-1976,893,-5300
alpha 0.0005,2,394,-6,-1982,894,-5306
alpha 0.0005,2,395,-6,-1988,895,-5312
alpha 0.0005,2,396,-7,-1995,896,-5319
alpha 0.0005,2,397,-7,-2002,897,-5326
alpha 0.0005,2,398,-7,-2009,898,-5333
alpha 0.0005,2,399,-7,-2016,899,-5340
alpha 0.0005,2,400,-7,-2023,900,-5347
alpha 0.0005,2,401,-7,-2030,901,-5354
alpha 0.0005,2,402,-7,-2037,902,-5361
alpha 0.0005,2,403,-7,-2044,903,-5368
alpha 0.0005,2,404,-7,-2051,904,-5375
alpha 0.0005,2,405,-7,-2058,905,-5382
alpha 0.0005,2,406,-7,-2065,906,-5389
alpha 0.0005,2,407,-7,-2072,907,-5396
alpha 0.0005,2,408,-7,-2079,908,-5403
alpha 0.0005,2,409,-7,-2086,909,-5410
alpha 0.0005,2,410,-7,-2093,910,-5417
alpha 0.0005,2,411,-7,-2100,911,-5424
alpha 0.0005,2,412,-7,-2107,912,-5431
alpha 0.0005,2,413,-8,-2115,913,-5439
alpha 0.0005,2,414,-8,-2123,914,-5447
alpha 0.0005,2,415,-7,-2130,915,-5454
alpha 0.0005,2,416,-7,-2137,916,-5461
alpha 0.0005,2,417,-7,-2144,917,-5468
alpha 0.0005,2,418,-7,-2151,918,-5475
alpha 0.0005,2,419,-8,-2159,919,-5483
alpha 0.0005,2,420,-8,-2167,920,-5491
alpha 0.0005,2,421,-8,-2175,921,-5499
alpha 0.0005,2,422,-8,-2183,922,-5507
alpha 0.0005,2,423,-8,-2191,923,-5515
alpha 0.0005,2,424,-8,-2199,924,-5523
alpha 0.0005,2,425,-8,-2207,925,-5531
alpha 0.0005,2,426,-8,-2215,926,-5539
alpha 0.0005,2,427,-8,-2223,927,-5547
alpha 0.0005,2,428,-8,-2231,928,-5555
alpha 0.0005,2,429,-8,-2239,929,-5563
alpha 0.0005,2,430,-8,-2247,930,-5571
alpha 0.0005,2,431,-8,-2255,931,-5579
alpha 0.0005,2,432,-8,-2263,932,-5587
alpha 0.0005,2,433,-5,-2268,933,-5592
alpha 0.0005,2,434,-5,-2273,934,-5597
alpha 0.0005,2,435,-5,-2278,935,-5602
alpha 0.0005,2,436,-6,-2284,936,-5608
alpha 0.0005,2,437,-6,-2290,937,-5614
alpha 0.0005,2,438,-6,-2296,938,-5620
alpha 0.0005,2,439,-5,-2301,939,-5625
alpha 0.0005,2,440,-5,-2306,940,-5630
alpha 0.0005,2,441,-5,-2311,941,-5635
alpha 0.0005,2,442,-6,-2317,942,-5641
alpha 0.0005,2,443,-8,-2325,943,-5649
alpha 0.0005,2,444,-6,-2331,944,-5655
alpha 0.0005,2,445,-5,-2336,945,-5660
alpha 0.0005,2,446,-5,-2341,946,-5665
alpha 0.0005,2,447,-5,-2346,947,-5670
alpha 0.0005,2,448,-5,-2351,948,-5675
alpha 0.0005,2,449,-5,-2356,949,-5680
alpha 0.0005,2,450,-5,-2361,950,-5685
alpha 0.0005,2,451,-5,-2366,951,-5690
alpha 0.0005,2,452,-5,-2371,952,-5695
alpha 0.0005,2,453,-5,-2376,953,-5700
alpha 0.0005,2,454,-5,-2381,954,-5705
alpha 0.0005,2,455,-5,-2386,955,-5710
alpha 0.0005,2,456,-5,-2391,956,-5715
alpha 0.0005,2,457,-5,-2396,957,-5720
alpha 0.0005,2,458,-5,-2401,958,-5725
alpha 0.0005,2,459,-5,-2406,959,-5730
alpha 0.0005,2,460,-4,-2410,960,-5734
alpha 0.0005,2,461,-4,-2414,961,-5738
alpha 0.0005,2,462,-4,-2418,962,-5742
alpha 0.0005,2,463,-4,-2422,963,-5746
alpha 0.0005,2,464,-4,-2426,964,-5750
alpha 0.0005,2,465,-4,-2430,965,-5754
alpha 0.0005,2,466,-4,-2434,966,-5758
alpha 0.0005,2,467,-4,-2438,967,-5762
alpha 0.0005,2,468,-4,-2442,968,-5766
alpha 0.0005,2,469,-4,-2446,969,-5770
alpha 0.0005,2,470,-4,-2450,970,-5774
alpha 0.0005,2,471,-4,-2454,971,-5778
alpha 0.0005,2,472,-4,-2458,972,-5782
alpha 0.0005,2,473,-4,-2462,973,-5786
alpha 0.0005,2,474,-4,-2466,974,-5790
alpha 0.0005,2,475,-3,-2469,975,-5793
alpha 0.0005,2,476,-3,-2472,976,-5796
alpha 0.0005,2,477,-3,-2475,977,-5799
alpha 0.0005,2,478,-3,-2478,978,-5802
alpha 0.0005,2,479,-3,-2481,979,-5805
alpha 0.0005,2,480,-3,-2484,980,-5808
alpha 0.0005,2,481,-3,-2487,981,-5811
alpha 0.0005,2,482,-3,-2490,982,-5814
alpha 0.0005,2,483,-3,-2493,983,-5817
alpha 0.0005,2,484,-3,-2496,984,-5820
alpha 0.0005,2,485,-3,-2499,985,-5823
alpha 0.0005,2,486,-3,-2502,986,-5826
alpha 0.0005,2,487,-3,-2505,987,-5829
alpha 0.0005,2,488,-3,-2508,988,-5832
alpha 0.0005,2,489,-3,-2511,989,-5835
alpha 0.0005,2,490,-3,-2514,990,-5838
alpha 0.0005,2,491,-3,-2517,991,-5841
alpha 0.0005,2,492,-3,-2520,992,-5844
alpha 0.0005,2,493,-3,-2523,993,-5847
alpha 0.0005,2,494,-3,-2526,994,-5850
alpha 0.0005,2,495,-3,-2529,995,-5853
alpha 0.0005,2,496,-3,-2532,996,-5856
alpha 0.0005,2,497,-3,-2535,997,-5859
alpha 0.0005,2,498,-3,-2538,998,-5862
alpha 0.0005,2,499,-5,-2543,999,-5867
alpha 0.0005,2,500,-5,-2548,1000,-5872
alpha 0.0005,3,1,4,4,1001,-5868
alpha 0.0005,3,2,1,5,1002,-5867
alpha 0.0005,3,3,-3,2,1003,-5870
alpha 0.0005,3,4,-4,-2,1004,-5874
alpha 0.0005,3,5,-5,-7,1005,-5879
alpha 0.0005,3,6,-5,-12,1006,-5884
alpha 0.0005,3,7,-5,-17,1007,-5889
alpha 0.0005,3,8,-3,-20,1008,-5892
alpha 0.0005,3,9,-3,-23,1009,-5895
alpha 0.0005,3,10,-2,-25,1010,-5897
alpha 0.0005,3,11,-2,-27,1011,-5899
alpha 0.0005,3,12,-2,-29,1012,-5901
alpha 0.0005,3,13,-2,-31,1013,-5903
alpha 0.0005,3,14,-2,-33,1014,-5905
alpha 0.0005,3,15,-2,-35,1015,-5907
alpha 0.0005,3,16,-2,-37,1016,-5909
alpha 0.0005,3,17,-2,-39,1017,-5911
alpha 0.0005,3,18,-2,-41,1018,-5913
alpha 0.0005,3,19,-2,-43,1019,-5915
alpha 0.0005,3,20,-2,-45,1020,-5917
alpha 0.0005,3,21,-2,-47,1021,-5919
alpha 0.0005,3,22,-2,-49,1022,-5921
alpha 0.0005,3,23,-3,-52,1023,-5924
alpha 0.0005,3,24,-3,-55,1024,-5927
alpha 0.0005,3,25,-3,-58,1025,-5930
alpha 0.0005,3,26,-3,-61,1026,-5933
alpha 0.0005,3,27,-3,-64,1027,-5936
alpha 0.0005,3,28,-3,-67,1028,-5939
alpha 0.0005,3,29,-3,-70,1029,-5942
alpha 0.0005,3,30,-3,-73,1030,-5945
alpha 0.0005,3,31,-4,-77,1031,-5949
alpha 0.0005,3,32,-4,-81,1032,-5953
alpha 0.0005,3,33,-4,-85,1033,-5957
alpha 0.0005,3,34,-4,-89,1034,-5961
alpha 0.0005,3,35,-4,-93,1035,-5965
alpha 0.0005,3,36,-4,-97,1036,-5969
alpha 0.0005,3,37,-4,-101,1037,-5973
alpha 0.0005,3,38,-4,-105,1038,-5977
alpha 0.0005,3,39,-4,-109,1039,-5981
alpha 0.0005,3,40,-4,-113,1040,-5985
alpha 0.0005,3,41,-5,-118,1041,-5990
alpha 0.0005,3,42,-5,-123,1042,-5995
alpha 0.0005,3,43,-5,-128,1043,-6000
alpha 0.0005,3,44,-5,-133,1044,-6005
alpha 0.0005,3,45,-5,-138,1045,-6010
alpha 0.0005,3,46,-5,-143,1046,-6015
alpha 0.0005,3,47,-5,-148,1047,-6020
alpha 0.0005,3,48,-5,-153,1048,-6025
alpha 0.0005,3,49,-5,-158,1049,-6030
alpha 0.0005,3,50,-5,-163,1050,-6035
alpha 0.0005,3,51,-7,-170,1051,-6042
alpha 0.0005,3,52,-7,-177,1052,-6049
alpha 0.0005,3,53,-7,-184,1053,-6056
alpha 0.0005,3,54,-7,-191,1054,-6063
alpha 0.0005,3,55,-7,-198,1055,-6070
alpha 0.0005,3,56,-8,-206,1056,-6078
alpha 0.0005,3,57,-7,-213,1057,-6085
alpha 0.0005,3,58,-7,-220,1058,-6092
alpha 0.0005,3,59,-7,-227,1059,-6099
alpha 0.0005,3,60,-7,-234,1060,-6106
alpha 0.0005,3,61,-7,-241,1061,-6113
alpha 0.0005,3,62,-7,-248,1062,-6120
alpha 0.0005,3,63,-7,-255,1063,-6127
alpha 0.0005,3,64,-7,-262,1064,-6134
alpha 0.0005,3,65,-7,-269,1065,-6141
alpha 0.0005,3,66,-7,-276,1066,-6148
alpha 0.0005,3,67,-7,-283,1067,-6155
alpha 0.0005,3,68,-7,-290,1068,-6162
alpha 0.0005,3,69,-7,-297,1069,-6169
alpha 0.0005,3,70,-7,-304,1070,-6176
alpha 0.0005,3,71,-7,-311,1071,-6183
alpha 0.0005,3,72,-7,-318,1072,-6190
alpha 0.0005,3,73,-7,-325,1073,-6197
alpha 0.0005,3,74,-7,-332,1074,-6204
alpha 0.0005,3,75,-7,-339,1075,-6211
alpha 0.0005,3,76,-7,-346,1076,-6218
alpha 0.0005,3,77,-7,-353,1077,-6225
alpha 0.0005,3,78,-7,-360,1078,-6232
alpha 0.0005,3,79,-7,-367,1079,-6239
alpha 0.0005,3,80,-7,-374,1080,-6246
alpha 0.0005,3,81,-7,-381,1081,-6253
alpha 0.0005,3,82,-7,-388,1082,-6260
alpha 0.0005,3,83,-7,-395,1083,-6267
alpha 0.0005,3,84,-7,-402,1084,-6274
alpha 0.0005,3,85,-7,-409,1085,-6281
alpha 0.0005,3,86,-7,-416,1086,-6288
alpha 0.0005,3,87,-7,-423,1087,-6295
alpha 0.0005,3,88,-7,-430,1088,-6302
alpha 0.0005,3,89,-7,-437,1089,-6309
alpha 0.0005,3,90,-7,-444,1090,-6316
alpha 0.0005,3,91,-7,-451,1091,-6323
alpha 0.0005,3,92,-7,-458,1092,-6330
alpha 0.0005,3,93,-7,-465,1093,-6337
alpha 0.0005,3,94,-7,-472,1094,-6344
alpha 0.0005,3,95,-7,-479,1095,-6351
alpha 0.0005,3,96,-7,-486,1096,-6358
alpha 0.0005,3,97,-7,-493,1097,-6365
alpha 0.0005,3,98,-7,-500,1098,-6372
alpha 0.0005,3,99,-7,-507,1099,-6379
alpha 0.0005,3,100,-7,-514,1100,-6386
alpha 0.0005,3,101,-7,-521,1101,-6393
alpha 0.0005,3,102,-7,-528,1102,-6400
alpha 0.0005,3,103,-7,-535,1103,-6407
alpha 0.0005,3,104,-7,-542,1104,-6414
alpha 0.0005,3,105,-7,-549,1105,-6421
alpha 0.0005,3,106,-7,-556,1106,-6428
alpha 0.0005,3,107,-7,-563,1107,-6435
alpha 0.0005,3,108,-7,-570,1108,-6442
alpha 0.0005,3,109,-7,-577,1109,-6449
alpha 0.0005,3,110,-7,-584,1110,-6456
alpha 0.0005,3,111,-7,-591,1111,-6463
alpha 0.0005,3,112,-6,-597,1112,-6469
alpha 0.0005,3,113,-6,-603,1113,-6475
alpha 0.0005,3,114,-6,-609,1114,-6481
alpha 0.0005,3,115,-6,-615,1115,-6487
alpha 0.0005,3,116,-6,-621,1116,-6493
alpha 0.0005,3,117,-6,-627,1117,-6499
alpha 0.0005,3,118,-6,-633,1118,-6505
alpha 0.0005,3,119,-5,-638,1119,-6510
alpha 0.0005,3,120,-5,-643,1120,-6515
alpha 0.0005,3,121,-5,-648,1121,-6520
alpha 0.0005,3,122,-5,-653,1122,-6525
alpha 0.0005,3,123,-5,-658,1123,-6530
alpha 0.0005,3,124,-5,-663,1124,-6535
alpha 0.0005,3,125,-5,-668,1125,-6540
alpha 0.0005,3,126,-5,-673,1126,-6545
alpha 0.0005,3,127,-5,-678,1127,-6550
alpha 0.0005,3,128,-5,-683,1128,-6555
alpha 0.0005,3,129,-5,-688,1129,-6560
alpha 0.0005,3,130,-5,-693,1130,-6565
alpha 0.0005,3,131,-5,-698,1131,-6570
alpha 0.0005,3,132,-5,-703,1132,-6575
alpha 0.0005,3,133,-5,-708,1133,-6580
alpha 0.0005,3,134,-5,-713,1134,-6585
alpha 0.0005,3,135,-5,-718,1135,-6590
alpha 0.0005,3,136,-5,-723,1136,-6595
alpha 0.0005,3,137,-5,-728,1137,-6600
alpha 0.0005,3,138,-5,-733,1138,-6605
alpha 0.0005,3,139,-5,-738,1139,-6610
alpha 0.0005,3,140,-5,-743,1140,-6615
alpha 0.0005,3,141,-5,-748,1141,-6620
alpha 0.0005,3,142,-5,-753,1142,-6625
alpha 0.0005,3,143,-5,-758,1143,-6630
alpha 0.0005,3,144,-5,-763,1144,-6635
alpha 0.0005,3,145,-5,-768,1145,-6640
alpha 0.0005,3,146,-5,-773,1146,-6645
alpha 0.0005,3,147,-5,-778,1147,-6650
alpha 0.0005,3,148,-6,-784,1148,-6656
alpha 0.0005,3,149,-6,-790,1149,-6662
alpha 0.0005,3,150,-6,-796,1150,-6668
alpha 0.0005,3,151,-6,-802,1151,-6674
alpha 0.0005,3,152,-6,-808,1152,-6680
alpha 0.0005,3,153,-6,-814,1153,-6686
alpha 0.0005,3,154,-6,-820,1154,-6692
alpha 0.0005,3,155,-6,-826,1155,-6698
alpha 0.0005,3,156,-6,-832,1156,-6704
alpha 0.0005,3,157,-7,-839,1157,-6711
alpha 0.0005,3,158,-7,-846,1158,-6718
alpha 0.0005,3,159,-7,-853,1159,-6725
alpha 0.0005,3,160,-7,-860,1160,-6732
alpha 0.0005,3,161,-7,-867,1161,-6739
alpha 0.0005,3,162,-7,-874,1162,-6746
alpha 0.0005,3,163,-7,-881,1163,-6753
alpha 0.0005,3,164,-7,-888,1164,-6760
alpha 0.0005,3,165,-7,-895,1165,-6767
alpha 0.0005,3,166,-7,-902,1166,-6774
alpha 0.0005,3,167,-7,-909,1167,-6781
alpha 0.0005,3,168,-7,-916,1168,-6788
alpha 0.0005,3,169,-7,-923,1169,-6795
alpha 0.0005,3,170,-7,-930,1170,-6802
alpha 0.0005,3,171,-7,-937,1171,-6809
alpha 0.0005,3,172,-7,-944,1172,-6816
alpha 0.0005,3,173,-7,-951,1173,-6823
alpha 0.0005,3,174,-7,-958,1174,-6830
alpha 0.0005,3,175,-7,-965,1175,-6837
alpha 0.0005,3,176,-7,-972,1176,-6844
alpha 0.0005,3,177,-7,-979,1177,-6851
alpha 0.0005,3,178,-7,-986,1178,-6858
alpha 0.0005,3,179,-7,-993,1179,-6865
alpha 0.0005,3,180,-7,-1000,1180,-6872
alpha 0.0005,3,181,-7,-1007,1181,-6879
alpha 0.0005,3,182,-7,-1014,1182,-6886
alpha 0.0005,3,183,-7,-1021,1183,-6893
alpha 0.0005,3,184,-7,-1028,1184,-6900
alpha 0.0005,3,185,-7,-1035,1185,-6907
alpha 0.0005,3,186,-7,-1042,1186,-6914
alpha 0.0005,3,187,-7,-1049,1187,-6921
alpha 0.0005,3,188,-7,-1056,1188,-6928
alpha 0.0005,3,189,-5,-1061,1189,-6933
alpha 0.0005,3,190,-5,-1066,1190,-6938
alpha 0.0005,3,191,-5,-1071,1191,-6943
alpha 0.0005,3,192,-5,-1076,1192,-6948
alpha 0.0005,3,193,-5,-1081,1193,-6953
alpha 0.0005,3,194,-5,-1086,1194,-6958
alpha 0.0005,3,195,-5,-1091,1195,-6963
alpha 0.0005,3,196,-5,-1096,1196,-6968
alpha 0.0005,3,197,-7,-1103,1197,-6975
alpha 0.0005,3,198,-5,-1108,1198,-6980
alpha 0.0005,3,199,-5,-1113,1199,-6985
alpha 0.0005,3,200,-5,-1118,1200,-6990
alpha 0.0005,3,201,-5,-1123,1201,-6995
alpha 0.0005,3,202,-4,-1127,1202,-6999
alpha 0.0005,3,203,-4,-1131,1203,-7003
alpha 0.0005,3,204,-2,-1133,1204,-7005
alpha 0.0005,3,205,-3,-1136,1205,-7008
alpha 0.0005,3,206,-3,-1139,1206,-7011
alpha 0.0005,3,207,-2,-1141,1207,-7013
alpha 0.0005,3,208,-2,-1143,1208,-7015
alpha 0.0005,3,209,-2,-1145,1209,-7017
alpha 0.0005,3,210,-2,-1147,1210,-7019
alpha 0.0005,3,211,2,-1145,1211,-7017
alpha 0.0005,3,212,2,-1143,1212,-7015
alpha 0.0005,3,213,-1,-1144,1213,-7016
alpha 0.0005,3,214,-2,-1146,1214,-7018
alpha 0.0005,3,215,-2,-1148,1215,-7020
alpha 0.0005,3,216,-8,-1156,1216,-7028
alpha 0.0005,3,217,-8,-1164,1217,-7036
alpha 0.0005,3,218,-7,-1171,1218,-7043
alpha 0.0005,3,219,-7,-1178,1219,-7050
alpha 0.0005,3,220,-7,-1185,1220,-7057
alpha 0.0005,3,221,-7,-1192,1221,-7064
alpha 0.0005,3,222,-7,-1199,1222,-7071
alpha 0.0005,3,223,-7,-1206,1223,-7078
alpha 0.0005,3,224,-7,-1213,1224,-7085
alpha 0.0005,3,225,-7,-1220,1225,-7092
alpha 0.0005,3,226,-7,-1227,1226,-7099
alpha 0.0005,3,227,-7,-1234,1227,-7106
alpha 0.0005,3,228,-7,-1241,1228,-7113
alpha 0.0005,3,229,-7,-1248,1229,-7120
alpha 0.0005,3,230,-7,-1255,1230,-7127
alpha 0.0005,3,231,-7,-1262,1231,-7134
alpha 0.0005,3,232,-7,-1269,1232,-7141
alpha 0.0005,3,233,-7,-1276,1233,-7148
alpha 0.0005,3,234,-7,-1283,1234,-7155
alpha 0.0005,3,235,-7,-1290,1235,-7162
alpha 0.0005,3,236,-5,-1295,1236,-7167
alpha 0.0005,3,237,-5,-1300,1237,-7172
alpha 0.0005,3,238,-5,-1305,1238,-7177
alpha 0.0005,3,239,-4,-1309,1239,-7181
alpha 0.0005,3,240,-5,-1314,1240,-7186
alpha 0.0005,3,241,-6,-1320,1241,-7192
alpha 0.0005,3,242,-6,-1326,1242,-7198
alpha 0.0005,3,243,-6,-1332,1243,-7204
alpha 0.0005,3,244,-6,-1338,1244,-7210
alpha 0.0005,3,245,-5,-1343,1245,-7215
alpha 0.0005,3,246,-5,-1348,1246,-7220
alpha 0.0005,3,247,-5,-1353,1247,-7225
alpha 0.0005,3,248,-5,-1358,1248,-7230
alpha 0.0005,3,249,-5,-1363,1249,-7235
alpha 0.0005,3,250,-5,-1368,1250,-7240
alpha 0.0005,3,251,-3,-1371,1251,-7243
alpha 0.0005,3,252,-3,-1374,1252,-7246
alpha 0.0005,3,253,-2,-1376,1253,-7248
alpha 0.0005,3,254,-2,-1378,1254,-7250
alpha 0.0005,3,255,-2,-1380,1255,-7252
alpha 0.0005,3,256,-2,-1382,1256,-7254
alpha 0.0005,3,257,-2,-1384,1257,-7256
alpha 0.0005,3,258,-2,-1386,1258,-7258
alpha 0.0005,3,259,-2,-1388,1259,-7260
alpha 0.0005,3,260,-2,-1390,1260,-7262
alpha 0.0005,3,261,-2,-1392,1261,-7264
alpha 0.0005,3,262,-2,-1394,1262,-7266
alpha 0.0005,3,263,1,-1393,1263,-7265
alpha 0.0005,3,264,-1,-1394,1264,-7266
alpha 0.0005,3,265,1,-1393,1265,-7265
alpha 0.0005,3,266,1,-1392,1266,-7264
alpha 0.0005,3,267,-1,-1393,1267,-7265
alpha 0.0005,3,268,-1,-1394,1268,-7266
alpha 0.0005,3,269,-2,-1396,1269,-7268
alpha 0.0005,3,270,-2,-1398,1270,-7270
alpha 0.0005,3,271,-2,-1400,1271,-7272
alpha 0.0005,3,272,-2,-1402,1272,-7274
alpha 0.0005,3,273,-2,-1404,1273,-7276
alpha 0.0005,3,274,-2,-1406,1274,-7278
alpha 0.0005,3,275,-2,-1408,1275,-7280
alpha 0.0005,3,276,-2,-1410,1276,-7282
alpha 0.0005,3,277,-2,-1412,1277,-7284
alpha 0.0005,3,278,-3,-1415,1278,-7287
alpha 0.0005,3,279,-3,-1418,1279,-7290
alpha 0.0005,3,280,-3,-1421,1280,-7293
alpha 0.0005,3,281,-3,-1424,1281,-7296
alpha 0.0005,3,282,-3,-1427,1282,-7299
alpha 0.0005,3,283,-3,-1430,1283,-7302
alpha 0.0005,3,284,-3,-1433,1284,-7305
alpha 0.0005,3,285,-3,-1436,1285,-7308
alpha 0.0005,3,286,-3,-1439,1286,-7311
alpha 0.0005,3,287,-3,-1442,1287,-7314
alpha 0.0005,3,288,-3,-1445,1288,-7317
alpha 0.0005,3,289,-5,-1450,1289,-7322
alpha 0.0005,3,290,-5,-1455,1290,-7327
alpha 0.0005,3,291,-5,-1460,1291,-7332
alpha 0.0005,3,292,-5,-1465,1292,-7337
alpha 0.0005,3,293,-5,-1470,1293,-7342
alpha 0.0005,3,294,-5,-1475,1294,-7347
alpha 0.0005,3,295,-5,-1480,1295,-7352
alpha 0.0005,3,296,-5,-1485,1296,-7357
alpha 0.0005,3,297,-5,-1490,1297,-7362
alpha 0.0005,3,298,-5,-1495,1298,-7367
alpha 0.0005,3,299,-5,-1500,1299,-7372
alpha 0.0005,3,300,-6,-1506,1300,-7378
alpha 0.0005,3,301,-6,-1512,1301,-7384
alpha 0.0005,3,302,-6,-1518,1302,-7390
alpha 0.0005,3,303,-6,-1524,1303,-7396
alpha 0.0005,3,304,-6,-1530,1304,-7402
alpha 0.0005,3,305,-7,-1537,1305,-7409
alpha 0.0005,3,306,-7,-1544,1306,-7416
alpha 0.0005,3,307,-7,-1551,1307,-7423
alpha 0.0005,3,308,-7,-1558,1308,-7430
alpha 0.0005,3,309,-7,-1565,1309,-7437
alpha 0.0005,3,310,-7,-1572,1310,-7444
alpha 0.0005,3,311,-7,-1579,1311,-7451
alpha 0.0005,3,312,-7,-1586,1312,-7458
alpha 0.0005,3,313,-7,-1593,1313,-7465
alpha 0.0005,3,314,-7,-1600,1314,-7472
alpha 0.0005,3,315,-7,-1607,1315,-7479
alpha 0.0005,3,316,-7,-1614,1316,-7486
alpha 0.0005,3,317,-8,-1622,1317,-7494
alpha 0.0005,3,318,-8,-1630,1318,-7502
alpha 0.0005,3,319,-8,-1638,1319,-7510
alpha 0.0005,3,320,-8,-1646,1320,-7518
alpha 0.0005,3,321,-8,-1654,1321,-7526
alpha 0.0005,3,322,-10,-1664,1322,-7536
alpha 0.0005,3,323,-10,-1674,1323,-7546
alpha 0.0005,3,324,-10,-1684,1324,-7556
alpha 0.0005,3,325,-10,-1694,1325,-7566
alpha 0.0005,3,326,-10,-1704,1326,-7576
alpha 0.0005,3,327,-10,-1714,1327,-7586
alpha 0.0005,3,328,-10,-1724,1328,-7596
alpha 0.0005,3,329,-10,-1734,1329,-7606
alpha 0.0005,3,330,-10,-1744,1330,-7616
alpha 0.0005,3,331,-10,-1754,1331,-7626
alpha 0.0005,3,332,-10,-1764,1332,-7636
alpha 0.0005,3,333,-10,-1774,1333,-7646
alpha 0.0005,3,334,-10,-1784,1334,-7656
alpha 0.0005,3,335,-10,-1794,1335,-7666
alpha 0.0005,3,336,-10,-1804,1336,-7676
alpha 0.0005,3,337,-10,-1814,1337,-7686
alpha 0.0005,3,338,-10,-1824,1338,-7696
alpha 0.0005,3,339,-10,-1834,1339,-7706
alpha 0.0005,3,340,-10,-1844,1340,-7716
alpha 0.0005,3,341,-10,-1854,1341,-7726
alpha 0.0005,3,342,-10,-1864,1342,-7736
alpha 0.0005,3,343,-10,-1874,1343,-7746
alpha 0.0005,3,344,-10,-1884,1344,-7756
alpha 0.0005,3,345,-10,-1894,1345,-7766
alpha 0.0005,3,346,-10,-1904,1346,-7776
alpha 0.0005,3,347,-10,-1914,1347,-7786
alpha 0.0005,3,348,-10,-1924,1348,-7796
alpha 0.0005,3,349,-10,-1934,1349,-7806
alpha 0.0005,3,350,-10,-1944,1350,-7816
alpha 0.0005,3,351,-10,-1954,1351,-7826
alpha 0.0005,3,352,-10,-1964,1352,-7836
alpha 0.0005,3,353,-10,-1974,1353,-7846
alpha 0.0005,3,354,-10,-1984,1354,-7856
alpha 0.0005,3,355,-10,-1994,1355,-7866
alpha 0.0005,3,356,-10,-2004,1356,-7876
alpha 0.0005,3,357,-10,-2014,1357,-7886
alpha 0.0005,3,358,-10,-2024,1358,-7896
alpha 0.0005,3,359,-10,-2034,1359,-7906
alpha 0.0005,3,360,-10,-2044,1360,-7916
alpha 0.0005,3,361,-10,-2054,1361,-7926
alpha 0.0005,3,362,-10,-2064,1362,-7936
alpha 0.0005,3,363,-10,-2074,1363,-7946
alpha 0.0005,3,364,-10,-2084,1364,-7956
alpha 0.0005,3,365,-8,-2092,1365,-7964
alpha 0.0005,3,366,-8,-2100,1366,-7972
alpha 0.0005,3,367,-8,-2108,1367,-7980
alpha 0.0005,3,368,-7,-2115,1368,-7987
alpha 0.0005,3,369,-7,-2122,1369,-7994
alpha 0.0005,3,370,-7,-2129,1370,-8001
alpha 0.0005,3,371,-7,-2136,1371,-8008
alpha 0.0005,3,372,-7,-2143,1372,-8015
alpha 0.0005,3,373,-6,-2149,1373,-8021
alpha 0.0005,3,374,-6,-2155,1374,-8027
alpha 0.0005,3,375,-5,-2160,1375,-8032
alpha 0.0005,3,376,-5,-2165,1376,-8037
alpha 0.0005,3,377,-5,-2170,1377,-8042
alpha 0.0005,3,378,-5,-2175,1378,-8047
alpha 0.0005,3,379,-5,-2180,1379,-8052
alpha 0.0005,3,380,-6,-2186,1380,-8058
alpha 0.0005,3,381,-6,-2192,1381,-8064
alpha 0.0005,3,382,-7,-2199,1382,-8071
alpha 0.0005,3,383,-7,-2206,1383,-8078
alpha 0.0005,3,384,-7,-2213,1384,-8085
alpha 0.0005,3,385,-8,-2221,1385,-8093
alpha 0.0005,3,386,-8,-2229,1386,-8101
alpha 0.0005,3,387,-8,-2237,1387,-8109
alpha 0.0005,3,388,-10,-2247,1388,-8119
alpha 0.0005,3,389,-10,-2257,1389,-8129
alpha 0.0005,3,390,-10,-2267,1390,-8139
alpha 0.0005,3,391,-10,-2277,1391,-8149
alpha 0.0005,3,392,-10,-2287,1392,-8159
alpha 0.0005,3,393,-10,-2297,1393,-8169
alpha 0.0005,3,394,-10,-2307,1394,-8179
alpha 0.0005,3,395,-10,-2317,1395,-8189
alpha 0.0005,3,396,-10,-2327,1396,-8199
alpha 0.0005,3,397,-10,-2337,1397,-8209
alpha 0.0005,3,398,-3,-2340,1398,-8212
alpha 0.0005,3,399,-3,-2343,1399,-8215
alpha 0.0005,3,400,-5,-2348,1400,-8220
alpha 0.0005,3,401,-5,-2353,1401,-8225
alpha 0.0005,3,402,-7,-2360,1402,-8232
alpha 0.0005,3,403,-7,-2367,1403,-8239
alpha 0.0005,3,404,-8,-2375,1404,-8247
alpha 0.0005,3,405,-7,-2382,1405,-8254
alpha 0.0005,3,406,-7,-2389,1406,-8261
alpha 0.0005,3,407,-7,-2396,1407,-8268
alpha 0.0005,3,408,-7,-2403,1408,-8275
alpha 0.0005,3,409,-7,-2410,1409,-8282
alpha 0.0005,3,410,-7,-2417,1410,-8289
alpha 0.0005,3,411,-5,-2422,1411,-8294
alpha 0.0005,3,412,-4,-2426,1412,-8298
alpha 0.0005,3,413,-4,-2430,1413,-8302
alpha 0.0005,3,414,-8,-2438,1414,-8310
alpha 0.0005,3,415,-8,-2446,1415,-8318
alpha 0.0005,3,416,-8,-2454,1416,-8326
alpha 0.0005,3,417,-8,-2462,1417,-8334
alpha 0.0005,3,418,-8,-2470,1418,-8342
alpha 0.0005,3,419,-8,-2478,1419,-8350
alpha 0.0005,3,420,-8,-2486,1420,-8358
alpha 0.0005,3,421,-8,-2494,1421,-8366
alpha 0.0005,3,422,-8,-2502,1422,-8374
alpha 0.0005,3,423,-7,-2509,1423,-8381
alpha 0.0005,3,424,-7,-2516,1424,-8388
alpha 0.0005,3,425,-7,-2523,1425,-8395
alpha 0.0005,3,426,-7,-2530,1426,-8402
alpha 0.0005,3,427,-7,-2537,1427,-8409
alpha 0.0005,3,428,-7,-2544,1428,-8416
alpha 0.0005,3,429,-7,-2551,1429,-8423
alpha 0.0005,3,430,-7,-2558,1430,-8430
alpha 0.0005,3,431,-7,-2565,1431,-8437
alpha 0.0005,3,432,-7,-2572,1432,-8444
alpha 0.0005,3,433,-7,-2579,1433,-8451
alpha 0.0005,3,434,-7,-2586,1434,-8458
alpha 0.0005,3,435,-7,-2593,1435,-8465
alpha 0.0005,3,436,-7,-2600,1436,-8472
alpha 0.0005,3,437,-7,-2607,1437,-8479
alpha 0.0005,3,438,-7,-2614,1438,-8486
alpha 0.0005,3,439,-7,-2621,1439,-8493
alpha 0.0005,3,440,-7,-2628,1440,-8500
alpha 0.0005,3,441,-7,-2635,1441,-8507
alpha 0.0005,3,442,-7,-2642,1442,-8514
alpha 0.0005,3,443,-7,-2649,1443,-8521
alpha 0.0005,3,444,-7,-2656,1444,-8528
alpha 0.0005,3,445,-7,-2663,1445,-8535
alpha 0.0005,3,446,-7,-2670,1446,-8542
alpha 0.0005,3,447,-7,-2677,1447,-8549
alpha 0.0005,3,448,-6,-2683,1448,-8555
alpha 0.0005,3,449,-6,-2689,1449,-8561
alpha 0.0005,3,450,-6,-2695,1450,-8567
alpha 0.0005,3,451,-6,-2701,1451,-8573
alpha 0.0005,3,452,-6,-2707,1452,-8579
alpha 0.0005,3,453,-6,-2713,1453,-8585
alpha 0.0005,3,454,-6,-2719,1454,-8591
alpha 0.0005,3,455,-6,-2725,1455,-8597
alpha 0.0005,3,456,-6,-2731,1456,-8603
alpha 0.0005,3,457,-6,-2737,1457,-8609
alpha 0.0005,3,458,-5,-2742,1458,-8614
alpha 0.0005,3,459,-5,-2747,1459,-8619
alpha 0.0005,3,460,-5,-2752,1460,-8624
alpha 0.0005,3,461,-5,-2757,1461,-8629
alpha 0.0005,3,462,-5,-2762,1462,-8634
alpha 0.0005,3,463,-5,-2767,1463,-8639
alpha 0.0005,3,464,-5,-2772,1464,-8644
alpha 0.0005,3,465,-5,-2777,1465,-8649
alpha 0.0005,3,466,-5,-2782,1466,-8654
alpha 0.0005,3,467,-5,-2787,1467,-8659
alpha 0.0005,3,468,-5,-2792,1468,-8664
alpha 0.0005,3,469,-5,-2797,1469,-8669
alpha 0.0005,3,470,-5,-2802,1470,-8674
alpha 0.0005,3,471,-5,-2807,1471,-8679
alpha 0.0005,3,472,-5,-2812,1472,-8684
alpha 0.0005,3,473,-5,-2817,1473,-8689
alpha 0.0005,3,474,-5,-2822,1474,-8694
alpha 0.0005,3,475,-5,-2827,1475,-8699
alpha 0.0005,3,476,-5,-2832,1476,-8704
alpha 0.0005,3,477,-5,-2837,1477,-8709
alpha 0.0005,3,478,-5,-2842,1478,-8714
alpha 0.0005,3,479,-5,-2847,1479,-8719
alpha 0.0005,3,480,-5,-2852,1480,-8724
alpha 0.0005,3,481,-5,-2857,1481,-8729
alpha 0.0005,3,482,-5,-2862,1482,-8734
alpha 0.0005,3,483,-5,-2867,1483,-8739
alpha 0.0005,3,484,-5,-2872,1484,-8744
alpha 0.0005,3,485,-5,-2877,1485,-8749
alpha 0.0005,3,486,-5,-2882,1486,-8754
alpha 0.0005,3,487,-6,-2888,1487,-8760
alpha 0.0005,3,488,-6,-2894,1488,-8766
alpha 0.0005,3,489,-6,-2900,1489,-8772
alpha 0.0005,3,490,-5,-2905,1490,-8777
alpha 0.0005,3,491,-5,-2910,1491,-8782
alpha 0.0005,3,492,-5,-2915,1492,-8787
alpha 0.0005,3,493,-5,-2920,1493,-8792
alpha 0.0005,3,494,-5,-2925,1494,-8797
alpha 0.0005,3,495,-5,-2930,1495,-8802
alpha 0.0005,3,496,-5,-2935,1496,-8807
alpha 0.0005,3,497,-5,-2940,1497,-8812
alpha 0.0005,3,498,-5,-2945,1498,-8817
alpha 0.0005,3,499,-5,-2950,1499,-8822
alpha 0.0005,3,500,-5,-2955,1500,-8827
alpha 0.0005,4,1,2,2,1501,-8825
alpha 0.0005,4,2,1,3,1502,-8824
alpha 0.0005,4,3,1,4,1503,-8823
alpha 0.0005,4,4,1,5,1504,-8822
alpha 0.0005,4,5,1,6,1505,-8821
alpha 0.0005,4,6,1,7,1506,-8820
alpha 0.0005,4,7,-1,6,1507,-8821
alpha 0.0005,4,8,-1,5,1508,-8822
alpha 0.0005,4,9,-2,3,1509,-8824
alpha 0.0005,4,10,-2,1,1510,-8826
alpha 0.0005,4,11,-2,-1,1511,-8828
alpha 0.0005,4,12,-2,-3,1512,-8830
alpha 0.0005,4,13,-2,-5,1513,-8832
alpha 0.0005,4,14,-3,-8,1514,-8835
alpha 0.0005,4,15,-3,-11,1515,-8838
alpha 0.0005,4,16,-3,-14,1516,-8841
alpha 0.0005,4,17,-3,-17,1517,-8844
alpha 0.0005,4,18,-5,-22,1518,-8849
alpha 0.0005,4,19,-3,-25,1519,-8852
alpha 0.0005,4,20,-3,-28,1520,-8855
alpha 0.0005,4,21,-3,-31,1521,-8858
alpha 0.0005,4,22,-3,-34,1522,-8861
alpha 0.0005,4,23,-3,-37,1523,-8864
alpha 0.0005,4,24,-3,-40,1524,-8867
alpha 0.0005,4,25,-3,-43,1525,-8870
alpha 0.0005,4,26,-3,-46,1526,-8873
alpha 0.0005,4,27,-5,-51,1527,-8878
alpha 0.0005,4,28,-5,-56,1528,-8883
alpha 0.0005,4,29,-5,-61,1529,-8888
alpha 0.0005,4,30,-5,-66,1530,-8893
alpha 0.0005,4,31,-5,-71,1531,-8898
alpha 0.0005,4,32,-5,-76,1532,-8903
alpha 0.0005,4,33,-5,-81,1533,-8908
alpha 0.0005,4,34,-5,-86,1534,-8913
alpha 0.0005,4,35,-5,-91,1535,-8918
alpha 0.0005,4,36,-5,-96,1536,-8923
alpha 0.0005,4,37,-5,-101,1537,-8928
alpha 0.0005,4,38,-5,-106,1538,-8933
alpha 0.0005,4,39,-5,-111,1539,-8938
alpha 0.0005,4,40,-5,-116,1540,-8943
alpha 0.0005,4,41,-5,-121,1541,-8948
alpha 0.0005,4,42,-5,-126,1542,-8953
alpha 0.0005,4,43,-5,-131,1543,-8958
alpha 0.0005,4,44,-5,-136,1544,-8963
alpha 0.0005,4,45,-5,-141,1545,-8968
alpha 0.0005,4,46,-5,-146,1546,-8973
alpha 0.0005,4,47,-5,-151,1547,-8978
alpha 0.0005,4,48,-5,-156,1548,-8983
alpha 0.0005,4,49,-5,-161,1549,-8988
alpha 0.0005,4,50,-5,-166,1550,-8993
alpha 0.0005,4,51,-5,-171,1551,-8998
alpha 0.0005,4,52,-5,-176,1552,-9003
alpha 0.0005,4,53,-5,-181,1553,-9008
alpha 0.0005,4,54,-5,-186,1554,-9013
alpha 0.0005,4,55,-5,-191,1555,-9018
alpha 0.0005,4,56,-5,-196,1556,-9023
alpha 0.0005,4,57,-6,-202,1557,-9029
alpha 0.0005,4,58,-6,-208,1558,-9035
alpha 0.0005,4,59,-6,-214,1559,-9041
alpha 0.0005,4,60,-6,-220,1560,-9047
alpha 0.0005,4,61,-6,-226,1561,-9053
alpha 0.0005,4,62,-6,-232,1562,-9059
alpha 0.0005,4,63,-7,-239,1563,-9066
alpha 0.0005,4,64,-7,-246,1564,-9073
alpha 0.0005,4,65,-7,-253,1565,-9080
alpha 0.0005,4,66,-7,-260,1566,-9087
alpha 0.0005,4,67,-7,-267,1567,-9094
alpha 0.0005,4,68,-7,-274,1568,-9101
alpha 0.0005,4,69,-7,-281,1569,-9108
alpha 0.0005,4,70,-7,-288,1570,-9115
alpha 0.0005,4,71,-8,-296,1571,-9123
alpha 0.0005,4,72,-8,-304,1572,-9131
alpha 0.0005,4,73,-10,-314,1573,-9141
alpha 0.0005,4,74,-10,-324,1574,-9151
alpha 0.0005,4,75,-10,-334,1575,-9161
alpha 0.0005,4,76,-10,-344,1576,-9171
alpha 0.0005,4,77,-10,-354,1577,-9181
alpha 0.0005,4,78,-10,-364,1578,-9191
alpha 0.0005,4,79,-10,-374,1579,-9201
alpha 0.0005,4,80,-10,-384,1580,-9211
alpha 0.0005,4,81,-10,-394,1581,-9221
alpha 0.0005,4,82,-10,-404,1582,-9231
alpha 0.0005,4,83,-10,-414,1583,-9241
alpha 0.0005,4,84,-10,-424,1584,-9251
alpha 0.0005,4,85,-10,-434,1585,-9261
alpha 0.0005,4,86,-10,-444,1586,-9271
alpha 0.0005,4,87,-10,-454,1587,-9281
alpha 0.0005,4,88,-10,-464,1588,-9291
alpha 0.0005,4,89,-10,-474,1589,-9301
alpha 0.0005,4,90,-10,-484,1590,-9311
alpha 0.0005,4,91,-10,-494,1591,-9321
alpha 0.0005,4,92,-10,-504,1592,-9331
alpha 0.0005,4,93,-10,-514,1593,-9341
alpha 0.0005,4,94,-10,-524,1594,-9351
alpha 0.0005,4,95,-10,-534,1595,-9361
alpha 0.0005,4,96,-10,-544,1596,-9371
alpha 0.0005,4,97,-10,-554,1597,-9381
alpha 0.0005,4,98,-10,-564,1598,-9391
alpha 0.0005,4,99,-10,-574,1599,-9401
alpha 0.0005,4,100,-10,-584,1600,-9411
alpha 0.0005,4,101,-10,-594,1601,-9421
alpha 0.0005,4,102,-10,-604,1602,-9431
alpha 0.0005,4,103,-10,-614,1603,-9441
alpha 0.0005,4,104,-10,-624,1604,-9451
alpha 0.0005,4,105,-10,-634,1605,-9461
alpha 0.0005,4,106,-10,-644,1606,-9471
alpha 0.0005,4,107,-10,-654,1607,-9481
alpha 0.0005,4,108,-10,-664,1608,-9491
alpha 0.0005,4,109,-10,-674,1609,-9501
alpha 0.0005,4,110,-10,-684,1610,-9511
alpha 0.0005,4,111,-10,-694,1611,-9521
alpha 0.0005,4,112,-10,-704,1612,-9531
alpha 0.0005,4,113,-10,-714,1613,-9541
alpha 0.0005,4,114,-10,-724,1614,-9551
alpha 0.0005,4,115,-10,-734,1615,-9561
alpha 0.0005,4,116,-10,-744,1616,-9571
alpha 0.0005,4,117,-10,-754,1617,-9581
alpha 0.0005,4,118,-8,-762,1618,-9589
alpha 0.0005,4,119,-8,-770,1619,-9597
alpha 0.0005,4,120,-7,-777,1620,-9604
alpha 0.0005,4,121,-7,-784,1621,-9611
alpha 0.0005,4,122,-7,-791,1622,-9618
alpha 0.0005,4,123,-6,-797,1623,-9624
alpha 0.0005,4,124,-5,-802,1624,-9629
alpha 0.0005,4,125,-5,-807,1625,-9634
alpha 0.0005,4,126,-5,-812,1626,-9639
alpha 0.0005,4,127,-6,-818,1627,-9645
alpha 0.0005,4,128,-7,-825,1628,-9652
alpha 0.0005,4,129,-7,-832,1629,-9659
alpha 0.0005,4,130,-8,-840,1630,-9667
alpha 0.0005,4,131,-8,-848,1631,-9675
alpha 0.0005,4,132,-10,-858,1632,-9685
alpha 0.0005,4,133,-10,-868,1633,-9695
alpha 0.0005,4,134,-10,-878,1634,-9705
alpha 0.0005,4,135,-10,-888,1635,-9715
alpha 0.0005,4,136,-10,-898,1636,-9725
alpha 0.0005,4,137,-10,-908,1637,-9735
alpha 0.0005,4,138,-10,-918,1638,-9745
alpha 0.0005,4,139,-10,-928,1639,-9755
alpha 0.0005,4,140,-10,-938,1640,-9765
alpha 0.0005,4,141,-10,-948,1641,-9775
alpha 0.0005,4,142,-10,-958,1642,-9785
alpha 0.0005,4,143,-10,-968,1643,-9795
alpha 0.0005,4,144,-10,-978,1644,-9805
alpha 0.0005,4,145,-10,-988,1645,-9815
alpha 0.0005,4,146,-10,-998,1646,-9825
alpha 0.0005,4,147,-10,-1008,1647,-9835
alpha 0.0005,4,148,-10,-1018,1648,-9845
alpha 0.0005,4,149,-10,-1028,1649,-9855
alpha 0.0005,4,150,-10,-1038,1650,-9865
alpha 0.0005,4,151,-10,-1048,1651,-9875
alpha 0.0005,4,152,-10,-1058,1652,-9885
alpha 0.0005,4,153,-10,-1068,1653,-9895
alpha 0.0005,4,154,-10,-1078,1654,-9905
alpha 0.0005,4,155,-10,-1088,1655,-9915
alpha 0.0005,4,156,-10,-1098,1656,-9925
alpha 0.0005,4,157,-10,-1108,1657,-9935
alpha 0.0005,4,158,-10,-1118,1658,-9945
alpha 0.0005,4,159,-10,-1128,1659,-9955
alpha 0.0005,4,160,-8,-1136,1660,-9963
alpha 0.0005,4,161,-8,-1144,1661,-9971
alpha 0.0005,4,162,-8,-1152,1662,-9979
alpha 0.0005,4,163,-8,-1160,1663,-9987
alpha 0.0005,4,164,-8,-1168,1664,-9995
alpha 0.0005,4,165,-7,-1175,1665,-10002
alpha 0.0005,4,166,-8,-1183,1666,-10010
alpha 0.0005,4,167,-10,-1193,1667,-10020
alpha 0.0005,4,168,-10,-1203,1668,-10030
alpha 0.0005,4,169,-8,-1211,1669,-10038
alpha 0.0005,4,170,-8,-1219,1670,-10046
alpha 0.0005,4,171,-8,-1227,1671,-10054
alpha 0.0005,4,172,-7,-1234,1672,-10061
alpha 0.0005,4,173,-7,-1241,1673,-10068
alpha 0.0005,4,174,-7,-1248,1674,-10075
alpha 0.0005,4,175,-7,-1255,1675,-10082
alpha 0.0005,4,176,-6,-1261,1676,-10088
alpha 0.0005,4,177,-6,-1267,1677,-10094
alpha 0.0005,4,178,-6,-1273,1678,-10100
alpha 0.0005,4,179,-6,-1279,1679,-10106
alpha 0.0005,4,180,-6,-1285,1680,-10112
alpha 0.0005,4,181,-5,-1290,1681,-10117
alpha 0.0005,4,182,-5,-1295,1682,-10122
alpha 0.0005,4,183,-5,-1300,1683,-10127
alpha 0.0005,4,184,-5,-1305,1684,-10132
alpha 0.0005,4,185,-6,-1311,1685,-10138
alpha 0.0005,4,186,-7,-1318,1686,-10145
alpha 0.0005,4,187,-7,-1325,1687,-10152
alpha 0.0005,4,188,-6,-1331,1688,-10158
alpha 0.0005,4,189,-5,-1336,1689,-10163
alpha 0.0005,4,190,-5,-1341,1690,-10168
alpha 0.0005,4,191,-5,-1346,1691,-10173
alpha 0.0005,4,192,-5,-1351,1692,-10178
alpha 0.0005,4,193,-5,-1356,1693,-10183
alpha 0.0005,4,194,-5,-1361,1694,-10188
alpha 0.0005,4,195,-5,-1366,1695,-10193
alpha 0.0005,4,196,-5,-1371,1696,-10198
alpha 0.0005,4,197,-5,-1376,1697,-10203
alpha 0.0005,4,198,-5,-1381,1698,-10208
alpha 0.0005,4,199,-3,-1384,1699,-10211
alpha 0.0005,4,200,-3,-1387,1700,-10214
alpha 0.0005,4,201,-3,-1390,1701,-10217
alpha 0.0005,4,202,-5,-1395,1702,-10222
alpha 0.0005,4,203,-3,-1398,1703,-10225
alpha 0.0005,4,204,-3,-1401,1704,-10228
alpha 0.0005,4,205,-3,-1404,1705,-10231
alpha 0.0005,4,206,-3,-1407,1706,-10234
alpha 0.0005,4,207,-3,-1410,1707,-10237
alpha 0.0005,4,208,-8,-1418,1708,-10245
alpha 0.0005,4,209,-8,-1426,1709,-10253
alpha 0.0005,4,210,-8,-1434,1710,-10261
alpha 0.0005,4,211,-8,-1442,1711,-10269
alpha 0.0005,4,212,-6,-1448,1712,-10275
alpha 0.0005,4,213,-5,-1453,1713,-10280
alpha 0.0005,4,214,-5,-1458,1714,-10285
alpha 0.0005,4,215,-5,-1463,1715,-10290
alpha 0.0005,4,216,-5,-1468,1716,-10295
alpha 0.0005,4,217,-5,-1473,1717,-10300
alpha 0.0005,4,218,-5,-1478,1718,-10305
alpha 0.0005,4,219,-5,-1483,1719,-10310
alpha 0.0005,4,220,-5,-1488,1720,-10315
alpha 0.0005,4,221,-5,-1493,1721,-10320
alpha 0.0005,4,222,-5,-1498,1722,-10325
alpha 0.0005,4,223,-5,-1503,1723,-10330
alpha 0.0005,4,224,-4,-1507,1724,-10334
alpha 0.0005,4,225,-4,-1511,1725,-10338
alpha 0.0005,4,226,-4,-1515,1726,-10342
alpha 0.0005,4,227,-4,-1519,1727,-10346
alpha 0.0005,4,228,-4,-1523,1728,-10350
alpha 0.0005,4,229,-4,-1527,1729,-10354
alpha 0.0005,4,230,-4,-1531,1730,-10358
alpha 0.0005,4,231,-5,-1536,1731,-10363
alpha 0.0005,4,232,-5,-1541,1732,-10368
alpha 0.0005,4,233,-5,-1546,1733,-10373
alpha 0.0005,4,234,-5,-1551,1734,-10378
alpha 0.0005,4,235,-5,-1556,1735,-10383
alpha 0.0005,4,236,-5,-1561,1736,-10388
alpha 0.0005,4,237,-5,-1566,1737,-10393
alpha 0.0005,4,238,-5,-1571,1738,-10398
alpha 0.0005,4,239,-7,-1578,1739,-10405
alpha 0.0005,4,240,-7,-1585,1740,-10412
alpha 0.0005,4,241,-7,-1592,1741,-10419
alpha 0.0005,4,242,-7,-1599,1742,-10426
alpha 0.0005,4,243,-6,-1605,1743,-10432
alpha 0.0005,4,244,-6,-1611,1744,-10438
alpha 0.0005,4,245,-6,-1617,1745,-10444
alpha 0.0005,4,246,-6,-1623,1746,-10450
alpha 0.0005,4,247,-6,-1629,1747,-10456
alpha 0.0005,4,248,-6,-1635,1748,-10462
alpha 0.0005,4,249,-6,-1641,1749,-10468
alpha 0.0005,4,250,-6,-1647,1750,-10474
alpha 0.0005,4,251,-6,-1653,1751,-10480
alpha 0.0005,4,252,-5,-1658,1752,-10485
alpha 0.0005,4,253,-5,-1663,1753,-10490
alpha 0.0005,4,254,-5,-1668,1754,-10495
alpha 0.0005,4,255,-5,-1673,1755,-10500
alpha 0.0005,4,256,-5,-1678,1756,-10505
alpha 0.0005,4,257,-5,-1683,1757,-10510
alpha 0.0005,4,258,-5,-1688,1758,-10515
alpha 0.0005,4,259,-5,-1693,1759,-10520
alpha 0.0005,4,260,-5,-1698,1760,-10525
alpha 0.0005,4,261,-5,-1703,1761,-10530
alpha 0.0005,4,262,-5,-1708,1762,-10535
alpha 0.0005,4,263,-5,-1713,1763,-10540
alpha 0.0005,4,264,-5,-1718,1764,-10545
alpha 0.0005,4,265,-5,-1723,1765,-10550
alpha 0.0005,4,266,-5,-1728,1766,-10555
alpha 0.0005,4,267,-5,-1733,1767,-10560
alpha 0.0005,4,268,-5,-1738,1768,-10565
alpha 0.0005,4,269,-5,-1743,1769,-10570
alpha 0.0005,4,270,-5,-1748,1770,-10575
alpha 0.0005,4,271,-5,-1753,1771,-10580
alpha 0.0005,4,272,-5,-1758,1772,-10585
alpha 0.0005,4,273,-5,-1763,1773,-10590
alpha 0.0005,4,274,-5,-1768,1774,-10595
alpha 0.0005,4,275,-5,-1773,1775,-10600
alpha 0.0005,4,276,-5,-1778,1776,-10605
alpha 0.0005,4,277,-5,-1783,1777,-10610
alpha 0.0005,4,278,-5,-1788,1778,-10615
alpha 0.0005,4,279,-5,-1793,1779,-10620
alpha 0.0005,4,280,-5,-1798,1780,-10625
alpha 0.0005,4,281,-5,-1803,1781,-10630
alpha 0.0005,4,282,-5,-1808,1782,-10635
alpha 0.0005,4,283,-5,-1813,1783,-10640
alpha 0.0005,4,284,-5,-1818,1784,-10645
alpha 0.0005,4,285,-5,-1823,1785,-10650
alpha 0.0005,4,286,-5,-1828,1786,-10655
alpha 0.0005,4,287,-5,-1833,1787,-10660
alpha 0.0005,4,288,-5,-1838,1788,-10665
alpha 0.0005,4,289,-5,-1843,1789,-10670
alpha 0.0005,4,290,-5,-1848,1790,-10675
alpha 0.0005,4,291,-5,-1853,1791,-10680
alpha 0.0005,4,292,-5,-1858,1792,-10685
alpha 0.0005,4,293,-5,-1863,1793,-10690
alpha 0.0005,4,294,-5,-1868,1794,-10695
alpha 0.0005,4,295,-5,-1873,1795,-10700
alpha 0.0005,4,296,-5,-1878,1796,-10705
alpha 0.0005,4,297,-5,-1883,1797,-10710
alpha 0.0005,4,298,-5,-1888,1798,-10715
alpha 0.0005,4,299,-5,-1893,1799,-10720
alpha 0.0005,4,300,-5,-1898,1800,-10725
alpha 0.0005,4,301,-5,-1903,1801,-10730
alpha 0.0005,4,302,-5,-1908,1802,-10735
alpha 0.0005,4,303,-5,-1913,1803,-10740
alpha 0.0005,4,304,-5,-1918,1804,-10745
alpha 0.0005,4,305,-5,-1923,1805,-10750
alpha 0.0005,4,306,-6,-1929,1806,-10756
alpha 0.0005,4,307,-6,-1935,1807,-10762
alpha 0.0005,4,308,-6,-1941,1808,-10768
alpha 0.0005,4,309,-6,-1947,1809,-10774
alpha 0.0005,4,310,-6,-1953,1810,-10780
alpha 0.0005,4,311,-6,-1959,1811,-10786
alpha 0.0005,4,312,-6,-1965,1812,-10792
alpha 0.0005,4,313,-6,-1971,1813,-10798
alpha 0.0005,4,314,-6,-1977,1814,-10804
alpha 0.0005,4,315,-6,-1983,1815,-10810
alpha 0.0005,4,316,-7,-1990,1816,-10817
alpha 0.0005,4,317,-7,-1997,1817,-10824
alpha 0.0005,4,318,-7,-2004,1818,-10831
alpha 0.0005,4,319,-7,-2011,1819,-10838
alpha 0.0005,4,320,-5,-2016,1820,-10843
alpha 0.0005,4,321,-5,-2021,1821,-10848
alpha 0.0005,4,322,-4,-2025,1822,-10852
alpha 0.0005,4,323,-4,-2029,1823,-10856
alpha 0.0005,4,324,-4,-2033,1824,-10860
alpha 0.0005,4,325,-4,-2037,1825,-10864
alpha 0.0005,4,326,-4,-2041,1826,-10868
alpha 0.0005,4,327,-5,-2046,1827,-10873
alpha 0.0005,4,328,-5,-2051,1828,-10878
alpha 0.0005,4,329,-5,-2056,1829,-10883
alpha 0.0005,4,330,-4,-2060,1830,-10887
alpha 0.0005,4,331,-4,-2064,1831,-10891
alpha 0.0005,4,332,-4,-2068,1832,-10895
alpha 0.0005,4,333,-4,-2072,1833,-10899
alpha 0.0005,4,334,-4,-2076,1834,-10903
alpha 0.0005,4,335,-4,-2080,1835,-10907
alpha 0.0005,4,336,-4,-2084,1836,-10911
alpha 0.0005,4,337,-4,-2088,1837,-10915
alpha 0.0005,4,338,-4,-2092,1838,-10919
alpha 0.0005,4,339,-4,-2096,1839,-10923
alpha 0.0005,4,340,-4,-2100,1840,-10927
alpha 0.0005,4,341,-4,-2104,1841,-10931
alpha 0.0005,4,342,-5,-2109,1842,-10936
alpha 0.0005,4,343,-5,-2114,1843,-10941
alpha 0.0005,4,344,-5,-2119,1844,-10946
alpha 0.0005,4,345,-5,-2124,1845,-10951
alpha 0.0005,4,346,-5,-2129,1846,-10956
alpha 0.0005,4,347,-5,-2134,1847,-10961
alpha 0.0005,4,348,-6,-2140,1848,-10967
alpha 0.0005,4,349,-6,-2146,1849,-10973
alpha 0.0005,4,350,-6,-2152,1850,-10979
alpha 0.0005,4,351,-6,-2158,1851,-10985
alpha 0.0005,4,352,-6,-2164,1852,-10991
alpha 0.0005,4,353,-6,-2170,1853,-10997
alpha 0.0005,4,354,-6,-2176,1854,-11003
alpha 0.0005,4,355,-6,-2182,1855,-11009
alpha 0.0005,4,356,-6,-2188,1856,-11015
alpha 0.0005,4,357,-8,-2196,1857,-11023
alpha 0.0005,4,358,-8,-2204,1858,-11031
alpha 0.0005,4,359,-8,-2212,1859,-11039
alpha 0.0005,4,360,-8,-2220,1860,-11047
alpha 0.0005,4,361,-8,-2228,1861,-11055
alpha 0.0005,4,362,-10,-2238,1862,-11065
alpha 0.0005,4,363,-8,-2246,1863,-11073
alpha 0.0005,4,364,-8,-2254,1864,-11081
alpha 0.0005,4,365,-8,-2262,1865,-11089
alpha 0.0005,4,366,-10,-2272,1866,-11099
alpha 0.0005,4,367,-10,-2282,1867,-11109
alpha 0.0005,4,368,-10,-2292,1868,-11119
alpha 0.0005,4,369,-10,-2302,1869,-11129
alpha 0.0005,4,370,-10,-2312,1870,-11139
alpha 0.0005,4,371,-10,-2322,1871,-11149
alpha 0.0005,4,372,-10,-2332,1872,-11159
alpha 0.0005,4,373,-10,-2342,1873,-11169
alpha 0.0005,4,374,-10,-2352,1874,-11179
alpha 0.0005,4,375,-10,-2362,1875,-11189
alpha 0.0005,4,376,-10,-2372,1876,-11199
alpha 0.0005,4,377,-10,-2382,1877,-11209
alpha 0.0005,4,378,-10,-2392,1878,-11219
alpha 0.0005,4,379,-10,-2402,1879,-11229
alpha 0.0005,4,380,-10,-2412,1880,-11239
alpha 0.0005,4,381,-10,-2422,1881,-11249
alpha 0.0005,4,382,-10,-2432,1882,-11259
alpha 0.0005,4,383,-10,-2442,1883,-11269
alpha 0.0005,4,384,-10,-2452,1884,-11279
alpha 0.0005,4,385,-10,-2462,1885,-11289
alpha 0.0005,4,386,-10,-2472,1886,-11299
alpha 0.0005,4,387,-10,-2482,1887,-11309
alpha 0.0005,4,388,-8,-2490,1888,-11317
alpha 0.0005,4,389,-8,-2498,1889,-11325
alpha 0.0005,4,390,-8,-2506,1890,-11333
alpha 0.0005,4,391,-8,-2514,1891,-11341
alpha 0.0005,4,392,-8,-2522,1892,-11349
alpha 0.0005,4,393,-8,-2530,1893,-11357
alpha 0.0005,4,394,-8,-2538,1894,-11365
alpha 0.0005,4,395,-8,-2546,1895,-11373
alpha 0.0005,4,396,-8,-2554,1896,-11381
alpha 0.0005,4,397,-8,-2562,1897,-11389
alpha 0.0005,4,398,-8,-2570,1898,-11397
alpha 0.0005,4,399,-8,-2578,1899,-11405
alpha 0.0005,4,400,-8,-2586,1900,-11413
alpha 0.0005,4,401,-7,-2593,1901,-11420
alpha 0.0005,4,402,-7,-2600,1902,-11427
alpha 0.0005,4,403,-7,-2607,1903,-11434
alpha 0.0005,4,404,-7,-2614,1904,-11441
alpha 0.0005,4,405,-7,-2621,1905,-11448
alpha 0.0005,4,406,-7,-2628,1906,-11455
alpha 0.0005,4,407,-7,-2635,1907,-11462
alpha 0.0005,4,408,-7,-2642,1908,-11469
alpha 0.0005,4,409,-7,-2649,1909,-11476
alpha 0.0005,4,410,-7,-2656,1910,-11483
alpha 0.0005,4,411,-6,-2662,1911,-11489
alpha 0.0005,4,412,-6,-2668,1912,-11495
alpha 0.0005,4,413,-6,-2674,1913,-11501
alpha 0.0005,4,414,-5,-2679,1914,-11506
alpha 0.0005,4,415,-5,-2684,1915,-11511
alpha 0.0005,4,416,-5,-2689,1916,-11516
alpha 0.0005,4,417,-5,-2694,1917,-11521
alpha 0.0005,4,418,-5,-2699,1918,-11526
alpha 0.0005,4,419,-5,-2704,1919,-11531
alpha 0.0005,4,420,-5,-2709,1920,-11536
alpha 0.0005,4,421,-5,-2714,1921,-11541
alpha 0.0005,4,422,-5,-2719,1922,-11546
alpha 0.0005,4,423,-5,-2724,1923,-11551
alpha 0.0005,4,424,-5,-2729,1924,-11556
alpha 0.0005,4,425,-6,-2735,1925,-11562
alpha 0.0005,4,426,-6,-2741,1926,-11568
alpha 0.0005,4,427,-7,-2748,1927,-11575
alpha 0.0005,4,428,-7,-2755,1928,-11582
alpha 0.0005,4,429,-7,-2762,1929,-11589
alpha 0.0005,4,430,-7,-2769,1930,-11596
alpha 0.0005,4,431,-7,-2776,1931,-11603
alpha 0.0005,4,432,-7,-2783,1932,-11610
alpha 0.0005,4,433,-7,-2790,1933,-11617
alpha 0.0005,4,434,-7,-2797,1934,-11624
alpha 0.0005,4,435,-7,-2804,1935,-11631
alpha 0.0005,4,436,-8,-2812,1936,-11639
alpha 0.0005,4,437,-8,-2820,1937,-11647
alpha 0.0005,4,438,-8,-2828,1938,-11655
alpha 0.0005,4,439,-8,-2836,1939,-11663
alpha 0.0005,4,440,-8,-2844,1940,-11671
alpha 0.0005,4,441,-8,-2852,1941,-11679
alpha 0.0005,4,442,-8,-2860,1942,-11687
alpha 0.0005,4,443,-8,-2868,1943,-11695
alpha 0.0005,4,444,-10,-2878,1944,-11705
alpha 0.0005,4,445,-10,-2888,1945,-11715
alpha 0.0005,4,446,-10,-2898,1946,-11725
alpha 0.0005,4,447,-10,-2908,1947,-11735
alpha 0.0005,4,448,-10,-2918,1948,-11745
alpha 0.0005,4,449,-10,-2928,1949,-11755
alpha 0.0005,4,450,-10,-2938,1950,-11765
alpha 0.0005,4,451,-10,-2948,1951,-11775
alpha 0.0005,4,452,-10,-2958,1952,-11785
alpha 0.0005,4,453,-10,-2968,1953,-11795
alpha 0.0005,4,454,-10,-2978,1954,-11805
alpha 0.0005,4,455,-10,-2988,1955,-11815
alpha 0.0005,4,456,-10,-2998,1956,-11825
alpha 0.0005,4,457,-10,-3008,1957,-11835
alpha 0.0005,4,458,-10,-3018,1958,-11845
alpha 0.0005,4,459,-10,-3028,1959,-11855
alpha 0.0005,4,460,-10,-3038,1960,-11865
alpha 0.0005,4,461,-10,-3048,1961,-11875
alpha 0.0005,4,462,-10,-3058,1962,-11885
alpha 0.0005,4,463,-10,-3068,1963,-11895
alpha 0.0005,4,464,-10,-3078,1964,-11905
alpha 0.0005,4,465,-10,-3088,1965,-11915
alpha 0.0005,4,466,-10,-3098,1966,-11925
alpha 0.0005,4,467,-10,-3108,1967,-11935
alpha 0.0005,4,468,-10,-3118,1968,-11945
alpha 0.0005,4,469,-10,-3128,1969,-11955
alpha 0.0005,4,470,-10,-3138,1970,-11965
alpha 0.0005,4,471,-10,-3148,1971,-11975
alpha 0.0005,4,472,-10,-3158,1972,-11985
alpha 0.0005,4,473,-10,-3168,1973,-11995
alpha 0.0005,4,474,-10,-3178,1974,-12005
alpha 0.0005,4,475,-10,-3188,1975,-12015
alpha 0.0005,4,476,-10,-3198,1976,-12025
alpha 0.0005,4,477,-10,-3208,1977,-12035
alpha 0.0005,4,478,-10,-3218,1978,-12045
alpha 0.0005,4,479,-10,-3228,1979,-12055
alpha 0.0005,4,480,-10,-3238,1980,-12065
alpha 0.0005,4,481,-10,-3248,1981,-12075
alpha 0.0005,4,482,-10,-3258,1982,-12085
alpha 0.0005,4,483,-10,-3268,1983,-12095
alpha 0.0005,4,484,-10,-3278,1984,-12105
alpha 0.0005,4,485,-10,-3288,1985,-12115
alpha 0.0005,4,486,-10,-3298,1986,-12125
alpha 0.0005,4,487,-10,-3308,1987,-12135
alpha 0.0005,4,488,-10,-3318,1988,-12145
alpha 0.0005,4,489,-10,-3328,1989,-12155
alpha 0.0005,4,490,-8,-3336,1990,-12163
alpha 0.0005,4,491,-8,-3344,1991,-12171
alpha 0.0005,4,492,-8,-3352,1992,-12179
alpha 0.0005,4,493,-8,-3360,1993,-12187
alpha 0.0005,4,494,-8,-3368,1994,-12195
alpha 0.0005,4,495,-8,-3376,1995,-12203
alpha 0.0005,4,496,-8,-3384,1996,-12211
alpha 0.0005,4,497,-8,-3392,1997,-12219
alpha 0.0005,4,498,-8,-3400,1998,-12227
alpha 0.0005,4,499,-7,-3407,1999,-12234
alpha 0.0005,4,500,-7,-3414,2000,-12241
alpha 0.0005,5,1,2,2,2001,-12239
alpha 0.0005,5,2,1,3,2002,-12238
alpha 0.0005,5,3,-2,1,2003,-12240
alpha 0.0005,5,4,-4,-3,2004,-12244
alpha 0.0005,5,5,-8,-11,2005,-12252
alpha 0.0005,5,6,-10,-21,2006,-12262
alpha 0.0005,5,7,-10,-31,2007,-12272
alpha 0.0005,5,8,-10,-41,2008,-12282
alpha 0.0005,5,9,-10,-51,2009,-12292
alpha 0.0005,5,10,-10,-61,2010,-12302
alpha 0.0005,5,11,-10,-71,2011,-12312
alpha 0.0005,5,12,-10,-81,2012,-12322
alpha 0.0005,5,13,-10,-91,2013,-12332
alpha 0.0005,5,14,-10,-101,2014,-12342
alpha 0.0005,5,15,-10,-111,2015,-12352
alpha 0.0005,5,16,-10,-121,2016,-12362
alpha 0.0005,5,17,-10,-131,2017,-12372
alpha 0.0005,5,18,-10,-141,2018,-12382
alpha 0.0005,5,19,-10,-151,2019,-12392
alpha 0.0005,5,20,-10,-161,2020,-12402
alpha 0.0005,5,21,-10,-171,2021,-12412
alpha 0.0005,5,22,-10,-181,2022,-12422
alpha 0.0005,5,23,-10,-191,2023,-12432
alpha 0.0005,5,24,-10,-201,2024,-12442
alpha 0.0005,5,25,-10,-211,2025,-12452
alpha 0.0005,5,26,-10,-221,2026,-12462
alpha 0.0005,5,27,-10,-231,2027,-12472
alpha 0.0005,5,28,-10,-241,2028,-12482
alpha 0.0005,5,29,-10,-251,2029,-12492
alpha 0.0005,5,30,-10,-261,2030,-12502
alpha 0.0005,5,31,-10,-271,2031,-12512
alpha 0.0005,5,32,-10,-281,2032,-12522
alpha 0.0005,5,33,-10,-291,2033,-12532
alpha 0.0005,5,34,-10,-301,2034,-12542
alpha 0.0005,5,35,-10,-311,2035,-12552
alpha 0.0005,5,36,-10,-321,2036,-12562
alpha 0.0005,5,37,-10,-331,2037,-12572
alpha 0.0005,5,38,-10,-341,2038,-12582
alpha 0.0005,5,39,-10,-351,2039,-12592
alpha 0.0005,5,40,-10,-361,2040,-12602
alpha 0.0005,5,41,-10,-371,2041,-12612
alpha 0.0005,5,42,-10,-381,2042,-12622
alpha 0.0005,5,43,-10,-391,2043,-12632
alpha 0.0005,5,44,-10,-401,2044,-12642
alpha 0.0005,5,45,-10,-411,2045,-12652
alpha 0.0005,5,46,-10,-421,2046,-12662
alpha 0.0005,5,47,-10,-431,2047,-12672
alpha 0.0005,5,48,-10,-441,2048,-12682
alpha 0.0005,5,49,-10,-451,2049,-12692
alpha 0.0005,5,50,-10,-461,2050,-12702
alpha 0.0005,5,51,-8,-469,2051,-12710
alpha 0.0005,5,52,-8,-477,2052,-12718
alpha 0.0005,5,53,-6,-483,2053,-12724
alpha 0.0005,5,54,-6,-489,2054,-12730
alpha 0.0005,5,55,-6,-495,2055,-12736
alpha 0.0005,5,56,-6,-501,2056,-12742
alpha 0.0005,5,57,-4,-505,2057,-12746
alpha 0.0005,5,58,-2,-507,2058,-12748
alpha 0.0005,5,59,-2,-509,2059,-12750
alpha 0.0005,5,60,-3,-512,2060,-12753
alpha 0.0005,5,61,-3,-515,2061,-12756
alpha 0.0005,5,62,-3,-518,2062,-12759
alpha 0.0005,5,63,-3,-521,2063,-12762
alpha 0.0005,5,64,-2,-523,2064,-12764
alpha 0.0005,5,65,-2,-525,2065,-12766
alpha 0.0005,5,66,-2,-527,2066,-12768
alpha 0.0005,5,67,-2,-529,2067,-12770
alpha 0.0005,5,68,-2,-531,2068,-12772
alpha 0.0005,5,69,-3,-534,2069,-12775
alpha 0.0005,5,70,-3,-537,2070,-12778
alpha 0.0005,5,71,-3,-540,2071,-12781
alpha 0.0005,5,72,-3,-543,2072,-12784
alpha 0.0005,5,73,-4,-547,2073,-12788
alpha 0.0005,5,74,-4,-551,2074,-12792
alpha 0.0005,5,75,-4,-555,2075,-12796
alpha 0.0005,5,76,-4,-559,2076,-12800
alpha 0.0005,5,77,-4,-563,2077,-12804
alpha 0.0005,5,78,-4,-567,2078,-12808
alpha 0.0005,5,79,-4,-571,2079,-12812
alpha 0.0005,5,80,-4,-575,2080,-12816
alpha 0.0005,5,81,-4,-579,2081,-12820
alpha 0.0005,5,82,-4,-583,2082,-12824
alpha 0.0005,5,83,-4,-587,2083,-12828
alpha 0.0005,5,84,-4,-591,2084,-12832
alpha 0.0005,5,85,-4,-595,2085,-12836
alpha 0.0005,5,86,-5,-600,2086,-12841
alpha 0.0005,5,87,-5,-605,2087,-12846
alpha 0.0005,5,88,-5,-610,2088,-12851
alpha 0.0005,5,89,-5,-615,2089,-12856
alpha 0.0005,5,90,-5,-620,2090,-12861
alpha 0.0005,5,91,-5,-625,2091,-12866
alpha 0.0005,5,92,-5,-630,2092,-12871
alpha 0.0005,5,93,-5,-635,2093,-12876
alpha 0.0005,5,94,-5,-640,2094,-12881
alpha 0.0005,5,95,-7,-647,2095,-12888
alpha 0.0005,5,96,-7,-654,2096,-12895
alpha 0.0005,5,97,-8,-662,2097,-12903
alpha 0.0005,5,98,-8,-670,2098,-12911
alpha 0.0005,5,99,-8,-678,2099,-12919
alpha 0.0005,5,100,-8,-686,2100,-12927
alpha 0.0005,5,101,-8,-694,2101,-12935
alpha 0.0005,5,102,-8,-702,2102,-12943
alpha 0.0005,5,103,-8,-710,2103,-12951
alpha 0.0005,5,104,-8,-718,2104,-12959
alpha 0.0005,5,105,-8,-726,2105,-12967
alpha 0.0005,5,106,-10,-736,2106,-12977
alpha 0.0005,5,107,-10,-746,2107,-12987
alpha 0.0005,5,108,-10,-756,2108,-12997
alpha 0.0005,5,109,-10,-766,2109,-13007
alpha 0.0005,5,110,-10,-776,2110,-13017
alpha 0.0005,5,111,-10,-786,2111,-13027
alpha 0.0005,5,112,-10,-796,2112,-13037
alpha 0.0005,5,113,-10,-806,2113,-13047
alpha 0.0005,5,114,-10,-816,2114,-13057
alpha 0.0005,5,115,-10,-826,2115,-13067
alpha 0.0005,5,116,-10,-836,2116,-13077
alpha 0.0005,5,117,-10,-846,2117,-13087
alpha 0.0005,5,118,-10,-856,2118,-13097
alpha 0.0005,5,119,-10,-866,2119,-13107
alpha 0.0005,5,120,-10,-876,2120,-13117
alpha 0.0005,5,121,-10,-886,2121,-13127
alpha 0.0005,5,122,-10,-896,2122,-13137
alpha 0.0005,5,123,-10,-906,2123,-13147
alpha 0.0005,5,124,-10,-916,2124,-13157
alpha 0.0005,5,125,-10,-926,2125,-13167
alpha 0.0005,5,126,-10,-936,2126,-13177
alpha 0.0005,5,127,-10,-946,2127,-13187
alpha 0.0005,5,128,-10,-956,2128,-13197
alpha 0.0005,5,129,-10,-966,2129,-13207
alpha 0.0005,5,130,-10,-976,2130,-13217
alpha 0.0005,5,131,-10,-986,2131,-13227
alpha 0.0005,5,132,-10,-996,2132,-13237
alpha 0.0005,5,133,-10,-1006,2133,-13247
alpha 0.0005,5,134,-10,-1016,2134,-13257
alpha 0.0005,5,135,-10,-1026,2135,-13267
alpha 0.0005,5,136,-10,-1036,2136,-13277
alpha 0.0005,5,137,-10,-1046,2137,-13287
alpha 0.0005,5,138,-10,-1056,2138,-13297
alpha 0.0005,5,139,-10,-1066,2139,-13307
alpha 0.0005,5,140,-10,-1076,2140,-13317
alpha 0.0005,5,141,-10,-1086,2141,-13327
alpha 0.0005,5,142,-10,-1096,2142,-13337
alpha 0.0005,5,143,-10,-1106,2143,-13347
alpha 0.0005,5,144,-10,-1116,2144,-13357
alpha 0.0005,5,145,-10,-1126,2145,-13367
alpha 0.0005,5,146,-10,-1136,2146,-13377
alpha 0.0005,5,147,-10,-1146,2147,-13387
alpha 0.0005,5,148,-10,-1156,2148,-13397
alpha 0.0005,5,149,-10,-1166,2149,-13407
alpha 0.0005,5,150,-10,-1176,2150,-13417
alpha 0.0005,5,151,-10,-1186,2151,-13427
alpha 0.0005,5,152,-10,-1196,2152,-13437
alpha 0.0005,5,153,-10,-1206,2153,-13447
alpha 0.0005,5,154,-10,-1216,2154,-13457
alpha 0.0005,5,155,-10,-1226,2155,-13467
alpha 0.0005,5,156,-10,-1236,2156,-13477
alpha 0.0005,5,157,-10,-1246,2157,-13487
alpha 0.0005,5,158,-10,-1256,2158,-13497
alpha 0.0005,5,159,-8,-1264,2159,-13505
alpha 0.0005,5,160,-8,-1272,2160,-13513
alpha 0.0005,5,161,-8,-1280,2161,-13521
alpha 0.0005,5,162,-8,-1288,2162,-13529
alpha 0.0005,5,163,-8,-1296,2163,-13537
alpha 0.0005,5,164,-8,-1304,2164,-13545
alpha 0.0005,5,165,-8,-1312,2165,-13553
alpha 0.0005,5,166,-7,-1319,2166,-13560
alpha 0.0005,5,167,-7,-1326,2167,-13567
alpha 0.0005,5,168,-7,-1333,2168,-13574
alpha 0.0005,5,169,-7,-1340,2169,-13581
alpha 0.0005,5,170,-7,-1347,2170,-13588
alpha 0.0005,5,171,-7,-1354,2171,-13595
alpha 0.0005,5,172,-7,-1361,2172,-13602
alpha 0.0005,5,173,-7,-1368,2173,-13609
alpha 0.0005,5,174,-7,-1375,2174,-13616
alpha 0.0005,5,175,-7,-1382,2175,-13623
alpha 0.0005,5,176,-7,-1389,2176,-13630
alpha 0.0005,5,177,-6,-1395,2177,-13636
alpha 0.0005,5,178,-6,-1401,2178,-13642
alpha 0.0005,5,179,-6,-1407,2179,-13648
alpha 0.0005,5,180,-5,-1412,2180,-13653
alpha 0.0005,5,181,-5,-1417,2181,-13658
alpha 0.0005,5,182,-5,-1422,2182,-13663
alpha 0.0005,5,183,-5,-1427,2183,-13668
alpha 0.0005,5,184,-5,-1432,2184,-13673
alpha 0.0005,5,185,-5,-1437,2185,-13678
alpha 0.0005,5,186,-5,-1442,2186,-13683
alpha 0.0005,5,187,-5,-1447,2187,-13688
alpha 0.0005,5,188,-5,-1452,2188,-13693
alpha 0.0005,5,189,-5,-1457,2189,-13698
alpha 0.0005,5,190,-5,-1462,2190,-13703
alpha 0.0005,5,191,-5,-1467,2191,-13708
alpha 0.0005,5,192,-6,-1473,2192,-13714
alpha 0.0005,5,193,-6,-1479,2193,-13720
alpha 0.0005,5,194,-6,-1485,2194,-13726
alpha 0.0005,5,195,-7,-1492,2195,-13733
alpha 0.0005,5,196,-7,-1499,2196,-13740
alpha 0.0005,5,197,-7,-1506,2197,-13747
alpha 0.0005,5,198,-7,-1513,2198,-13754
alpha 0.0005,5,199,-7,-1520,2199,-13761
alpha 0.0005,5,200,-7,-1527,2200,-13768
alpha 0.0005,5,201,-7,-1534,2201,-13775
alpha 0.0005,5,202,-7,-1541,2202,-13782
alpha 0.0005,5,203,-7,-1548,2203,-13789
alpha 0.0005,5,204,-8,-1556,2204,-13797
alpha 0.0005,5,205,-8,-1564,2205,-13805
alpha 0.0005,5,206,-8,-1572,2206,-13813
alpha 0.0005,5,207,-8,-1580,2207,-13821
alpha 0.0005,5,208,-8,-1588,2208,-13829
alpha 0.0005,5,209,-8,-1596,2209,-13837
alpha 0.0005,5,210,-10,-1606,2210,-13847
alpha 0.0005,5,211,-10,-1616,2211,-13857
alpha 0.0005,5,212,-10,-1626,2212,-13867
alpha 0.0005,5,213,-10,-1636,2213,-13877
alpha 0.0005,5,214,-10,-1646,2214,-13887
alpha 0.0005,5,215,-10,-1656,2215,-13897
alpha 0.0005,5,216,-10,-1666,2216,-13907
alpha 0.0005,5,217,-10,-1676,2217,-13917
alpha 0.0005,5,218,-10,-1686,2218,-13927
alpha 0.0005,5,219,-10,-1696,2219,-13937
alpha 0.0005,5,220,-10,-1706,2220,-13947
alpha 0.0005,5,221,-10,-1716,2221,-13957
alpha 0.0005,5,222,-10,-1726,2222,-13967
alpha 0.0005,5,223,-10,-1736,2223,-13977
alpha 0.0005,5,224,-10,-1746,2224,-13987
alpha 0.0005,5,225,-10,-1756,2225,-13997
alpha 0.0005,5,226,-10,-1766,2226,-14007
alpha 0.0005,5,227,-10,-1776,2227,-14017
alpha 0.0005,5,228,-10,-1786,2228,-14027
alpha 0.0005,5,229,-10,-1796,2229,-14037
alpha 0.0005,5,230,-10,-1806,2230,-14047
alpha 0.0005,5,231,-10,-1816,2231,-14057
alpha 0.0005,5,232,-10,-1826,2232,-14067
alpha 0.0005,5,233,-10,-1836,2233,-14077
alpha 0.0005,5,234,-10,-1846,2234,-14087
alpha 0.0005,5,235,-10,-1856,2235,-14097
alpha 0.0005,5,236,-10,-1866,2236,-14107
alpha 0.0005,5,237,-10,-1876,2237,-14117
alpha 0.0005,5,238,-10,-1886,2238,-14127
alpha 0.0005,5,239,-10,-1896,2239,-14137
alpha 0.0005,5,240,-10,-1906,2240,-14147
alpha 0.0005,5,241,-10,-1916,2241,-14157
alpha 0.0005,5,242,-10,-1926,2242,-14167
alpha 0.0005,5,243,-10,-1936,2243,-14177
alpha 0.0005,5,244,-10,-1946,2244,-14187
alpha 0.0005,5,245,-10,-1956,2245,-14197
alpha 0.0005,5,246,-10,-1966,2246,-14207
alpha 0.0005,5,247,-10,-1976,2247,-14217
alpha 0.0005,5,248,-10,-1986,2248,-14227
alpha 0.0005,5,249,-10,-1996,2249,-14237
alpha 0.0005,5,250,-8,-2004,2250,-14245
alpha 0.0005,5,251,-8,-2012,2251,-14253
alpha 0.0005,5,252,-8,-2020,2252,-14261
alpha 0.0005,5,253,-7,-2027,2253,-14268
alpha 0.0005,5,254,-7,-2034,2254,-14275
alpha 0.0005,5,255,-7,-2041,2255,-14282
alpha 0.0005,5,256,-5,-2046,2256,-14287
alpha 0.0005,5,257,-5,-2051,2257,-14292
alpha 0.0005,5,258,-3,-2054,2258,-14295
alpha 0.0005,5,259,-4,-2058,2259,-14299
alpha 0.0005,5,260,-3,-2061,2260,-14302
alpha 0.0005,5,261,-4,-2065,2261,-14306
alpha 0.0005,5,262,-4,-2069,2262,-14310
alpha 0.0005,5,263,-4,-2073,2263,-14314
alpha 0.0005,5,264,-3,-2076,2264,-14317
alpha 0.0005,5,265,-3,-2079,2265,-14320
alpha 0.0005,5,266,-3,-2082,2266,-14323
alpha 0.0005,5,267,-2,-2084,2267,-14325
alpha 0.0005,5,268,-2,-2086,2268,-14327
alpha 0.0005,5,269,-2,-2088,2269,-14329
alpha 0.0005,5,270,-2,-2090,2270,-14331
alpha 0.0005,5,271,-3,-2093,2271,-14334
alpha 0.0005,5,272,-5,-2098,2272,-14339
alpha 0.0005,5,273,-5,-2103,2273,-14344
alpha 0.0005,5,274,-3,-2106,2274,-14347
alpha 0.0005,5,275,-3,-2109,2275,-14350
alpha 0.0005,5,276,-3,-2112,2276,-14353
alpha 0.0005,5,277,-5,-2117,2277,-14358
alpha 0.0005,5,278,-5,-2122,2278,-14363
alpha 0.0005,5,279,-5,-2127,2279,-14368
alpha 0.0005,5,280,-5,-2132,2280,-14373
alpha 0.0005,5,281,-5,-2137,2281,-14378
alpha 0.0005,5,282,-5,-2142,2282,-14383
alpha 0.0005,5,283,-5,-2147,2283,-14388
alpha 0.0005,5,284,-5,-2152,2284,-14393
alpha 0.0005,5,285,-5,-2157,2285,-14398
alpha 0.0005,5,286,-5,-2162,2286,-14403
alpha 0.0005,5,287,-5,-2167,2287,-14408
alpha 0.0005,5,288,-5,-2172,2288,-14413
alpha 0.0005,5,289,-5,-2177,2289,-14418
alpha 0.0005,5,290,-5,-2182,2290,-14423
alpha 0.0005,5,291,-5,-2187,2291,-14428
alpha 0.0005,5,292,-5,-2192,2292,-14433
alpha 0.0005,5,293,-5,-2197,2293,-14438
alpha 0.0005,5,294,-5,-2202,2294,-14443
alpha 0.0005,5,295,-5,-2207,2295,-14448
alpha 0.0005,5,296,-5,-2212,2296,-14453
alpha 0.0005,5,297,-5,-2217,2297,-14458
alpha 0.0005,5,298,-5,-2222,2298,-14463
alpha 0.0005,5,299,-5,-2227,2299,-14468
alpha 0.0005,5,300,-5,-2232,2300,-14473
alpha 0.0005,5,301,-5,-2237,2301,-14478
alpha 0.0005,5,302,-5,-2242,2302,-14483
alpha 0.0005,5,303,-5,-2247,2303,-14488
alpha 0.0005,5,304,-5,-2252,2304,-14493
alpha 0.0005,5,305,-5,-2257,2305,-14498
alpha 0.0005,5,306,-5,-2262,2306,-14503
alpha 0.0005,5,307,-5,-2267,2307,-14508
alpha 0.0005,5,308,-5,-2272,2308,-14513
alpha 0.0005,5,309,-5,-2277,2309,-14518
alpha 0.0005,5,310,-5,-2282,2310,-14523
alpha 0.0005,5,311,-5,-2287,2311,-14528
alpha 0.0005,5,312,-5,-2292,2312,-14533
alpha 0.0005,5,313,-5,-2297,2313,-14538
alpha 0.0005,5,314,-5,-2302,2314,-14543
alpha 0.0005,5,315,-3,-2305,2315,-14546
alpha 0.0005,5,316,-5,-2310,2316,-14551
alpha 0.0005,5,317,-4,-2314,2317,-14555
alpha 0.0005,5,318,-4,-2318,2318,-14559
alpha 0.0005,5,319,-4,-2322,2319,-14563
alpha 0.0005,5,320,-4,-2326,2320,-14567
alpha 0.0005,5,321,-4,-2330,2321,-14571
alpha 0.0005,5,322,-4,-2334,2322,-14575
alpha 0.0005,5,323,-4,-2338,2323,-14579
alpha 0.0005,5,324,-5,-2343,2324,-14584
alpha 0.0005,5,325,-5,-2348,2325,-14589
alpha 0.0005,5,326,-5,-2353,2326,-14594
alpha 0.0005,5,327,-5,-2358,2327,-14599
alpha 0.0005,5,328,-5,-2363,2328,-14604
alpha 0.0005,5,329,-5,-2368,2329,-14609
alpha 0.0005,5,330,-5,-2373,2330,-14614
alpha 0.0005,5,331,-5,-2378,2331,-14619
alpha 0.0005,5,332,-5,-2383,2332,-14624
alpha 0.0005,5,333,-5,-2388,2333,-14629
alpha 0.0005,5,334,-5,-2393,2334,-14634
alpha 0.0005,5,335,-5,-2398,2335,-14639
alpha 0.0005,5,336,-5,-2403,2336,-14644
alpha 0.0005,5,337,-5,-2408,2337,-14649
alpha 0.0005,5,338,-5,-2413,2338,-14654
alpha 0.0005,5,339,-5,-2418,2339,-14659
alpha 0.0005,5,340,-5,-2423,2340,-14664
alpha 0.0005,5,341,-5,-2428,2341,-14669
alpha 0.0005,5,342,-5,-2433,2342,-14674
alpha 0.0005,5,343,-5,-2438,2343,-14679
alpha 0.0005,5,344,-5,-2443,2344,-14684
alpha 0.0005,5,345,-5,-2448,2345,-14689
alpha 0.0005,5,346,-5,-2453,2346,-14694
alpha 0.0005,5,347,-7,-2460,2347,-14701
alpha 0.0005,5,348,-7,-2467,2348,-14708
alpha 0.0005,5,349,-7,-2474,2349,-14715
alpha 0.0005,5,350,-7,-2481,2350,-14722
alpha 0.0005,5,351,-7,-2488,2351,-14729
alpha 0.0005,5,352,-7,-2495,2352,-14736
alpha 0.0005,5,353,-7,-2502,2353,-14743
alpha 0.0005,5,354,-7,-2509,2354,-14750
alpha 0.0005,5,355,-7,-2516,2355,-14757
alpha 0.0005,5,356,-7,-2523,2356,-14764
alpha 0.0005,5,357,-7,-2530,2357,-14771
alpha 0.0005,5,358,-7,-2537,2358,-14778
alpha 0.0005,5,359,-7,-2544,2359,-14785
alpha 0.0005,5,360,-7,-2551,2360,-14792
alpha 0.0005,5,361,-7,-2558,2361,-14799
alpha 0.0005,5,362,-7,-2565,2362,-14806
alpha 0.0005,5,363,-8,-2573,2363,-14814
alpha 0.0005,5,364,-6,-2579,2364,-14820
alpha 0.0005,5,365,-6,-2585,2365,-14826
alpha 0.0005,5,366,-6,-2591,2366,-14832
alpha 0.0005,5,367,-6,-2597,2367,-14838
alpha 0.0005,5,368,-6,-2603,2368,-14844
alpha 0.0005,5,369,-8,-2611,2369,-14852
alpha 0.0005,5,370,-8,-2619,2370,-14860
alpha 0.0005,5,371,-8,-2627,2371,-14868
alpha 0.0005,5,372,-6,-2633,2372,-14874
alpha 0.0005,5,373,-6,-2639,2373,-14880
alpha 0.0005,5,374,-6,-2645,2374,-14886
alpha 0.0005,5,375,-6,-2651,2375,-14892
alpha 0.0005,5,376,-6,-2657,2376,-14898
alpha 0.0005,5,377,-6,-2663,2377,-14904
alpha 0.0005,5,378,-6,-2669,2378,-14910
alpha 0.0005,5,379,-6,-2675,2379,-14916
alpha 0.0005,5,380,-6,-2681,2380,-14922
alpha 0.0005,5,381,-8,-2689,2381,-14930
alpha 0.0005,5,382,-10,-2699,2382,-14940
alpha 0.0005,5,383,-10,-2709,2383,-14950
alpha 0.0005,5,384,-10,-2719,2384,-14960
alpha 0.0005,5,385,-10,-2729,2385,-14970
alpha 0.0005,5,386,-10,-2739,2386,-14980
alpha 0.0005,5,387,-10,-2749,2387,-14990
alpha 0.0005,5,388,-10,-2759,2388,-15000
alpha 0.0005,5,389,-10,-2769,2389,-15010
alpha 0.0005,5,390,-10,-2779,2390,-15020
alpha 0.0005,5,391,-10,-2789,2391,-15030
alpha 0.0005,5,392,-10,-2799,2392,-15040
alpha 0.0005,5,393,-10,-2809,2393,-15050
alpha 0.0005,5,394,-10,-2819,2394,-15060
alpha 0.0005,5,395,-10,-2829,2395,-15070
alpha 0.0005,5,396,-10,-2839,2396,-15080
alpha 0.0005,5,397,-10,-2849,2397,-15090
alpha 0.0005,5,398,-10,-2859,2398,-15100
alpha 0.0005,5,399,-10,-2869,2399,-15110
alpha 0.0005,5,400,-10,-2879,2400,-15120
alpha 0.0005,5,401,-10,-2889,2401,-15130
alpha 0.0005,5,402,-10,-2899,2402,-15140
alpha 0.0005,5,403,-10,-2909,2403,-15150
alpha 0.0005,5,404,-10,-2919,2404,-15160
alpha 0.0005,5,405,-10,-2929,2405,-15170
alpha 0.0005,5,406,-10,-2939,2406,-15180
alpha 0.0005,5,407,-8,-2947,2407,-15188
alpha 0.0005,5,408,-8,-2955,2408,-15196
alpha 0.0005,5,409,-8,-2963,2409,-15204
alpha 0.0005,5,410,-8,-2971,2410,-15212
alpha 0.0005,5,411,-8,-2979,2411,-15220
alpha 0.0005,5,412,-8,-2987,2412,-15228
alpha 0.0005,5,413,-8,-2995,2413,-15236
alpha 0.0005,5,414,-8,-3003,2414,-15244
alpha 0.0005,5,415,-8,-3011,2415,-15252
alpha 0.0005,5,416,-8,-3019,2416,-15260
alpha 0.0005,5,417,-8,-3027,2417,-15268
alpha 0.0005,5,418,-8,-3035,2418,-15276
alpha 0.0005,5,419,-8,-3043,2419,-15284
alpha 0.0005,5,420,-8,-3051,2420,-15292
alpha 0.0005,5,421,-8,-3059,2421,-15300
alpha 0.0005,5,422,-7,-3066,2422,-15307
alpha 0.0005,5,423,-7,-3073,2423,-15314
alpha 0.0005,5,424,-7,-3080,2424,-15321
alpha 0.0005,5,425,-7,-3087,2425,-15328
alpha 0.0005,5,426,-7,-3094,2426,-15335
alpha 0.0005,5,427,-7,-3101,2427,-15342
alpha 0.0005,5,428,-7,-3108,2428,-15349
alpha 0.0005,5,429,-7,-3115,2429,-15356
alpha 0.0005,5,430,-7,-3122,2430,-15363
alpha 0.0005,5,431,-7,-3129,2431,-15370
alpha 0.0005,5,432,-7,-3136,2432,-15377
alpha 0.0005,5,433,-7,-3143,2433,-15384
alpha 0.0005,5,434,-7,-3150,2434,-15391
alpha 0.0005,5,435,-7,-3157,2435,-15398
alpha 0.0005,5,436,-7,-3164,2436,-15405
alpha 0.0005,5,437,-7,-3171,2437,-15412
alpha 0.0005,5,438,-7,-3178,2438,-15419
alpha 0.0005,5,439,-6,-3184,2439,-15425
alpha 0.0005,5,440,-6,-3190,2440,-15431
alpha 0.0005,5,441,-6,-3196,2441,-15437
alpha 0.0005,5,442,-5,-3201,2442,-15442
alpha 0.0005,5,443,-5,-3206,2443,-15447
alpha 0.0005,5,444,-5,-3211,2444,-15452
alpha 0.0005,5,445,-5,-3216,2445,-15457
alpha 0.0005,5,446,-5,-3221,2446,-15462
alpha 0.0005,5,447,-5,-3226,2447,-15467
alpha 0.0005,5,448,-5,-3231,2448,-15472
alpha 0.0005,5,449,-5,-3236,2449,-15477
alpha 0.0005,5,450,-5,-3241,2450,-15482
alpha 0.0005,5,451,-5,-3246,2451,-15487
alpha 0.0005,5,452,-5,-3251,2452,-15492
alpha 0.0005,5,453,-5,-3256,2453,-15497
alpha 0.0005,5,454,-5,-3261,2454,-15502
alpha 0.0005,5,455,-5,-3266,2455,-15507
alpha 0.0005,5,456,-5,-3271,2456,-15512
alpha 0.0005,5,457,-6,-3277,2457,-15518
alpha 0.0005,5,458,-6,-3283,2458,-15524
alpha 0.0005,5,459,-6,-3289,2459,-15530
alpha 0.0005,5,460,-6,-3295,2460,-15536
alpha 0.0005,5,461,-7,-3302,2461,-15543
alpha 0.0005,5,462,-7,-3309,2462,-15550
alpha 0.0005,5,463,-7,-3316,2463,-15557
alpha 0.0005,5,464,-7,-3323,2464,-15564
alpha 0.0005,5,465,-7,-3330,2465,-15571
alpha 0.0005,5,466,-7,-3337,2466,-15578
alpha 0.0005,5,467,-7,-3344,2467,-15585
alpha 0.0005,5,468,-7,-3351,2468,-15592
alpha 0.0005,5,469,-7,-3358,2469,-15599
alpha 0.0005,5,470,-7,-3365,2470,-15606
alpha 0.0005,5,471,-7,-3372,2471,-15613
alpha 0.0005,5,472,-7,-3379,2472,-15620
alpha 0.0005,5,473,-8,-3387,2473,-15628
alpha 0.0005,5,474,-8,-3395,2474,-15636
alpha 0.0005,5,475,-8,-3403,2475,-15644
alpha 0.0005,5,476,-8,-3411,2476,-15652
alpha 0.0005,5,477,-8,-3419,2477,-15660
alpha 0.0005,5,478,-8,-3427,2478,-15668
alpha 0.0005,5,479,-8,-3435,2479,-15676
alpha 0.0005,5,480,-8,-3443,2480,-15684
alpha 0.0005,5,481,-8,-3451,2481,-15692
alpha 0.0005,5,482,-8,-3459,2482,-15700
alpha 0.0005,5,483,-8,-3467,2483,-15708
alpha 0.0005,5,484,-10,-3477,2484,-15718
alpha 0.0005,5,485,-10,-3487,2485,-15728
alpha 0.0005,5,486,-10,-3497,2486,-15738
alpha 0.0005,5,487,-10,-3507,2487,-15748
alpha 0.0005,5,488,-10,-3517,2488,-15758
alpha 0.0005,5,489,-10,-3527,2489,-15768
alpha 0.0005,5,490,-10,-3537,2490,-15778
alpha 0.0005,5,491,-10,-3547,2491,-15788
alpha 0.0005,5,492,-10,-3557,2492,-15798
alpha 0.0005,5,493,-10,-3567,2493,-15808
alpha 0.0005,5,494,-10,-3577,2494,-15818
alpha 0.0005,5,495,-10,-3587,2495,-15828
alpha 0.0005,5,496,-10,-3597,2496,-15838
alpha 0.0005,5,497,-10,-3607,2497,-15848
alpha 0.0005,5,498,-10,-3617,2498,-15858
alpha 0.0005,5,499,-10,-3627,2499,-15868
alpha 0.0005,5,500,-10,-3637,2500,-15878
